time_tag,density,speed,temperature
2025-12-29 17:06:00+00:00,3.91,399.5,77156
2025-12-29 17:07:00+00:00,3.81,398.9,75979
2025-12-29 17:08:00+00:00,1.85,386.4,53614
2025-12-29 17:09:00+00:00,3.78,393.5,63201
2025-12-29 17:10:00+00:00,3.81,393.6,63363
2025-12-29 17:11:00+00:00,3.00,395.1,70171
2025-12-29 17:12:00+00:00,2.26,386.5,56923
2025-12-29 17:13:00+00:00,4.07,395.8,76451
2025-12-29 17:14:00+00:00,4.87,400.4,85620
2025-12-29 17:15:00+00:00,4.42,402.4,87617
2025-12-29 17:16:00+00:00,3.40,395.4,74387
2025-12-29 17:17:00+00:00,2.45,388.9,62010
2025-12-29 17:19:00+00:00,4.15,401.6,83485
2025-12-29 17:20:00+00:00,4.15,401.6,83485
2025-12-29 17:25:00+00:00,3.10,390.9,47791
2025-12-29 17:26:00+00:00,3.10,390.9,47791
2025-12-29 17:27:00+00:00,3.61,399.1,53788
2025-12-29 17:28:00+00:00,2.30,392.8,71479
2025-12-29 17:29:00+00:00,2.67,395.3,82808
2025-12-29 17:30:00+00:00,2.95,397.0,85352
2025-12-29 17:31:00+00:00,2.65,399.3,87714
2025-12-29 17:32:00+00:00,2.54,397.8,84602
2025-12-29 17:33:00+00:00,2.56,397.6,86194
2025-12-29 17:34:00+00:00,2.71,399.3,91696
2025-12-29 17:35:00+00:00,2.79,398.6,91373
2025-12-29 17:36:00+00:00,2.97,397.8,87927
2025-12-29 17:37:00+00:00,3.51,395.3,77586
2025-12-29 17:38:00+00:00,3.27,394.4,71535
2025-12-29 17:39:00+00:00,3.30,394.3,71718
2025-12-29 17:40:00+00:00,3.85,394.1,75188
2025-12-29 17:41:00+00:00,3.47,394.6,69139
2025-12-29 17:42:00+00:00,3.46,394.6,69036
2025-12-29 17:43:00+00:00,3.58,393.9,68403
2025-12-29 17:44:00+00:00,2.51,388.8,63670
2025-12-29 17:45:00+00:00,3.16,393.8,73785
2025-12-29 17:46:00+00:00,3.53,396.3,78301
2025-12-29 17:47:00+00:00,3.92,400.4,90621
2025-12-29 17:48:00+00:00,4.00,395.5,79964
2025-12-29 17:49:00+00:00,4.76,420.6,401350
2025-12-29 17:50:00+00:00,5.24,457.6,847288
2025-12-29 17:51:00+00:00,4.30,438.8,650678
2025-12-29 17:52:00+00:00,3.56,395.1,83483
2025-12-29 17:53:00+00:00,3.61,393.3,81129
2025-12-29 17:54:00+00:00,3.28,392.8,77280
2025-12-29 17:55:00+00:00,3.32,392.8,77096
2025-12-29 17:56:00+00:00,4.11,392.7,73609
2025-12-29 17:57:00+00:00,4.11,,
2025-12-29 17:59:00+00:00,2.85,388.5,68618
2025-12-29 18:00:00+00:00,2.48,389.3,65644
2025-12-29 18:01:00+00:00,2.92,393.1,66278
2025-12-29 18:02:00+00:00,3.14,394.5,66853
2025-12-29 18:03:00+00:00,3.37,393.1,66089
2025-12-29 18:04:00+00:00,2.50,388.9,64440
2025-12-29 18:05:00+00:00,1.69,384.9,62896
2025-12-29 18:07:00+00:00,4.78,393.4,41283
2025-12-29 18:08:00+00:00,4.16,390.8,44418
2025-12-29 18:09:00+00:00,2.30,382.9,53824
2025-12-29 18:11:00+00:00,4.56,,
2025-12-29 18:12:00+00:00,4.56,399.6,99530
2025-12-29 18:13:00+00:00,3.82,388.0,63340
2025-12-29 18:14:00+00:00,3.81,387.8,62727
2025-12-29 18:15:00+00:00,3.23,385.4,53878
2025-12-29 18:16:00+00:00,2.89,391.2,146048
2025-12-29 18:17:00+00:00,3.69,389.7,91343
2025-12-29 18:18:00+00:00,4.05,388.4,59636
2025-12-29 18:19:00+00:00,3.91,393.4,77601
2025-12-29 18:20:00+00:00,3.00,385.7,63481
2025-12-29 18:21:00+00:00,3.27,381.7,41490
2025-12-29 18:22:00+00:00,4.20,383.8,27084
2025-12-29 18:23:00+00:00,3.55,379.8,19288
2025-12-29 18:24:00+00:00,3.78,380.2,24128
2025-12-29 18:25:00+00:00,4.05,384.9,50904
2025-12-29 18:26:00+00:00,4.23,384.6,50697
2025-12-29 18:27:00+00:00,4.27,384.6,50730
2025-12-29 18:28:00+00:00,5.07,385.0,51344
2025-12-29 18:29:00+00:00,3.79,385.2,55627
2025-12-29 18:30:00+00:00,3.76,385.2,55699
2025-12-29 18:31:00+00:00,4.06,384.5,49040
2025-12-29 18:32:00+00:00,4.85,388.6,60405
2025-12-29 18:33:00+00:00,4.70,389.4,98764
2025-12-29 18:34:00+00:00,4.35,388.4,109226
2025-12-29 18:35:00+00:00,3.44,388.8,121062
2025-12-29 18:36:00+00:00,2.56,384.8,92338
2025-12-29 18:37:00+00:00,3.62,384.8,59654
2025-12-29 18:38:00+00:00,5.28,390.1,63737
2025-12-29 18:39:00+00:00,5.01,395.0,86912
2025-12-29 18:40:00+00:00,4.58,392.8,80865
2025-12-29 18:41:00+00:00,3.27,386.3,62723
2025-12-29 18:43:00+00:00,4.24,,
2025-12-29 18:44:00+00:00,4.24,385.7,58758
2025-12-29 18:45:00+00:00,4.24,,
2025-12-29 18:47:00+00:00,3.44,382.9,50973
2025-12-29 18:48:00+00:00,3.47,380.7,45728
2025-12-29 18:49:00+00:00,4.62,386.6,57445
2025-12-29 18:50:00+00:00,5.08,389.2,62651
2025-12-29 18:51:00+00:00,2.70,384.2,69381
2025-12-29 18:52:00+00:00,2.39,381.6,58790
2025-12-29 18:53:00+00:00,3.61,384.5,54726
2025-12-29 18:54:00+00:00,5.47,391.0,61870
2025-12-29 18:55:00+00:00,6.10,393.9,79090
2025-12-29 18:56:00+00:00,5.78,391.4,70242
2025-12-29 18:57:00+00:00,4.83,384.0,43697
2025-12-29 18:58:00+00:00,,,
2025-12-29 18:59:00+00:00,,,
2025-12-29 19:00:00+00:00,,,
2025-12-29 19:01:00+00:00,4.11,382.3,41305
2025-12-29 19:02:00+00:00,4.11,382.3,41305
2025-12-29 19:04:00+00:00,2.46,375.3,37254
2025-12-29 19:05:00+00:00,3.12,379.7,45583
2025-12-29 19:06:00+00:00,3.38,381.5,48876
2025-12-29 19:07:00+00:00,2.47,381.6,43498
2025-12-29 19:08:00+00:00,3.22,380.9,33774
2025-12-29 19:09:00+00:00,5.31,387.9,67687
2025-12-29 19:10:00+00:00,6.32,393.1,88087
2025-12-29 19:11:00+00:00,5.07,385.5,36398
2025-12-29 19:12:00+00:00,4.97,384.2,36636
2025-12-29 19:13:00+00:00,5.65,385.3,36970
2025-12-29 19:14:00+00:00,5.63,386.6,37034
2025-12-29 19:15:00+00:00,5.64,386.8,37259
2025-12-29 19:16:00+00:00,6.01,389.9,41533
2025-12-29 19:17:00+00:00,5.97,385.6,36701
2025-12-29 19:18:00+00:00,5.96,385.5,36619
2025-12-29 19:19:00+00:00,5.74,386.1,35380
2025-12-29 19:20:00+00:00,5.21,384.8,36371
2025-12-29 19:21:00+00:00,5.06,384.4,36646
2025-12-29 19:23:00+00:00,5.71,386.4,44592
2025-12-29 19:24:00+00:00,4.41,382.4,40922
2025-12-29 19:25:00+00:00,4.66,383.7,46470
2025-12-29 19:26:00+00:00,6.47,389.8,57447
2025-12-29 19:27:00+00:00,6.31,389.5,60558
2025-12-29 19:28:00+00:00,5.49,387.2,57427
2025-12-29 19:29:00+00:00,3.03,380.4,48032
2025-12-29 19:31:00+00:00,6.68,,
2025-12-29 19:32:00+00:00,6.68,388.8,58609
2025-12-29 19:33:00+00:00,5.15,384.6,54921
2025-12-29 19:34:00+00:00,5.13,384.6,54859
2025-12-29 19:35:00+00:00,3.80,381.0,31541
2025-12-29 19:36:00+00:00,3.80,381.0,31541
2025-12-29 19:37:00+00:00,5.41,382.1,32846
2025-12-29 19:38:00+00:00,5.41,382.1,32846
2025-12-29 19:39:00+00:00,6.87,390.5,52736
2025-12-29 19:40:00+00:00,4.63,384.1,49699
2025-12-29 19:41:00+00:00,3.46,382.4,52398
2025-12-29 19:42:00+00:00,4.86,386.6,49058
2025-12-29 19:43:00+00:00,5.23,385.4,36815
2025-12-29 19:44:00+00:00,4.22,383.5,43620
2025-12-29 19:45:00+00:00,1.69,374.0,37976
2025-12-29 19:46:00+00:00,4.71,382.7,45626
2025-12-29 19:47:00+00:00,4.66,382.6,44896
2025-12-29 19:48:00+00:00,3.64,379.3,31035
2025-12-29 19:49:00+00:00,4.95,382.2,46574
2025-12-29 19:50:00+00:00,4.97,382.3,46837
2025-12-29 19:51:00+00:00,4.52,383.1,53510
2025-12-29 19:52:00+00:00,5.29,383.6,51652
2025-12-29 19:53:00+00:00,4.76,383.2,54647
2025-12-29 19:54:00+00:00,4.98,382.9,51709
2025-12-29 19:55:00+00:00,4.80,384.2,60097
2025-12-29 19:56:00+00:00,3.47,379.6,54166
2025-12-29 19:57:00+00:00,3.95,381.1,53328
2025-12-29 19:58:00+00:00,5.68,389.2,67836
2025-12-29 19:59:00+00:00,4.75,392.3,73488
2025-12-29 20:00:00+00:00,4.55,389.2,64668
2025-12-29 20:01:00+00:00,3.93,379.9,38206
2025-12-29 20:03:00+00:00,6.79,,
2025-12-29 20:04:00+00:00,6.79,394.2,87084
2025-12-29 20:05:00+00:00,5.16,383.6,37888
2025-12-29 20:06:00+00:00,5.13,383.4,37054
2025-12-29 20:07:00+00:00,5.16,383.0,49268
2025-12-29 20:08:00+00:00,4.47,382.7,49899
2025-12-29 20:09:00+00:00,4.28,382.7,50074
2025-12-29 20:11:00+00:00,4.76,383.6,52417
2025-12-29 20:12:00+00:00,4.00,380.6,47053
2025-12-29 20:13:00+00:00,4.04,380.8,46715
2025-12-29 20:14:00+00:00,4.96,384.6,52436
2025-12-29 20:15:00+00:00,3.82,383.2,46668
2025-12-29 20:16:00+00:00,3.81,382.0,45617
2025-12-29 20:17:00+00:00,3.78,378.6,42464
2025-12-29 20:18:00+00:00,,,
2025-12-29 20:19:00+00:00,4.48,,
2025-12-29 20:20:00+00:00,4.48,384.7,69607
2025-12-29 20:21:00+00:00,4.61,379.8,39746
2025-12-29 20:22:00+00:00,4.61,379.8,39240
2025-12-29 20:23:00+00:00,4.94,382.5,50785
2025-12-29 20:24:00+00:00,4.42,381.4,52065
2025-12-29 20:25:00+00:00,4.96,382.2,51083
2025-12-29 20:26:00+00:00,4.64,381.8,55622
2025-12-29 20:27:00+00:00,4.70,400.7,327231
2025-12-29 20:28:00+00:00,4.64,396.5,277839
2025-12-29 20:29:00+00:00,4.46,382.3,58862
2025-12-29 20:30:00+00:00,4.69,384.6,62356
2025-12-29 20:31:00+00:00,4.79,385.8,84807
2025-12-29 20:32:00+00:00,4.36,388.2,125344
2025-12-29 20:33:00+00:00,3.34,378.5,50250
2025-12-29 20:35:00+00:00,6.49,,
2025-12-29 20:36:00+00:00,6.49,387.9,59898
2025-12-29 20:37:00+00:00,5.46,386.3,49657
2025-12-29 20:38:00+00:00,5.45,386.3,49483
2025-12-29 20:40:00+00:00,5.65,390.7,47206
2025-12-29 20:43:00+00:00,4.67,381.2,30516
2025-12-29 20:44:00+00:00,4.89,382.6,38196
2025-12-29 20:45:00+00:00,5.79,386.0,49440
2025-12-29 20:46:00+00:00,6.64,388.6,54401
2025-12-29 20:47:00+00:00,5.84,390.7,55667
2025-12-29 20:48:00+00:00,4.79,390.4,50075
2025-12-29 20:49:00+00:00,1.64,389.4,33298
2025-12-29 20:50:00+00:00,6.80,397.6,38371
2025-12-29 20:51:00+00:00,6.74,397.2,38129
2025-12-29 20:52:00+00:00,5.57,391.0,33532
2025-12-29 20:53:00+00:00,5.00,389.7,30389
2025-12-29 20:54:00+00:00,4.99,389.6,30336
2025-12-29 20:56:00+00:00,5.75,390.8,33131
2025-12-29 20:57:00+00:00,5.79,391.4,30514
2025-12-29 20:58:00+00:00,5.80,391.7,29479
2025-12-29 20:59:00+00:00,4.64,387.5,32247
2025-12-29 21:00:00+00:00,4.41,382.2,27965
2025-12-29 21:01:00+00:00,5.30,382.8,37233
2025-12-29 21:02:00+00:00,6.37,387.3,48407
2025-12-29 21:03:00+00:00,5.34,383.2,42285
2025-12-29 21:04:00+00:00,3.63,381.2,42862
2025-12-29 21:05:00+00:00,2.11,377.1,31636
2025-12-29 21:07:00+00:00,7.05,,
2025-12-29 21:08:00+00:00,7.05,406.9,71492
2025-12-29 21:09:00+00:00,5.13,387.3,35139
2025-12-29 21:10:00+00:00,5.10,387.0,34523
2025-12-29 21:12:00+00:00,6.09,393.9,52512
2025-12-29 21:16:00+00:00,1.42,380.3,34751
2025-12-29 21:17:00+00:00,3.06,384.9,31755
2025-12-29 21:18:00+00:00,5.06,390.6,28093
2025-12-29 21:19:00+00:00,4.22,390.2,34319
2025-12-29 21:20:00+00:00,3.71,387.1,32869
2025-12-29 21:21:00+00:00,2.19,377.5,28517
2025-12-29 21:23:00+00:00,7.02,,
2025-12-29 21:24:00+00:00,7.02,401.2,76451
2025-12-29 21:25:00+00:00,5.50,386.7,35383
2025-12-29 21:26:00+00:00,5.47,386.4,34687
2025-12-29 21:28:00+00:00,4.63,386.8,35646
2025-12-29 21:29:00+00:00,5.16,386.8,41870
2025-12-29 21:30:00+00:00,5.37,386.8,44330
2025-12-29 21:31:00+00:00,4.17,384.5,36633
2025-12-29 21:32:00+00:00,4.10,386.4,37258
2025-12-29 21:33:00+00:00,5.38,392.1,43859
2025-12-29 21:34:00+00:00,7.02,397.0,51211
2025-12-29 21:35:00+00:00,4.98,414.9,44669
2025-12-29 21:36:00+00:00,4.38,406.5,41543
2025-12-29 21:37:00+00:00,3.13,383.9,36793
2025-12-29 21:38:00+00:00,5.65,394.3,57409
2025-12-29 21:39:00+00:00,6.06,,
2025-12-29 21:40:00+00:00,6.06,392.5,59955
2025-12-29 21:41:00+00:00,5.09,380.2,40246
2025-12-29 21:42:00+00:00,5.07,380.0,39912
2025-12-29 21:44:00+00:00,5.64,389.0,49882
2025-12-29 21:45:00+00:00,5.24,386.7,55465
2025-12-29 21:46:00+00:00,5.08,385.8,57672
2025-12-29 21:47:00+00:00,5.29,383.7,59237
2025-12-29 21:48:00+00:00,5.29,383.7,59237
2025-12-29 21:49:00+00:00,3.19,376.7,39428
2025-12-29 21:50:00+00:00,3.19,376.7,39428
2025-12-29 21:51:00+00:00,4.76,384.9,46709
2025-12-29 21:52:00+00:00,4.34,384.4,46808
2025-12-29 21:53:00+00:00,3.73,384.9,49517
2025-12-29 21:54:00+00:00,6.65,393.0,60250
2025-12-29 21:55:00+00:00,6.69,,
2025-12-29 21:56:00+00:00,6.69,392.1,66662
2025-12-29 21:57:00+00:00,5.11,382.0,53641
2025-12-29 22:06:00+00:00,2.71,387.1,30624
2025-12-29 22:07:00+00:00,2.52,405.4,38652
2025-12-29 22:08:00+00:00,3.18,399.9,33660
2025-12-29 22:09:00+00:00,5.16,383.4,18684
2025-12-29 22:11:00+00:00,5.21,,
2025-12-29 22:12:00+00:00,5.21,393.6,44956
2025-12-29 22:13:00+00:00,5.31,389.7,39206
2025-12-29 22:14:00+00:00,5.31,389.7,39108
2025-12-29 22:16:00+00:00,6.99,401.7,69654
2025-12-29 22:17:00+00:00,5.86,390.2,50201
2025-12-29 22:18:00+00:00,5.42,385.7,42510
2025-12-29 22:19:00+00:00,5.24,385.4,49929
2025-12-29 22:20:00+00:00,5.02,385.7,47380
2025-12-29 22:21:00+00:00,4.80,386.0,44996
2025-12-29 22:23:00+00:00,3.72,382.3,44893
2025-12-29 22:24:00+00:00,4.17,382.8,46768
2025-12-29 22:25:00+00:00,5.53,384.6,52392
2025-12-29 22:27:00+00:00,5.31,,
2025-12-29 22:28:00+00:00,5.31,394.8,74508
2025-12-29 22:29:00+00:00,5.04,402.0,34259
2025-12-29 22:30:00+00:00,5.03,402.1,33577
2025-12-29 22:32:00+00:00,6.77,413.0,82846
2025-12-29 22:33:00+00:00,4.85,402.6,55805
2025-12-29 22:34:00+00:00,4.10,398.5,45114
2025-12-29 22:35:00+00:00,6.72,395.4,56488
2025-12-29 22:36:00+00:00,6.04,389.4,51432
2025-12-29 22:37:00+00:00,5.22,383.2,48525
2025-12-29 22:38:00+00:00,5.00,382.6,50754
2025-12-29 22:39:00+00:00,3.95,390.2,73888
2025-12-29 22:40:00+00:00,3.31,392.7,68768
2025-12-29 22:41:00+00:00,1.38,400.1,53407
2025-12-29 22:43:00+00:00,5.10,,
2025-12-29 22:44:00+00:00,5.10,396.8,83866
2025-12-29 22:45:00+00:00,4.52,388.7,55322
2025-12-29 22:46:00+00:00,4.51,388.6,54838
2025-12-29 22:48:00+00:00,7.61,397.0,108792
2025-12-29 22:49:00+00:00,5.83,391.8,61328
2025-12-29 22:50:00+00:00,5.13,389.8,42563
2025-12-29 22:51:00+00:00,4.59,403.9,32445
2025-12-29 22:52:00+00:00,5.47,394.3,33897
2025-12-29 22:53:00+00:00,6.28,385.3,35256
2025-12-29 22:55:00+00:00,2.04,386.3,44359
2025-12-29 22:56:00+00:00,2.75,385.1,48215
2025-12-29 22:57:00+00:00,4.90,381.5,59786
2025-12-29 22:59:00+00:00,2.22,,
2025-12-29 23:00:00+00:00,2.22,396.2,101665
2025-12-29 23:01:00+00:00,2.85,386.1,99400
2025-12-29 23:02:00+00:00,2.86,385.9,99362
2025-12-29 23:04:00+00:00,5.29,385.0,87549
2025-12-29 23:05:00+00:00,4.20,379.7,59480
2025-12-29 23:06:00+00:00,3.77,377.5,48383
2025-12-29 23:07:00+00:00,5.24,385.2,49866
2025-12-29 23:08:00+00:00,5.47,384.9,48471
2025-12-29 23:09:00+00:00,5.35,385.0,44758
2025-12-29 23:10:00+00:00,4.92,385.5,41816
2025-12-29 23:11:00+00:00,3.79,394.5,44478
2025-12-29 23:12:00+00:00,4.18,393.2,44619
2025-12-29 23:13:00+00:00,5.33,389.4,45044
2025-12-29 23:15:00+00:00,4.00,,
2025-12-29 23:16:00+00:00,4.00,390.2,47548
2025-12-29 23:17:00+00:00,5.80,392.1,42133
2025-12-29 23:18:00+00:00,5.83,392.1,42042
2025-12-29 23:20:00+00:00,4.93,404.6,25999
2025-12-29 23:21:00+00:00,5.23,390.9,37097
2025-12-29 23:22:00+00:00,5.34,385.4,41485
2025-12-29 23:24:00+00:00,4.34,398.9,31158
2025-12-29 23:25:00+00:00,4.34,398.9,31158
2025-12-29 23:28:00+00:00,5.62,393.2,34442
2025-12-29 23:29:00+00:00,5.62,393.2,34442
2025-12-29 23:31:00+00:00,4.25,,
2025-12-29 23:32:00+00:00,4.25,395.4,37931
2025-12-29 23:33:00+00:00,4.77,404.8,32274
2025-12-29 23:34:00+00:00,4.77,404.9,32178
2025-12-29 23:36:00+00:00,5.40,400.7,32010
2025-12-29 23:37:00+00:00,4.79,408.0,25789
2025-12-29 23:38:00+00:00,4.55,410.9,23329
2025-12-29 23:40:00+00:00,2.75,408.3,30444
2025-12-29 23:41:00+00:00,3.30,411.9,34383
2025-12-29 23:42:00+00:00,3.98,416.3,39199
2025-12-29 23:43:00+00:00,3.95,408.8,24100
2025-12-29 23:44:00+00:00,4.15,404.1,27587
2025-12-29 23:45:00+00:00,4.77,390.1,38047
2025-12-29 23:47:00+00:00,4.32,,
2025-12-29 23:48:00+00:00,4.32,389.3,45687
2025-12-29 23:49:00+00:00,5.32,395.5,45963
2025-12-29 23:50:00+00:00,5.33,395.6,45968
2025-12-29 23:52:00+00:00,3.52,404.3,44187
2025-12-29 23:53:00+00:00,3.36,399.6,40744
2025-12-29 23:54:00+00:00,3.29,397.7,39383
2025-12-29 23:56:00+00:00,3.25,396.4,58440
2025-12-29 23:57:00+00:00,3.71,391.5,55895
2025-12-29 23:58:00+00:00,4.28,385.4,52786
2025-12-29 23:59:00+00:00,4.24,398.4,47304
2025-12-30 00:00:00+00:00,4.24,398.4,47304
2025-12-30 00:03:00+00:00,4.11,,
2025-12-30 00:04:00+00:00,4.11,380.4,60221
2025-12-30 00:05:00+00:00,3.23,382.3,79811
2025-12-30 00:06:00+00:00,3.22,382.3,80143
2025-12-30 00:08:00+00:00,3.16,383.3,79757
2025-12-30 00:09:00+00:00,3.12,381.5,66230
2025-12-30 00:10:00+00:00,3.11,380.8,60882
2025-12-30 00:12:00+00:00,3.46,383.0,75651
2025-12-30 00:13:00+00:00,2.94,379.9,65635
2025-12-30 00:14:00+00:00,2.31,376.2,53394
2025-12-30 00:15:00+00:00,3.28,382.5,79685
2025-12-30 00:16:00+00:00,3.25,382.5,80382
2025-12-30 00:17:00+00:00,3.15,382.7,82473
2025-12-30 00:19:00+00:00,2.42,,
2025-12-30 00:20:00+00:00,2.42,384.0,92014
2025-12-30 00:21:00+00:00,2.04,392.9,97927
2025-12-30 00:22:00+00:00,2.03,393.1,98028
2025-12-30 00:24:00+00:00,1.60,394.6,112447
2025-12-30 00:25:00+00:00,1.84,387.8,80320
2025-12-30 00:26:00+00:00,1.93,385.1,67618
2025-12-30 00:28:00+00:00,1.71,394.7,114441
2025-12-30 00:29:00+00:00,1.61,389.9,90188
2025-12-30 00:30:00+00:00,1.50,384.1,60546
2025-12-30 00:31:00+00:00,1.74,395.5,111591
2025-12-30 00:32:00+00:00,1.78,394.4,111068
2025-12-30 00:33:00+00:00,1.90,391.3,109499
2025-12-30 00:35:00+00:00,1.85,,
2025-12-30 00:36:00+00:00,1.85,389.0,100044
2025-12-30 00:37:00+00:00,1.46,399.6,94949
2025-12-30 00:38:00+00:00,1.46,399.7,94863
2025-12-30 00:40:00+00:00,1.26,405.7,77353
2025-12-30 00:41:00+00:00,1.71,397.5,81131
2025-12-30 00:42:00+00:00,1.89,394.3,82624
2025-12-30 00:44:00+00:00,2.14,397.1,98854
2025-12-30 00:45:00+00:00,2.27,395.6,89935
2025-12-30 00:46:00+00:00,2.43,393.9,79034
2025-12-30 00:47:00+00:00,2.18,398.4,89867
2025-12-30 00:48:00+00:00,2.18,397.8,85164
2025-12-30 00:49:00+00:00,2.17,397.5,74928
2025-12-30 00:50:00+00:00,2.29,405.1,92182
2025-12-30 00:51:00+00:00,1.69,,
2025-12-30 00:52:00+00:00,1.69,403.4,82961
2025-12-30 00:53:00+00:00,1.67,403.8,81312
2025-12-30 00:54:00+00:00,1.67,403.8,81284
2025-12-30 00:56:00+00:00,2.13,386.9,80645
2025-12-30 00:57:00+00:00,1.67,397.8,83842
2025-12-30 00:58:00+00:00,1.48,402.2,85106
2025-12-30 01:00:00+00:00,1.81,399.9,98364
2025-12-30 01:01:00+00:00,1.76,396.1,86765
2025-12-30 01:02:00+00:00,1.70,391.5,72589
2025-12-30 01:03:00+00:00,1.71,406.5,90356
2025-12-30 01:04:00+00:00,1.80,404.6,93760
2025-12-30 01:05:00+00:00,2.06,398.9,103972
2025-12-30 01:07:00+00:00,2.38,,
2025-12-30 01:08:00+00:00,2.38,393.2,97789
2025-12-30 01:09:00+00:00,2.78,388.4,97098
2025-12-30 01:10:00+00:00,2.79,388.4,97086
2025-12-30 01:12:00+00:00,2.19,380.7,87599
2025-12-30 01:13:00+00:00,2.26,382.1,75726
2025-12-30 01:14:00+00:00,2.29,382.6,71031
2025-12-30 01:16:00+00:00,1.83,383.7,95638
2025-12-30 01:17:00+00:00,1.70,379.3,79368
2025-12-30 01:18:00+00:00,1.54,374.0,59482
2025-12-30 01:19:00+00:00,2.34,378.5,75288
2025-12-30 01:20:00+00:00,2.25,378.8,79208
2025-12-30 01:21:00+00:00,2.00,379.8,90965
2025-12-30 01:23:00+00:00,1.87,,
2025-12-30 01:24:00+00:00,1.87,382.2,72776
2025-12-30 01:25:00+00:00,2.09,381.0,92040
2025-12-30 01:26:00+00:00,2.09,381.0,92366
2025-12-30 01:28:00+00:00,2.12,379.9,69179
2025-12-30 01:29:00+00:00,2.19,380.1,59835
2025-12-30 01:30:00+00:00,2.22,380.2,56141
2025-12-30 01:32:00+00:00,2.29,379.6,76629
2025-12-30 01:33:00+00:00,1.81,378.7,68519
2025-12-30 01:34:00+00:00,1.21,377.7,58607
2025-12-30 01:35:00+00:00,1.04,395.5,127401
2025-12-30 01:36:00+00:00,1.13,393.8,121199
2025-12-30 01:37:00+00:00,1.42,388.9,102591
2025-12-30 01:41:00+00:00,1.88,394.7,88638
2025-12-30 01:42:00+00:00,1.88,394.7,88638
2025-12-30 01:44:00+00:00,1.50,398.3,101151
2025-12-30 01:45:00+00:00,1.28,402.7,116403
2025-12-30 01:46:00+00:00,1.20,404.5,122433
2025-12-30 01:48:00+00:00,1.20,409.7,84120
2025-12-30 01:49:00+00:00,1.32,403.2,87392
2025-12-30 01:50:00+00:00,1.47,395.1,91390
2025-12-30 01:51:00+00:00,1.95,392.2,93856
2025-12-30 01:52:00+00:00,1.96,394.6,93496
2025-12-30 01:53:00+00:00,2.01,402.9,92043
2025-12-30 01:54:00+00:00,1.98,407.7,90383
2025-12-30 01:55:00+00:00,2.30,,
2025-12-30 01:56:00+00:00,2.30,397.6,52150
2025-12-30 01:57:00+00:00,2.21,395.1,76812
2025-12-30 01:58:00+00:00,2.21,395.1,77230
2025-12-30 02:00:00+00:00,2.31,398.3,77034
2025-12-30 02:01:00+00:00,2.62,394.9,68534
2025-12-30 02:02:00+00:00,2.74,393.5,65173
2025-12-30 02:04:00+00:00,3.35,391.7,55506
2025-12-30 02:05:00+00:00,3.09,393.0,50606
2025-12-30 02:06:00+00:00,2.77,394.7,44617
2025-12-30 02:08:00+00:00,3.20,392.6,61903
2025-12-30 02:09:00+00:00,3.11,392.2,62980
2025-12-30 02:10:00+00:00,2.74,390.5,67779
2025-12-30 02:11:00+00:00,2.82,,
2025-12-30 02:12:00+00:00,2.82,391.8,67583
2025-12-30 02:13:00+00:00,2.82,,
2025-12-30 02:16:00+00:00,1.96,395.3,99394
2025-12-30 02:17:00+00:00,2.06,395.9,88683
2025-12-30 02:18:00+00:00,2.10,396.1,84449
2025-12-30 02:20:00+00:00,1.52,404.2,88559
2025-12-30 02:21:00+00:00,1.53,396.7,70910
2025-12-30 02:22:00+00:00,1.54,387.6,49338
2025-12-30 02:23:00+00:00,3.08,385.9,82053
2025-12-30 02:24:00+00:00,3.34,385.3,79996
2025-12-30 02:25:00+00:00,4.12,383.5,73824
2025-12-30 02:27:00+00:00,4.06,,
2025-12-30 02:28:00+00:00,4.06,383.6,66857
2025-12-30 02:29:00+00:00,4.58,382.8,65568
2025-12-30 02:30:00+00:00,4.59,382.8,65546
2025-12-30 02:32:00+00:00,4.19,382.0,66188
2025-12-30 02:33:00+00:00,4.55,382.9,53283
2025-12-30 02:34:00+00:00,4.69,383.3,48181
2025-12-30 02:36:00+00:00,2.30,390.0,85731
2025-12-30 02:37:00+00:00,2.55,388.4,77210
2025-12-30 02:38:00+00:00,2.85,386.6,66795
2025-12-30 02:39:00+00:00,2.81,389.3,79953
2025-12-30 02:40:00+00:00,2.77,389.7,78722
2025-12-30 02:41:00+00:00,2.64,391.0,75026
2025-12-30 02:43:00+00:00,2.80,,
2025-12-30 02:44:00+00:00,2.80,389.4,71031
2025-12-30 02:45:00+00:00,2.50,393.2,66901
2025-12-30 02:46:00+00:00,2.50,393.3,66831
2025-12-30 02:48:00+00:00,2.35,390.0,77501
2025-12-30 02:49:00+00:00,2.09,396.2,88069
2025-12-30 02:50:00+00:00,1.99,398.6,92248
2025-12-30 02:52:00+00:00,2.20,394.9,80227
2025-12-30 02:53:00+00:00,2.24,398.4,118987
2025-12-30 02:54:00+00:00,2.29,402.6,166360
2025-12-30 02:55:00+00:00,2.18,398.6,86727
2025-12-30 02:56:00+00:00,2.14,399.1,84277
2025-12-30 02:57:00+00:00,1.99,398.2,68411
2025-12-30 02:58:00+00:00,1.81,388.1,30476
2025-12-30 02:59:00+00:00,3.24,,
2025-12-30 03:00:00+00:00,3.24,390.2,72015
2025-12-30 03:01:00+00:00,2.70,391.1,75118
2025-12-30 03:02:00+00:00,2.69,391.1,75170
2025-12-30 03:04:00+00:00,2.68,389.7,67875
2025-12-30 03:05:00+00:00,2.90,389.1,82375
2025-12-30 03:06:00+00:00,2.98,388.8,88107
2025-12-30 03:08:00+00:00,2.76,388.3,73622
2025-12-30 03:09:00+00:00,2.67,388.8,75658
2025-12-30 03:10:00+00:00,2.55,389.4,78147
2025-12-30 03:12:00+00:00,2.54,390.6,72551
2025-12-30 03:13:00+00:00,2.37,387.3,64313
2025-12-30 03:14:00+00:00,1.59,372.5,27615
2025-12-30 03:15:00+00:00,3.30,,
2025-12-30 03:16:00+00:00,3.30,388.4,65491
2025-12-30 03:17:00+00:00,3.15,389.6,68061
2025-12-30 03:18:00+00:00,3.15,389.6,68104
2025-12-30 03:20:00+00:00,3.61,385.8,58540
2025-12-30 03:21:00+00:00,3.42,386.4,62511
2025-12-30 03:22:00+00:00,3.35,386.6,64081
2025-12-30 03:24:00+00:00,3.23,384.7,64493
2025-12-30 03:25:00+00:00,2.45,384.1,53585
2025-12-30 03:26:00+00:00,1.50,383.4,40253
2025-12-30 03:27:00+00:00,3.61,386.5,61633
2025-12-30 03:28:00+00:00,3.57,386.6,61503
2025-12-30 03:29:00+00:00,3.44,386.9,61114
2025-12-30 03:31:00+00:00,3.82,,
2025-12-30 03:32:00+00:00,3.82,386.2,57794
2025-12-30 03:33:00+00:00,3.55,385.3,60234
2025-12-30 03:34:00+00:00,3.55,385.2,60276
2025-12-30 03:36:00+00:00,4.78,382.7,51501
2025-12-30 03:37:00+00:00,2.91,395.2,48948
2025-12-30 03:38:00+00:00,2.17,400.2,47939
2025-12-30 03:40:00+00:00,2.61,397.7,50236
2025-12-30 03:41:00+00:00,2.57,397.5,50392
2025-12-30 03:42:00+00:00,2.52,397.3,50582
2025-12-30 03:43:00+00:00,2.38,398.0,52900
2025-12-30 03:44:00+00:00,2.21,399.3,53195
2025-12-30 03:45:00+00:00,1.61,398.5,47475
2025-12-30 03:46:00+00:00,1.23,377.0,18047
2025-12-30 03:47:00+00:00,3.73,,
2025-12-30 03:48:00+00:00,3.73,393.7,46853
2025-12-30 03:49:00+00:00,3.62,393.5,40037
2025-12-30 03:50:00+00:00,3.62,393.5,39921
2025-12-30 03:53:00+00:00,4.58,393.4,41368
2025-12-30 03:54:00+00:00,4.58,393.4,41368
2025-12-30 03:56:00+00:00,4.24,390.9,42261
2025-12-30 04:03:00+00:00,4.67,,
2025-12-30 04:04:00+00:00,4.67,389.6,42807
2025-12-30 04:05:00+00:00,4.77,396.7,67950
2025-12-30 04:06:00+00:00,4.77,396.8,68377
2025-12-30 04:08:00+00:00,3.39,389.3,49693
2025-12-30 04:09:00+00:00,3.39,389.3,49693
2025-12-30 04:12:00+00:00,4.11,392.2,40652
2025-12-30 04:13:00+00:00,4.11,392.2,40652
2025-12-30 04:16:00+00:00,1.63,396.0,74365
2025-12-30 04:17:00+00:00,1.63,396.0,74365
2025-12-30 04:19:00+00:00,1.82,,
2025-12-30 04:20:00+00:00,1.82,395.4,81275
2025-12-30 04:21:00+00:00,2.21,399.7,111253
2025-12-30 04:22:00+00:00,2.22,399.8,111761
2025-12-30 04:24:00+00:00,1.93,393.1,87421
2025-12-30 04:25:00+00:00,1.93,393.1,87421
2025-12-30 04:28:00+00:00,2.10,385.8,81451
2025-12-30 04:29:00+00:00,2.10,385.8,81451
2025-12-30 04:31:00+00:00,2.02,388.9,78496
2025-12-30 04:32:00+00:00,2.00,389.1,79066
2025-12-30 04:33:00+00:00,1.94,389.8,80778
2025-12-30 04:35:00+00:00,2.61,,
2025-12-30 04:36:00+00:00,2.61,393.7,84292
2025-12-30 04:37:00+00:00,2.70,395.7,85968
2025-12-30 04:38:00+00:00,2.70,395.7,85997
2025-12-30 04:40:00+00:00,2.67,393.3,86669
2025-12-30 04:41:00+00:00,2.80,395.2,86660
2025-12-30 04:42:00+00:00,2.85,396.0,86657
2025-12-30 04:44:00+00:00,3.00,390.4,77510
2025-12-30 04:45:00+00:00,3.00,390.4,77510
2025-12-30 04:47:00+00:00,2.55,400.7,72289
2025-12-30 04:48:00+00:00,2.41,401.4,73081
2025-12-30 04:49:00+00:00,1.97,403.2,75456
2025-12-30 04:51:00+00:00,2.95,,
2025-12-30 04:52:00+00:00,2.95,398.3,85134
2025-12-30 04:53:00+00:00,2.81,403.5,94031
2025-12-30 04:54:00+00:00,2.81,403.6,94182
2025-12-30 04:56:00+00:00,2.91,396.8,75583
2025-12-30 04:57:00+00:00,2.91,396.8,75583
2025-12-30 05:00:00+00:00,3.53,390.9,84618
2025-12-30 05:01:00+00:00,3.53,390.9,84618
2025-12-30 05:04:00+00:00,2.50,398.0,76895
2025-12-30 05:05:00+00:00,2.50,398.0,76895
2025-12-30 05:07:00+00:00,2.85,,
2025-12-30 05:08:00+00:00,2.85,395.8,81141
2025-12-30 05:09:00+00:00,2.86,397.7,98426
2025-12-30 05:10:00+00:00,2.86,397.8,98719
2025-12-30 05:12:00+00:00,3.05,394.8,74482
2025-12-30 05:13:00+00:00,3.05,394.8,74482
2025-12-30 05:16:00+00:00,2.87,393.1,65336
2025-12-30 05:17:00+00:00,2.87,393.1,65336
2025-12-30 05:20:00+00:00,2.81,394.5,70802
2025-12-30 05:21:00+00:00,2.81,394.5,70802
2025-12-30 05:23:00+00:00,2.69,,
2025-12-30 05:24:00+00:00,2.69,395.9,75083
2025-12-30 05:25:00+00:00,2.99,396.8,79190
2025-12-30 05:26:00+00:00,2.99,396.8,79260
2025-12-30 05:28:00+00:00,2.93,393.9,73614
2025-12-30 05:32:00+00:00,2.83,394.0,70616
2025-12-30 05:33:00+00:00,2.83,394.0,70616
2025-12-30 05:36:00+00:00,2.59,394.3,72064
2025-12-30 05:37:00+00:00,2.59,394.3,72064
2025-12-30 05:39:00+00:00,2.90,,
2025-12-30 05:40:00+00:00,2.90,391.8,76040
2025-12-30 05:41:00+00:00,3.02,400.3,99176
2025-12-30 05:42:00+00:00,3.03,400.4,99569
2025-12-30 05:44:00+00:00,2.41,397.0,87841
2025-12-30 05:45:00+00:00,2.41,397.0,87841
2025-12-30 05:48:00+00:00,3.30,383.4,56065
2025-12-30 05:49:00+00:00,3.30,383.4,56065
2025-12-30 05:52:00+00:00,2.17,398.0,75151
2025-12-30 05:53:00+00:00,2.17,398.0,75151
2025-12-30 05:55:00+00:00,2.22,,
2025-12-30 05:56:00+00:00,2.22,398.2,71107
2025-12-30 05:57:00+00:00,2.24,398.3,78839
2025-12-30 05:58:00+00:00,2.24,398.3,78971
2025-12-30 06:00:00+00:00,2.62,392.0,83873
2025-12-30 06:01:00+00:00,2.49,396.4,86015
2025-12-30 06:02:00+00:00,2.43,398.1,86862
2025-12-30 06:07:00+00:00,2.01,402.2,78504
2025-12-30 06:08:00+00:00,1.97,401.2,78921
2025-12-30 06:09:00+00:00,1.88,398.5,80172
2025-12-30 06:11:00+00:00,1.92,,
2025-12-30 06:12:00+00:00,1.92,403.2,71127
2025-12-30 06:13:00+00:00,1.91,398.7,83674
2025-12-30 06:14:00+00:00,1.91,398.6,83886
2025-12-30 06:16:00+00:00,2.18,397.8,78197
2025-12-30 06:17:00+00:00,2.08,395.8,77136
2025-12-30 06:18:00+00:00,2.04,395.0,76716
2025-12-30 06:20:00+00:00,2.17,395.7,90455
2025-12-30 06:21:00+00:00,2.17,395.7,90455
2025-12-30 06:24:00+00:00,2.78,390.3,67774
2025-12-30 06:25:00+00:00,2.78,390.3,67774
2025-12-30 06:27:00+00:00,2.33,,
2025-12-30 06:28:00+00:00,2.33,395.5,83848
2025-12-30 06:29:00+00:00,2.25,398.7,93885
2025-12-30 06:30:00+00:00,2.24,398.8,94055
2025-12-30 06:32:00+00:00,2.40,394.2,75190
2025-12-30 06:33:00+00:00,2.40,394.2,75190
2025-12-30 06:36:00+00:00,2.40,395.3,77727
2025-12-30 06:37:00+00:00,2.40,395.3,77727
2025-12-30 06:40:00+00:00,2.49,392.4,67336
2025-12-30 06:41:00+00:00,2.49,392.4,67336
2025-12-30 06:43:00+00:00,2.69,,
2025-12-30 06:44:00+00:00,2.69,388.3,64568
2025-12-30 06:45:00+00:00,2.57,387.5,53760
2025-12-30 06:46:00+00:00,2.56,387.5,53577
2025-12-30 06:48:00+00:00,2.83,389.6,63750
2025-12-30 06:49:00+00:00,2.83,389.6,63750
2025-12-30 06:52:00+00:00,2.30,393.8,71678
2025-12-30 06:53:00+00:00,2.30,393.8,71678
2025-12-30 06:56:00+00:00,2.32,395.9,63793
2025-12-30 06:57:00+00:00,2.32,395.9,63793
2025-12-30 07:01:00+00:00,2.05,393.6,74264
2025-12-30 07:02:00+00:00,2.05,393.6,74264
2025-12-30 07:04:00+00:00,2.31,395.1,50910
2025-12-30 07:05:00+00:00,2.40,396.8,57075
2025-12-30 07:06:00+00:00,2.44,397.4,59513
2025-12-30 07:08:00+00:00,2.37,395.1,62390
2025-12-30 07:09:00+00:00,2.37,395.1,62390
2025-12-30 07:12:00+00:00,2.36,393.0,62643
2025-12-30 07:13:00+00:00,2.36,393.0,62643
2025-12-30 07:15:00+00:00,2.28,,
2025-12-30 07:16:00+00:00,2.28,397.2,63569
2025-12-30 07:17:00+00:00,1.94,397.2,69699
2025-12-30 07:18:00+00:00,1.94,397.2,69803
2025-12-30 07:20:00+00:00,2.40,397.8,67299
2025-12-30 07:21:00+00:00,2.30,401.0,72542
2025-12-30 07:22:00+00:00,2.27,402.3,74615
2025-12-30 07:24:00+00:00,2.26,397.6,65929
2025-12-30 07:25:00+00:00,2.26,397.6,65929
2025-12-30 07:28:00+00:00,2.34,397.3,63893
2025-12-30 07:29:00+00:00,2.34,397.3,63893
2025-12-30 07:31:00+00:00,2.29,,
2025-12-30 07:32:00+00:00,2.29,396.0,76717
2025-12-30 07:33:00+00:00,2.13,396.1,66453
2025-12-30 07:34:00+00:00,2.12,396.1,66279
2025-12-30 07:36:00+00:00,2.36,397.6,76230
2025-12-30 07:37:00+00:00,2.40,399.9,80231
2025-12-30 07:38:00+00:00,2.41,400.8,81813
2025-12-30 08:21:00+00:00,2.73,380.2,78272
2025-12-30 08:22:00+00:00,2.73,380.2,78272
2025-12-30 08:24:00+00:00,2.64,384.5,82835
2025-12-30 08:25:00+00:00,2.35,383.6,82266
2025-12-30 08:26:00+00:00,2.23,383.3,82040
2025-12-30 08:28:00+00:00,3.33,382.8,67223
2025-12-30 08:29:00+00:00,3.16,381.9,63522
2025-12-30 08:30:00+00:00,2.94,380.8,59000
2025-12-30 08:32:00+00:00,3.69,383.5,58917
2025-12-30 08:33:00+00:00,3.69,383.5,58917
2025-12-30 08:37:00+00:00,3.86,384.4,47121
2025-12-30 08:38:00+00:00,3.86,384.4,47121
2025-12-30 08:40:00+00:00,4.02,388.0,49428
2025-12-30 08:41:00+00:00,3.81,387.5,45634
2025-12-30 08:42:00+00:00,3.73,387.2,44133
2025-12-30 08:44:00+00:00,3.78,383.4,52258
2025-12-30 08:45:00+00:00,3.71,384.8,54576
2025-12-30 08:46:00+00:00,3.64,386.5,57409
2025-12-30 08:48:00+00:00,4.19,383.8,47141
2025-12-30 08:49:00+00:00,4.19,383.8,47141
2025-12-30 08:53:00+00:00,4.14,385.2,40557
2025-12-30 08:54:00+00:00,4.14,385.2,40557
2025-12-30 08:56:00+00:00,4.60,386.1,53566
2025-12-30 08:57:00+00:00,4.28,384.5,49679
2025-12-30 08:58:00+00:00,4.15,383.8,48142
2025-12-30 09:00:00+00:00,4.16,384.9,41005
2025-12-30 09:01:00+00:00,4.10,385.9,45074
2025-12-30 09:02:00+00:00,4.03,387.0,50047
2025-12-30 09:04:00+00:00,3.18,390.6,96069
2025-12-30 09:05:00+00:00,3.18,390.6,96069
2025-12-30 09:09:00+00:00,2.66,386.2,87288
2025-12-30 09:10:00+00:00,2.66,386.2,87288
2025-12-30 09:12:00+00:00,2.86,385.8,93089
2025-12-30 09:13:00+00:00,2.85,384.4,88897
2025-12-30 09:14:00+00:00,2.84,383.8,87240
2025-12-30 09:16:00+00:00,2.34,380.3,63811
2025-12-30 09:17:00+00:00,2.71,384.9,84532
2025-12-30 09:18:00+00:00,3.16,390.4,109857
2025-12-30 09:20:00+00:00,3.57,382.0,48791
2025-12-30 09:21:00+00:00,3.57,382.0,48791
2025-12-30 09:25:00+00:00,3.83,381.6,44330
2025-12-30 09:26:00+00:00,3.83,381.6,44330
2025-12-30 09:28:00+00:00,1.90,393.7,54482
2025-12-30 09:29:00+00:00,1.90,393.7,54482
2025-12-30 09:31:00+00:00,4.03,416.8,61589
2025-12-30 09:32:00+00:00,3.05,420.6,71337
2025-12-30 09:33:00+00:00,2.13,424.1,80457
2025-12-30 09:35:00+00:00,2.93,413.5,104237
2025-12-30 09:36:00+00:00,2.93,413.5,104237
2025-12-30 09:39:00+00:00,3.00,,
2025-12-30 09:40:00+00:00,3.00,418.4,95577
2025-12-30 09:41:00+00:00,3.00,,
2025-12-30 09:43:00+00:00,3.14,409.9,94888
2025-12-30 09:44:00+00:00,2.30,419.5,79336
2025-12-30 09:45:00+00:00,2.07,422.2,75035
2025-12-30 09:47:00+00:00,4.22,406.0,87594
2025-12-30 09:48:00+00:00,3.20,417.6,78926
2025-12-30 09:49:00+00:00,2.24,428.5,70817
2025-12-30 09:51:00+00:00,2.95,413.2,78136
2025-12-30 13:17:00+00:00,6.83,403.0,67803
2025-12-30 13:18:00+00:00,6.91,403.2,68861
2025-12-30 13:19:00+00:00,7.12,403.8,71437
2025-12-30 13:20:00+00:00,6.55,404.0,74865
2025-12-30 13:21:00+00:00,4.02,405.3,79969
2025-12-30 13:22:00+00:00,2.25,415.9,84718
2025-12-30 13:23:00+00:00,2.75,423.4,86459
2025-12-30 13:24:00+00:00,2.76,423.2,83463
2025-12-30 13:25:00+00:00,2.53,419.3,88705
2025-12-30 13:26:00+00:00,2.82,421.4,86995
2025-12-30 13:27:00+00:00,2.55,417.3,81638
2025-12-30 13:28:00+00:00,2.67,416.0,96460
2025-12-30 13:29:00+00:00,3.01,419.9,106838
2025-12-30 13:30:00+00:00,2.56,417.9,91490
2025-12-30 13:31:00+00:00,2.32,413.6,80667
2025-12-30 13:32:00+00:00,2.32,419.8,84512
2025-12-30 13:33:00+00:00,2.30,426.7,89027
2025-12-30 13:34:00+00:00,3.39,421.9,79320
2025-12-30 13:35:00+00:00,3.36,423.6,82178
2025-12-30 13:36:00+00:00,3.31,427.0,87895
2025-12-30 13:37:00+00:00,3.49,420.0,79544
2025-12-30 13:38:00+00:00,3.49,420.0,79544
2025-12-30 13:39:00+00:00,3.41,418.6,65862
2025-12-30 13:40:00+00:00,3.41,418.6,65862
2025-12-30 13:42:00+00:00,2.72,419.0,75945
2025-12-30 13:43:00+00:00,1.80,396.1,33182
2025-12-30 13:44:00+00:00,1.69,401.3,37677
2025-12-30 13:45:00+00:00,2.27,418.0,79242
2025-12-30 13:48:00+00:00,2.19,388.9,28682
2025-12-30 13:49:00+00:00,2.54,401.6,63431
2025-12-30 13:50:00+00:00,3.00,416.6,104448
2025-12-30 13:51:00+00:00,3.34,418.7,91445
2025-12-30 13:52:00+00:00,3.85,421.4,61527
2025-12-30 13:54:00+00:00,,,
2025-12-30 13:55:00+00:00,,,
2025-12-30 13:57:00+00:00,3.32,422.1,92471
2025-12-30 13:58:00+00:00,2.40,417.7,89902
2025-12-30 13:59:00+00:00,2.03,396.8,50079
2025-12-30 14:00:00+00:00,2.55,420.8,116561
2025-12-30 14:01:00+00:00,2.68,427.2,107661
2025-12-30 14:02:00+00:00,2.97,424.5,104192
2025-12-30 14:03:00+00:00,2.95,419.2,78394
2025-12-30 14:04:00+00:00,3.00,421.4,87328
2025-12-30 14:05:00+00:00,3.03,422.9,112427
2025-12-30 14:06:00+00:00,2.68,414.1,87405
2025-12-30 14:07:00+00:00,2.33,405.4,49227
2025-12-30 14:08:00+00:00,2.63,419.8,79969
2025-12-30 14:09:00+00:00,2.60,419.9,78863
2025-12-30 14:10:00+00:00,2.51,420.0,73823
2025-12-30 14:11:00+00:00,3.23,414.7,66013
2025-12-30 14:12:00+00:00,10.95,355.3,12680
2025-12-30 14:13:00+00:00,2.83,422.4,122334
2025-12-30 14:14:00+00:00,2.62,417.3,77655
2025-12-30 14:31:00+00:00,,,
2025-12-30 14:32:00+00:00,4.05,425.0,98328
2025-12-30 14:33:00+00:00,4.05,425.0,98328
2025-12-30 14:36:00+00:00,3.73,424.1,112566
2025-12-30 14:37:00+00:00,3.73,424.1,112566
2025-12-30 14:38:00+00:00,3.40,411.6,88696
2025-12-30 14:39:00+00:00,3.71,414.5,132973
2025-12-30 14:40:00+00:00,4.28,417.9,189768
2025-12-30 14:41:00+00:00,4.15,411.4,102428
2025-12-30 14:42:00+00:00,2.42,398.4,54348
2025-12-30 14:43:00+00:00,2.47,400.0,66890
2025-12-30 14:44:00+00:00,3.11,422.5,242470
2025-12-30 14:45:00+00:00,20.55,383.7,148461
2025-12-30 14:46:00+00:00,7.84,362.8,41359
2025-12-30 14:47:00+00:00,5.53,484.0,1345128
2025-12-30 14:48:00+00:00,4.56,450.5,462873
2025-12-30 14:49:00+00:00,4.74,449.3,227603
2025-12-30 14:50:00+00:00,5.70,456.1,279555
2025-12-30 14:51:00+00:00,4.30,424.3,151040
2025-12-30 14:54:00+00:00,23.70,321.5,19905
2025-12-30 14:55:00+00:00,23.70,321.5,19905
2025-12-30 14:56:00+00:00,4.31,435.6,183789
2025-12-30 14:57:00+00:00,4.31,435.6,183789
2025-12-30 14:58:00+00:00,3.70,427.2,128703
2025-12-30 14:59:00+00:00,4.08,426.2,141899
2025-12-30 15:00:00+00:00,9.47,412.4,326655
2025-12-30 15:02:00+00:00,6.29,451.6,448282
2025-12-30 15:03:00+00:00,51.10,354.1,118165
2025-12-30 15:04:00+00:00,27.04,378.5,182450
2025-12-30 15:05:00+00:00,19.33,388.0,306170
2025-12-30 15:06:00+00:00,19.34,387.9,340699
2025-12-30 15:07:00+00:00,4.49,409.1,106372
2025-12-30 15:08:00+00:00,4.49,409.1,106372
2025-12-30 15:10:00+00:00,,,
2025-12-30 15:11:00+00:00,,325.8,19080
2025-12-30 15:12:00+00:00,,325.8,19080
2025-12-30 15:13:00+00:00,,,
2025-12-30 15:14:00+00:00,12.89,562.5,971255
2025-12-30 15:15:00+00:00,12.89,562.5,971255
2025-12-30 15:19:00+00:00,3.38,412.1,69128
2025-12-30 15:20:00+00:00,6.45,502.2,1431181
2025-12-30 15:21:00+00:00,5.88,446.3,544163
2025-12-30 15:22:00+00:00,5.39,417.8,97788
2025-12-30 15:23:00+00:00,3.77,397.3,40788
2025-12-30 15:24:00+00:00,4.17,404.9,60886
2025-12-30 15:25:00+00:00,5.06,415.8,91459
2025-12-30 15:26:00+00:00,5.68,420.6,106303
2025-12-30 15:29:00+00:00,12.33,405.7,109275
2025-12-30 15:30:00+00:00,38.79,393.3,290046
2025-12-30 15:31:00+00:00,4.43,430.4,285966
2025-12-30 15:32:00+00:00,5.89,420.6,95620
2025-12-30 15:33:00+00:00,121.44,338.0,
2025-12-30 15:35:00+00:00,7.44,424.5,182185
2025-12-30 15:36:00+00:00,7.44,424.5,182185
2025-12-30 15:37:00+00:00,6.92,431.3,97657
2025-12-30 15:38:00+00:00,6.37,431.9,91493
2025-12-30 15:39:00+00:00,62.78,373.6,73406
2025-12-30 15:40:00+00:00,50.02,381.9,84182
2025-12-30 15:41:00+00:00,5.80,423.3,102364
2025-12-30 15:42:00+00:00,5.21,424.1,115644
2025-12-30 15:43:00+00:00,5.21,424.1,115644
2025-12-30 15:45:00+00:00,6.08,418.0,102345
2025-12-30 15:46:00+00:00,6.09,417.8,99576
2025-12-30 15:47:00+00:00,6.28,416.7,85190
2025-12-30 15:48:00+00:00,7.25,425.7,135773
2025-12-30 15:50:00+00:00,15.82,403.8,197579
2025-12-30 15:51:00+00:00,15.82,403.8,197579
2025-12-30 15:52:00+00:00,6.44,423.8,111724
2025-12-30 15:53:00+00:00,6.44,423.8,111724
2025-12-30 15:54:00+00:00,6.89,427.1,129085
2025-12-30 15:55:00+00:00,6.89,427.1,129085
2025-12-30 15:56:00+00:00,10.29,460.7,322091
2025-12-30 15:57:00+00:00,10.06,467.1,629184
2025-12-30 15:58:00+00:00,8.19,450.2,625567
2025-12-30 16:03:00+00:00,5.93,412.5,86721
2025-12-30 16:04:00+00:00,5.97,418.1,110111
2025-12-30 16:05:00+00:00,6.27,415.1,102559
2025-12-30 16:06:00+00:00,5.02,415.0,95303
2025-12-30 16:07:00+00:00,5.43,410.8,67908
2025-12-30 16:08:00+00:00,5.39,415.2,91353
2025-12-30 16:09:00+00:00,6.07,420.7,113452
2025-12-30 16:10:00+00:00,5.54,417.5,105181
2025-12-30 16:11:00+00:00,5.37,416.6,103811
2025-12-30 16:12:00+00:00,5.61,416.5,102577
2025-12-30 16:13:00+00:00,5.73,415.9,98908
2025-12-30 16:14:00+00:00,5.74,415.6,101721
2025-12-30 16:15:00+00:00,5.47,409.5,92485
2025-12-30 16:16:00+00:00,5.32,403.6,85894
2025-12-30 16:17:00+00:00,6.26,417.7,135027
2025-12-30 16:18:00+00:00,6.60,419.5,124948
2025-12-30 16:19:00+00:00,4.92,408.5,78843
2025-12-30 16:20:00+00:00,5.56,406.8,73326
2025-12-30 16:21:00+00:00,5.38,415.9,95717
2025-12-30 16:22:00+00:00,6.24,421.9,134036
2025-12-30 16:23:00+00:00,4.70,409.9,81651
2025-12-30 16:24:00+00:00,6.30,425.1,137850
2025-12-30 16:25:00+00:00,6.77,429.4,154020
2025-12-30 16:26:00+00:00,6.63,427.3,138330
2025-12-30 16:27:00+00:00,4.20,407.7,81212
2025-12-30 16:28:00+00:00,2.97,397.5,49773
2025-12-30 16:29:00+00:00,4.71,411.1,89462
2025-12-30 16:30:00+00:00,6.21,421.9,121202
2025-12-30 16:31:00+00:00,5.40,412.0,91756
2025-12-30 16:32:00+00:00,4.07,397.3,53803
2025-12-30 16:33:00+00:00,5.73,409.7,108792
2025-12-30 16:34:00+00:00,5.69,411.0,115489
2025-12-30 16:35:00+00:00,5.45,419.8,156956
2025-12-30 16:36:00+00:00,4.92,424.3,128069
2025-12-30 16:37:00+00:00,5.86,422.2,124264
2025-12-30 16:38:00+00:00,6.80,424.4,134514
2025-12-30 16:39:00+00:00,3.84,395.4,44097
2025-12-30 16:40:00+00:00,5.08,413.9,84860
2025-12-30 16:41:00+00:00,5.45,413.4,83275
2025-12-30 16:42:00+00:00,6.06,416.6,99618
2025-12-30 16:43:00+00:00,4.33,401.0,62553
2025-12-30 16:44:00+00:00,4.75,409.9,120578
2025-12-30 16:45:00+00:00,5.82,421.4,145792
2025-12-30 16:46:00+00:00,5.18,415.7,87615
2025-12-30 16:47:00+00:00,4.30,409.4,71870
2025-12-30 16:48:00+00:00,3.33,398.0,53653
2025-12-30 16:49:00+00:00,4.95,419.8,117895
2025-12-30 16:50:00+00:00,5.21,419.9,119729
2025-12-30 16:51:00+00:00,4.24,405.8,64150
2025-12-30 16:52:00+00:00,4.49,412.6,83667
2025-12-30 16:53:00+00:00,4.83,427.1,109143
2025-12-30 16:54:00+00:00,5.13,425.5,128080
2025-12-30 16:55:00+00:00,3.13,399.9,57209
2025-12-30 16:56:00+00:00,4.01,419.3,120224
2025-12-30 16:57:00+00:00,4.31,425.2,138755
2025-12-30 16:58:00+00:00,4.92,426.5,139764
2025-12-30 16:59:00+00:00,3.75,402.2,73577
2025-12-30 17:00:00+00:00,3.98,405.2,110709
2025-12-30 17:01:00+00:00,5.29,424.7,202707
2025-12-30 17:02:00+00:00,5.11,419.9,173606
2025-12-30 17:03:00+00:00,3.92,402.5,78862
2025-12-30 17:04:00+00:00,4.00,400.3,84635
2025-12-30 17:05:00+00:00,5.36,425.3,184482
2025-12-30 17:06:00+00:00,4.59,394.2,49407
2025-12-30 17:07:00+00:00,4.65,395.7,52542
2025-12-30 17:08:00+00:00,5.39,416.8,96428
2025-12-30 17:09:00+00:00,10.72,422.0,87148
2025-12-30 17:10:00+00:00,12.35,438.0,115662
2025-12-30 17:11:00+00:00,4.85,396.7,39584
2025-12-30 17:12:00+00:00,4.83,392.0,52619
2025-12-30 17:13:00+00:00,5.58,405.4,88018
2025-12-30 17:14:00+00:00,5.86,411.9,108470
2025-12-30 17:15:00+00:00,4.80,393.0,65135
2025-12-30 17:16:00+00:00,4.53,406.0,106143
2025-12-30 17:17:00+00:00,5.22,423.9,150358
2025-12-30 17:18:00+00:00,5.40,419.8,135973
2025-12-30 17:19:00+00:00,4.61,410.1,109160
2025-12-30 17:20:00+00:00,3.93,394.1,61850
2025-12-30 17:21:00+00:00,5.54,416.3,143879
2025-12-30 17:22:00+00:00,5.96,413.8,121655
2025-12-30 17:23:00+00:00,4.36,401.2,68696
2025-12-30 17:24:00+00:00,4.61,398.4,64061
2025-12-30 17:25:00+00:00,4.77,413.3,123180
2025-12-30 17:26:00+00:00,5.63,416.6,129679
2025-12-30 17:27:00+00:00,3.91,399.7,70502
2025-12-30 17:28:00+00:00,4.77,408.2,101407
2025-12-30 17:29:00+00:00,4.90,407.4,102335
2025-12-30 17:30:00+00:00,5.32,412.7,108654
2025-12-30 17:31:00+00:00,4.34,399.2,64991
2025-12-30 17:32:00+00:00,5.33,411.2,87487
2025-12-30 17:33:00+00:00,6.85,430.0,127441
2025-12-30 17:34:00+00:00,5.39,416.3,91806
2025-12-30 17:35:00+00:00,3.73,397.1,48526
2025-12-30 17:36:00+00:00,4.72,401.1,64796
2025-12-30 17:37:00+00:00,4.94,418.7,130800
2025-12-30 17:38:00+00:00,5.14,416.2,137712
2025-12-30 17:39:00+00:00,3.97,388.6,39638
2025-12-30 17:40:00+00:00,3.97,388.6,39638
2025-12-30 17:42:00+00:00,5.73,430.1,168516
2025-12-30 17:43:00+00:00,4.50,400.1,72586
2025-12-30 17:44:00+00:00,5.62,417.8,139630
2025-12-30 17:45:00+00:00,5.75,418.5,131116
2025-12-30 17:46:00+00:00,5.66,419.8,125876
2025-12-30 17:47:00+00:00,4.36,402.8,75062
2025-12-30 17:48:00+00:00,3.29,392.0,45683
2025-12-30 17:49:00+00:00,4.03,405.6,83164
2025-12-30 17:50:00+00:00,5.33,419.1,112312
2025-12-30 17:51:00+00:00,5.15,410.0,79066
2025-12-30 17:52:00+00:00,4.37,400.5,57237
2025-12-30 17:53:00+00:00,5.13,420.7,113938
2025-12-30 17:54:00+00:00,4.69,414.1,91529
2025-12-30 17:55:00+00:00,4.37,408.0,70840
2025-12-30 17:56:00+00:00,4.59,400.9,55554
2025-12-30 17:57:00+00:00,4.81,414.2,98377
2025-12-30 17:58:00+00:00,5.52,418.2,105916
2025-12-30 17:59:00+00:00,3.49,400.2,54191
2025-12-30 18:00:00+00:00,4.34,411.4,83997
2025-12-30 18:01:00+00:00,5.26,419.1,100172
2025-12-30 18:02:00+00:00,4.68,417.6,95822
2025-12-30 18:03:00+00:00,3.54,396.4,53629
2025-12-30 18:04:00+00:00,3.52,404.7,99427
2025-12-30 18:05:00+00:00,3.95,417.2,123395
2025-12-30 18:06:00+00:00,4.43,412.5,90442
2025-12-30 18:07:00+00:00,4.19,405.7,82397
2025-12-30 18:08:00+00:00,2.99,393.6,56667
2025-12-30 18:09:00+00:00,4.83,415.9,122029
2025-12-30 18:10:00+00:00,4.55,413.4,109064
2025-12-30 18:11:00+00:00,3.11,401.0,63641
2025-12-30 18:14:00+00:00,4.37,421.3,150108
2025-12-30 18:15:00+00:00,3.64,398.9,71325
2025-12-30 18:16:00+00:00,3.79,405.1,90692
2025-12-30 18:17:00+00:00,3.86,407.5,98563
2025-12-30 18:18:00+00:00,4.93,419.0,144614
2025-12-30 18:19:00+00:00,3.34,396.6,74559
2025-12-30 18:20:00+00:00,3.42,399.3,94837
2025-12-30 18:21:00+00:00,4.31,410.2,125557
2025-12-30 18:22:00+00:00,4.26,407.6,100612
2025-12-30 18:23:00+00:00,3.79,400.9,84560
2025-12-30 18:24:00+00:00,3.23,389.8,63710
2025-12-30 18:25:00+00:00,4.97,416.2,143360
2025-12-30 18:26:00+00:00,4.78,409.1,106118
2025-12-30 18:27:00+00:00,3.97,402.8,80827
2025-12-30 18:28:00+00:00,3.91,387.8,43839
2025-12-30 18:29:00+00:00,4.66,415.0,145025
2025-12-30 18:30:00+00:00,5.23,422.5,179346
2025-12-30 18:31:00+00:00,3.31,394.1,69876
2025-12-30 18:32:00+00:00,2.69,389.3,41484
2025-12-30 18:33:00+00:00,3.66,408.4,110683
2025-12-30 18:34:00+00:00,3.86,412.2,115694
2025-12-30 18:35:00+00:00,2.51,393.3,61360
2025-12-30 18:36:00+00:00,2.68,397.6,75912
2025-12-30 18:37:00+00:00,3.55,408.9,95882
2025-12-30 18:38:00+00:00,3.79,409.3,83550
2025-12-30 18:39:00+00:00,3.91,402.7,72416
2025-12-30 18:40:00+00:00,3.63,388.8,48879
2025-12-30 18:41:00+00:00,4.49,415.4,121495
2025-12-30 18:42:00+00:00,4.64,420.9,134513
2025-12-30 18:43:00+00:00,3.84,405.0,73997
2025-12-30 18:44:00+00:00,4.11,385.4,31385
2025-12-30 18:46:00+00:00,3.68,410.9,86604
2025-12-30 18:47:00+00:00,4.01,417.8,115121
2025-12-30 18:48:00+00:00,4.51,401.6,66248
2025-12-30 18:49:00+00:00,4.44,413.2,122327
2025-12-30 18:50:00+00:00,4.79,417.3,121179
2025-12-30 18:51:00+00:00,3.96,398.7,61229
2025-12-30 18:52:00+00:00,4.10,400.3,87773
2025-12-30 18:53:00+00:00,4.29,408.8,110273
2025-12-30 18:54:00+00:00,3.93,408.3,87715
2025-12-30 18:55:00+00:00,3.64,404.2,78748
2025-12-30 18:56:00+00:00,2.90,395.6,60598
2025-12-30 18:57:00+00:00,4.66,417.8,131239
2025-12-30 18:58:00+00:00,4.54,410.5,98732
2025-12-30 18:59:00+00:00,3.43,396.8,59802
2025-12-30 19:00:00+00:00,3.59,390.9,44968
2025-12-30 19:01:00+00:00,4.03,402.2,74317
2025-12-30 19:02:00+00:00,4.73,409.1,95816
2025-12-30 19:03:00+00:00,3.68,396.8,58092
2025-12-30 19:04:00+00:00,4.12,397.3,62808
2025-12-30 19:05:00+00:00,4.28,403.3,63319
2025-12-30 19:06:00+00:00,5.05,410.0,77520
2025-12-30 19:07:00+00:00,3.76,395.2,51096
2025-12-30 19:08:00+00:00,3.32,398.1,68777
2025-12-30 19:09:00+00:00,4.40,411.2,96273
2025-12-30 19:10:00+00:00,4.74,411.1,81713
2025-12-30 19:11:00+00:00,4.08,400.7,56127
2025-12-30 19:12:00+00:00,3.92,392.3,49511
2025-12-30 19:13:00+00:00,5.40,418.6,117046
2025-12-30 19:14:00+00:00,5.69,411.2,81519
2025-12-30 19:15:00+00:00,4.31,404.4,57872
2025-12-30 19:16:00+00:00,4.12,384.0,23793
2025-12-30 19:17:00+00:00,4.79,403.6,62037
2025-12-30 19:18:00+00:00,4.79,403.6,62037
2025-12-30 19:19:00+00:00,4.78,387.2,32727
2025-12-30 19:20:00+00:00,5.28,406.0,93501
2025-12-30 19:21:00+00:00,5.50,406.8,76627
2025-12-30 19:22:00+00:00,6.16,410.7,85236
2025-12-30 19:23:00+00:00,4.31,397.1,55446
2025-12-30 19:24:00+00:00,4.47,403.7,63342
2025-12-30 19:25:00+00:00,5.15,415.9,81716
2025-12-30 19:26:00+00:00,4.51,413.2,73413
2025-12-30 19:27:00+00:00,4.19,403.2,60292
2025-12-30 19:28:00+00:00,3.62,392.0,44783
2025-12-30 19:29:00+00:00,5.30,419.9,108401
2025-12-30 19:30:00+00:00,4.94,409.8,73764
2025-12-30 19:31:00+00:00,5.54,415.5,76008
2025-12-30 19:32:00+00:00,3.11,387.6,23115
2025-12-30 19:33:00+00:00,4.67,406.3,54047
2025-12-30 19:34:00+00:00,6.51,408.2,85245
2025-12-30 19:35:00+00:00,3.21,393.0,38874
2025-12-30 19:36:00+00:00,4.38,395.3,44639
2025-12-30 19:37:00+00:00,4.80,396.5,47950
2025-12-30 19:38:00+00:00,8.19,423.2,126455
2025-12-30 19:39:00+00:00,4.90,398.4,65959
2025-12-30 19:40:00+00:00,4.36,390.7,43531
2025-12-30 19:41:00+00:00,6.04,402.9,70205
2025-12-30 19:42:00+00:00,5.74,404.1,73110
2025-12-30 19:43:00+00:00,4.12,392.2,46911
2025-12-30 19:44:00+00:00,3.66,387.1,41884
2025-12-30 19:45:00+00:00,6.86,406.5,94774
2025-12-30 19:46:00+00:00,7.04,405.4,97598
2025-12-30 19:47:00+00:00,5.63,391.3,49841
2025-12-30 19:48:00+00:00,2.73,373.7,20471
2025-12-30 19:49:00+00:00,6.94,404.8,96116
2025-12-30 19:50:00+00:00,5.53,396.2,58647
2025-12-30 19:51:00+00:00,5.43,395.5,55971
2025-12-30 19:52:00+00:00,5.09,378.7,25865
2025-12-30 19:53:00+00:00,5.19,386.0,38149
2025-12-30 19:54:00+00:00,5.66,388.9,47105
2025-12-30 19:55:00+00:00,4.49,382.2,35802
2025-12-30 19:56:00+00:00,5.12,386.2,45229
2025-12-30 19:57:00+00:00,6.06,390.9,53926
2025-12-30 19:58:00+00:00,5.22,390.3,46321
2025-12-30 19:59:00+00:00,4.58,389.9,42643
2025-12-30 20:00:00+00:00,4.93,386.5,41695
2025-12-30 20:01:00+00:00,6.37,402.5,66789
2025-12-30 20:02:00+00:00,6.37,402.8,65154
2025-12-30 20:03:00+00:00,6.20,395.2,53860
2025-12-30 20:04:00+00:00,2.91,380.1,21949
2025-12-30 20:05:00+00:00,5.76,395.9,56348
2025-12-30 20:06:00+00:00,6.19,398.5,61246
2025-12-30 20:07:00+00:00,6.49,391.4,48984
2025-12-30 20:08:00+00:00,4.26,392.9,33596
2025-12-30 20:09:00+00:00,4.20,398.9,45385
2025-12-30 20:10:00+00:00,4.90,406.4,65621
2025-12-30 20:11:00+00:00,3.21,393.4,41445
2025-12-30 20:12:00+00:00,2.88,393.4,46577
2025-12-30 20:13:00+00:00,3.82,401.8,62994
2025-12-30 20:14:00+00:00,4.24,403.5,67298
2025-12-30 20:15:00+00:00,3.76,396.8,61873
2025-12-30 20:16:00+00:00,3.24,385.4,37068
2025-12-30 20:17:00+00:00,7.45,409.5,91175
2025-12-30 20:18:00+00:00,8.42,397.9,70889
2025-12-30 20:19:00+00:00,5.28,390.8,42178
2025-12-30 20:20:00+00:00,3.06,377.6,15899
2025-12-30 20:21:00+00:00,7.27,406.4,84487
2025-12-30 20:22:00+00:00,6.06,400.3,49497
2025-12-30 20:23:00+00:00,6.41,399.2,51264
2025-12-30 20:24:00+00:00,6.48,399.1,51920
2025-12-30 20:26:00+00:00,7.20,410.7,92926
2025-12-30 20:27:00+00:00,7.05,408.5,88958
2025-12-30 20:28:00+00:00,5.93,399.0,56837
2025-12-30 20:29:00+00:00,6.22,394.4,49576
2025-12-30 20:30:00+00:00,7.60,401.3,78205
2025-12-30 20:31:00+00:00,5.86,396.2,67115
2025-12-30 20:32:00+00:00,3.22,380.3,41206
2025-12-30 20:33:00+00:00,5.56,398.9,84019
2025-12-30 20:34:00+00:00,4.93,395.3,50820
2025-12-30 20:35:00+00:00,5.75,394.0,50929
2025-12-30 20:36:00+00:00,3.00,376.6,17619
2025-12-30 20:37:00+00:00,5.12,392.6,48436
2025-12-30 20:38:00+00:00,5.52,394.7,52419
2025-12-30 20:39:00+00:00,5.40,391.1,42867
2025-12-30 20:40:00+00:00,4.69,387.5,29621
2025-12-30 20:41:00+00:00,4.49,392.9,38765
2025-12-30 20:42:00+00:00,5.82,397.6,55991
2025-12-30 20:43:00+00:00,4.59,388.7,43287
2025-12-30 20:44:00+00:00,4.94,386.1,40891
2025-12-30 20:45:00+00:00,6.85,392.4,57310
2025-12-30 20:46:00+00:00,6.68,395.1,57996
2025-12-30 20:47:00+00:00,4.89,389.3,40251
2025-12-30 20:48:00+00:00,4.08,383.0,32932
2025-12-30 20:49:00+00:00,5.34,393.3,45227
2025-12-30 20:50:00+00:00,5.01,394.3,43082
2025-12-30 20:51:00+00:00,6.21,402.9,63429
2025-12-30 20:52:00+00:00,2.90,381.5,20234
2025-12-30 20:53:00+00:00,5.72,407.7,62696
2025-12-30 20:54:00+00:00,5.70,410.8,74703
2025-12-30 20:55:00+00:00,4.38,407.0,60366
2025-12-30 20:56:00+00:00,3.17,389.0,30122
2025-12-30 20:57:00+00:00,2.92,384.7,23145
2025-12-30 20:58:00+00:00,2.72,395.5,60228
2025-12-30 20:59:00+00:00,2.94,406.9,88122
2025-12-30 21:00:00+00:00,4.33,412.3,87856
2025-12-30 21:01:00+00:00,5.71,399.5,56600
2025-12-30 21:02:00+00:00,5.66,387.2,42788
2025-12-30 21:03:00+00:00,4.11,381.8,37252
2025-12-30 21:04:00+00:00,3.00,376.3,35250
2025-12-30 21:05:00+00:00,5.18,391.7,77201
2025-12-30 21:06:00+00:00,4.52,385.1,44070
2025-12-30 21:07:00+00:00,3.92,382.5,39008
2025-12-30 21:08:00+00:00,2.49,373.8,21140
2025-12-30 21:09:00+00:00,4.35,386.9,45122
2025-12-30 21:10:00+00:00,5.18,385.4,59440
2025-12-30 21:11:00+00:00,4.03,388.1,45243
2025-12-30 21:12:00+00:00,3.52,382.3,30173
2025-12-30 21:13:00+00:00,5.03,385.7,43530
2025-12-30 21:14:00+00:00,6.52,387.8,53351
2025-12-30 21:15:00+00:00,4.91,389.3,40006
2025-12-30 21:16:00+00:00,5.40,391.4,46534
2025-12-30 21:17:00+00:00,6.94,391.7,60365
2025-12-30 21:18:00+00:00,6.91,394.7,69692
2025-12-30 21:19:00+00:00,6.03,392.3,65145
2025-12-30 21:20:00+00:00,4.26,380.3,29782
2025-12-30 21:21:00+00:00,5.17,392.7,43681
2025-12-30 21:22:00+00:00,6.61,394.9,52037
2025-12-30 21:23:00+00:00,6.01,398.1,55136
2025-12-30 21:24:00+00:00,4.09,376.3,20632
2025-12-30 21:25:00+00:00,6.40,395.9,52716
2025-12-30 21:26:00+00:00,7.25,396.3,53642
2025-12-30 21:27:00+00:00,6.30,391.7,48234
2025-12-30 21:28:00+00:00,4.32,374.2,19428
2025-12-30 21:29:00+00:00,5.47,383.2,40027
2025-12-30 21:30:00+00:00,6.05,388.0,50060
2025-12-30 21:31:00+00:00,5.68,398.3,52514
2025-12-30 21:32:00+00:00,5.40,401.6,55556
2025-12-30 21:33:00+00:00,5.50,408.7,57719
2025-12-30 21:34:00+00:00,6.40,416.6,67040
2025-12-30 21:35:00+00:00,6.76,417.1,74259
2025-12-30 21:36:00+00:00,5.97,407.2,56867
2025-12-30 21:37:00+00:00,5.82,400.1,52057
2025-12-30 21:38:00+00:00,4.55,385.1,58094
2025-12-30 21:39:00+00:00,4.07,387.3,67097
2025-12-30 21:40:00+00:00,3.96,384.6,53856
2025-12-30 21:41:00+00:00,3.44,385.0,57239
2025-12-30 21:42:00+00:00,3.55,386.5,67047
2025-12-30 21:43:00+00:00,2.91,390.0,90165
2025-12-30 21:44:00+00:00,1.69,377.1,58889
2025-12-30 21:45:00+00:00,1.79,382.6,78864
2025-12-30 21:46:00+00:00,1.94,393.6,94312
2025-12-30 21:47:00+00:00,3.70,388.4,71773
2025-12-30 21:48:00+00:00,4.58,382.7,46609
2025-12-30 21:49:00+00:00,4.48,384.6,47024
2025-12-30 21:50:00+00:00,4.68,387.7,57626
2025-12-30 21:51:00+00:00,4.01,385.1,52267
2025-12-30 21:52:00+00:00,2.90,378.1,41507
2025-12-30 21:53:00+00:00,3.60,382.9,58899
2025-12-30 21:54:00+00:00,3.24,383.0,75856
2025-12-30 21:55:00+00:00,2.56,387.1,84851
2025-12-30 21:56:00+00:00,1.24,371.9,36246
2025-12-30 21:57:00+00:00,1.83,384.5,72845
2025-12-30 21:58:00+00:00,1.83,393.3,97530
2025-12-30 21:59:00+00:00,3.03,386.5,57185
2025-12-30 22:04:00+00:00,4.53,382.6,22869
2025-12-30 22:05:00+00:00,4.53,382.6,22869
2025-12-30 22:06:00+00:00,7.23,410.5,104339
2025-12-30 22:07:00+00:00,6.10,401.5,81678
2025-12-30 22:08:00+00:00,3.60,384.4,41121
2025-12-30 22:09:00+00:00,3.21,386.6,53382
2025-12-30 22:10:00+00:00,4.40,385.3,51009
2025-12-30 22:11:00+00:00,4.08,386.8,55301
2025-12-30 22:12:00+00:00,2.73,372.1,23574
2025-12-30 22:13:00+00:00,4.57,391.0,76497
2025-12-30 22:14:00+00:00,5.25,396.2,104015
2025-12-30 22:15:00+00:00,4.11,383.4,59658
2025-12-30 22:16:00+00:00,2.50,369.5,39938
2025-12-30 22:17:00+00:00,2.62,389.7,75837
2025-12-30 22:18:00+00:00,2.91,404.0,110469
2025-12-30 22:19:00+00:00,2.01,392.5,75731
2025-12-30 22:20:00+00:00,1.63,386.1,56386
2025-12-30 22:21:00+00:00,1.86,388.9,65684
2025-12-30 22:22:00+00:00,2.15,404.6,125775
2025-12-30 22:23:00+00:00,1.79,396.6,100731
2025-12-30 22:24:00+00:00,1.17,383.7,57594
2025-12-30 22:25:00+00:00,1.43,390.9,72543
2025-12-30 22:26:00+00:00,1.28,386.5,58759
2025-12-30 22:27:00+00:00,1.43,394.7,76383
2025-12-30 22:28:00+00:00,1.26,388.3,61805
2025-12-30 22:29:00+00:00,1.60,390.9,84051
2025-12-30 22:30:00+00:00,1.40,391.9,68038
2025-12-30 22:31:00+00:00,1.57,402.6,86148
2025-12-30 22:32:00+00:00,0.99,384.0,40293
2025-12-30 22:33:00+00:00,1.25,388.1,51021
2025-12-30 22:34:00+00:00,1.37,390.2,51804
2025-12-30 22:35:00+00:00,1.61,394.5,68836
2025-12-30 22:36:00+00:00,1.78,397.9,82711
2025-12-30 22:38:00+00:00,1.52,386.6,41457
2025-12-30 22:39:00+00:00,1.73,388.5,45748
2025-12-30 22:40:00+00:00,2.09,391.9,55085
2025-12-30 22:41:00+00:00,1.94,393.4,59494
2025-12-30 22:42:00+00:00,1.93,406.4,71867
2025-12-30 22:43:00+00:00,2.19,424.6,88176
2025-12-30 22:44:00+00:00,0.46,376.6,37780
2025-12-30 22:45:00+00:00,1.04,393.9,67788
2025-12-30 22:46:00+00:00,1.05,389.5,64617
2025-12-30 22:47:00+00:00,1.99,397.3,106845
2025-12-30 22:48:00+00:00,1.05,385.6,55660
2025-12-30 22:49:00+00:00,0.76,386.4,69028
2025-12-30 22:50:00+00:00,0.86,388.5,73719
2025-12-30 22:51:00+00:00,0.77,386.7,65515
2025-12-30 22:52:00+00:00,0.65,383.9,60609
2025-12-30 22:53:00+00:00,0.63,382.5,59524
2025-12-30 22:54:00+00:00,1.11,397.5,88585
2025-12-30 22:55:00+00:00,0.96,393.4,81128
2025-12-30 22:56:00+00:00,0.85,388.4,70448
2025-12-30 22:57:00+00:00,1.93,400.8,82799
2025-12-30 22:58:00+00:00,4.29,415.8,89184
2025-12-30 22:59:00+00:00,3.66,412.5,108546
2025-12-30 23:00:00+00:00,2.04,392.8,56151
2025-12-30 23:01:00+00:00,2.48,403.5,64662
2025-12-30 23:02:00+00:00,3.14,411.3,133227
2025-12-30 23:03:00+00:00,2.69,407.1,93206
2025-12-30 23:04:00+00:00,137.26,343.8,34998
2025-12-30 23:05:00+00:00,47.17,385.3,83349
2025-12-30 23:06:00+00:00,2.30,406.4,88817
2025-12-30 23:07:00+00:00,2.28,403.8,80987
2025-12-30 23:08:00+00:00,2.31,402.5,79371
2025-12-30 23:09:00+00:00,2.37,403.0,77631
2025-12-30 23:10:00+00:00,2.55,403.3,139926
2025-12-30 23:11:00+00:00,2.51,402.4,128072
2025-12-30 23:12:00+00:00,2.46,402.0,97926
2025-12-30 23:13:00+00:00,2.64,405.7,78788
2025-12-30 23:14:00+00:00,2.91,406.5,77426
2025-12-30 23:15:00+00:00,2.58,399.2,105913
2025-12-30 23:16:00+00:00,2.81,400.1,106671
2025-12-30 23:17:00+00:00,2.49,395.8,94350
2025-12-30 23:18:00+00:00,2.32,401.4,94645
2025-12-30 23:19:00+00:00,2.08,398.6,89889
2025-12-30 23:20:00+00:00,2.26,400.9,101100
2025-12-30 23:21:00+00:00,2.68,410.2,133291
2025-12-30 23:22:00+00:00,3.22,400.5,110210
2025-12-30 23:23:00+00:00,3.09,396.5,101807
2025-12-30 23:24:00+00:00,2.96,395.0,108885
2025-12-30 23:25:00+00:00,3.05,392.2,110149
2025-12-30 23:26:00+00:00,2.64,396.4,109183
2025-12-30 23:27:00+00:00,2.64,397.9,104176
2025-12-30 23:28:00+00:00,2.76,400.1,88540
2025-12-30 23:29:00+00:00,3.05,398.0,76307
2025-12-30 23:30:00+00:00,2.74,400.6,87868
2025-12-30 23:31:00+00:00,2.42,400.6,80510
2025-12-30 23:32:00+00:00,2.52,400.3,99698
2025-12-30 23:33:00+00:00,4.30,395.7,68575
2025-12-30 23:34:00+00:00,3.30,394.3,84863
2025-12-30 23:35:00+00:00,3.80,391.4,94443
2025-12-30 23:36:00+00:00,3.28,402.0,89419
2025-12-30 23:37:00+00:00,3.23,408.8,118972
2025-12-30 23:38:00+00:00,4.02,411.4,87206
2025-12-30 23:39:00+00:00,3.83,408.1,68932
2025-12-30 23:40:00+00:00,3.86,407.3,71204
2025-12-30 23:41:00+00:00,3.40,407.5,75412
2025-12-30 23:42:00+00:00,2.48,406.1,80129
2025-12-30 23:43:00+00:00,3.26,408.8,74245
2025-12-30 23:44:00+00:00,3.05,409.1,75894
2025-12-30 23:45:00+00:00,2.36,405.2,78366
2025-12-30 23:46:00+00:00,1.94,387.2,73190
2025-12-30 23:47:00+00:00,2.65,397.3,92919
2025-12-30 23:48:00+00:00,3.91,402.1,89294
2025-12-30 23:49:00+00:00,5.50,409.9,86259
2025-12-30 23:50:00+00:00,4.71,407.0,79825
2025-12-30 23:51:00+00:00,4.55,408.5,91543
2025-12-30 23:52:00+00:00,4.22,408.7,89059
2025-12-30 23:53:00+00:00,4.25,418.3,118357
2025-12-30 23:54:00+00:00,4.47,417.4,98149
2025-12-30 23:55:00+00:00,4.75,413.9,81419
2025-12-30 23:56:00+00:00,5.42,412.9,79135
2025-12-30 23:57:00+00:00,5.90,412.8,77778
2025-12-30 23:58:00+00:00,6.09,410.4,70952
2025-12-30 23:59:00+00:00,6.35,410.8,71540
2025-12-31 00:00:00+00:00,6.49,411.3,74361
2025-12-31 00:01:00+00:00,5.36,410.9,77425
2025-12-31 00:02:00+00:00,5.21,411.6,71901
2025-12-31 00:03:00+00:00,4.93,409.7,73913
2025-12-31 00:04:00+00:00,5.70,410.1,74773
2025-12-31 00:05:00+00:00,8.91,414.5,77813
2025-12-31 00:06:00+00:00,8.32,416.8,72648
2025-12-31 00:07:00+00:00,8.75,413.3,73677
2025-12-31 00:08:00+00:00,8.86,411.0,76248
2025-12-31 00:09:00+00:00,9.17,416.7,92140
2025-12-31 00:10:00+00:00,10.33,415.5,82323
2025-12-31 00:11:00+00:00,9.85,411.5,74629
2025-12-31 00:12:00+00:00,8.27,407.4,77413
2025-12-31 00:13:00+00:00,7.46,405.1,79851
2025-12-31 00:14:00+00:00,6.61,404.7,78782
2025-12-31 00:15:00+00:00,6.61,404.7,78782
2025-12-31 00:16:00+00:00,9.36,403.0,67569
2025-12-31 00:17:00+00:00,9.05,402.7,70550
2025-12-31 00:18:00+00:00,7.78,401.9,81686
2025-12-31 00:19:00+00:00,7.39,403.2,77148
2025-12-31 00:20:00+00:00,7.32,403.8,85166
2025-12-31 00:21:00+00:00,6.65,404.4,92299
2025-12-31 00:22:00+00:00,5.23,405.4,85633
2025-12-31 00:23:00+00:00,5.55,404.6,71396
2025-12-31 00:24:00+00:00,4.54,407.0,72119
2025-12-31 00:25:00+00:00,4.62,418.6,121972
2025-12-31 00:26:00+00:00,5.10,408.7,96442
2025-12-31 00:27:00+00:00,5.24,405.5,74448
2025-12-31 00:28:00+00:00,5.62,406.1,77303
2025-12-31 00:29:00+00:00,5.97,404.4,79973
2025-12-31 00:30:00+00:00,5.46,407.3,75607
2025-12-31 00:31:00+00:00,5.38,406.5,74428
2025-12-31 00:32:00+00:00,4.99,404.6,72355
2025-12-31 00:33:00+00:00,4.61,404.0,72451
2025-12-31 00:34:00+00:00,5.53,405.8,69648
2025-12-31 00:35:00+00:00,5.17,405.2,70598
2025-12-31 00:36:00+00:00,5.47,410.3,88847
2025-12-31 00:37:00+00:00,4.13,414.6,86161
2025-12-31 00:38:00+00:00,3.18,411.7,77817
2025-12-31 00:39:00+00:00,3.54,419.6,66526
2025-12-31 00:40:00+00:00,6.10,412.6,73934
2025-12-31 00:41:00+00:00,7.04,416.3,100156
2025-12-31 00:42:00+00:00,7.28,412.9,85397
2025-12-31 00:43:00+00:00,6.20,409.8,74016
2025-12-31 00:44:00+00:00,5.60,410.4,77489
2025-12-31 00:45:00+00:00,5.26,409.9,80467
2025-12-31 00:46:00+00:00,4.96,408.6,80387
2025-12-31 00:47:00+00:00,5.36,408.6,81970
2025-12-31 00:48:00+00:00,5.32,408.4,85881
2025-12-31 00:49:00+00:00,5.15,412.9,87181
2025-12-31 00:50:00+00:00,5.00,412.8,86512
2025-12-31 00:51:00+00:00,4.10,412.1,82438
2025-12-31 00:52:00+00:00,4.33,410.3,86244
2025-12-31 00:53:00+00:00,5.10,412.1,77281
2025-12-31 00:54:00+00:00,5.76,416.1,77638
2025-12-31 00:55:00+00:00,4.85,411.2,75508
2025-12-31 00:56:00+00:00,5.52,408.6,72952
2025-12-31 00:57:00+00:00,5.42,411.9,75846
2025-12-31 00:58:00+00:00,6.23,415.6,74500
2025-12-31 00:59:00+00:00,5.88,417.9,65201
2025-12-31 01:00:00+00:00,6.36,417.5,57438
2025-12-31 01:01:00+00:00,6.98,416.1,55576
2025-12-31 01:02:00+00:00,6.70,415.4,54242
2025-12-31 01:03:00+00:00,6.63,414.6,56424
2025-12-31 01:04:00+00:00,6.44,414.1,62142
2025-12-31 01:05:00+00:00,6.28,414.7,53999
2025-12-31 01:06:00+00:00,6.18,413.5,60710
2025-12-31 01:07:00+00:00,6.00,413.6,62004
2025-12-31 01:08:00+00:00,6.18,415.7,62655
2025-12-31 01:09:00+00:00,6.57,412.2,61802
2025-12-31 01:10:00+00:00,10.72,426.1,84349
2025-12-31 01:11:00+00:00,4.86,415.3,83443
2025-12-31 01:12:00+00:00,3.76,416.5,84573
2025-12-31 01:13:00+00:00,4.02,430.0,125363
2025-12-31 01:14:00+00:00,3.95,424.2,98910
2025-12-31 01:15:00+00:00,3.93,420.0,80315
2025-12-31 01:16:00+00:00,4.04,419.1,80083
2025-12-31 01:17:00+00:00,4.09,417.5,78725
2025-12-31 01:18:00+00:00,4.42,413.7,74330
2025-12-31 01:19:00+00:00,4.42,413.3,75739
2025-12-31 01:20:00+00:00,4.41,412.4,78557
2025-12-31 01:22:00+00:00,4.89,412.1,80945
2025-12-31 01:23:00+00:00,4.88,412.2,80730
2025-12-31 01:24:00+00:00,4.80,413.4,77725
2025-12-31 01:25:00+00:00,4.44,417.2,74343
2025-12-31 01:26:00+00:00,4.73,413.4,82180
2025-12-31 01:27:00+00:00,4.38,412.9,79366
2025-12-31 01:28:00+00:00,4.53,411.2,73165
2025-12-31 01:29:00+00:00,5.10,421.4,117530
2025-12-31 01:30:00+00:00,4.49,418.5,97779
2025-12-31 01:31:00+00:00,4.05,414.8,78061
2025-12-31 01:32:00+00:00,3.97,415.2,80787
2025-12-31 01:33:00+00:00,3.93,415.6,84057
2025-12-31 01:34:00+00:00,4.51,414.2,77696
2025-12-31 01:35:00+00:00,4.05,414.0,75184
2025-12-31 01:36:00+00:00,3.55,413.5,74171
2025-12-31 01:37:00+00:00,4.58,413.5,82625
2025-12-31 01:38:00+00:00,4.25,413.3,72465
2025-12-31 01:39:00+00:00,4.00,414.9,73412
2025-12-31 01:40:00+00:00,4.54,419.5,73884
2025-12-31 01:41:00+00:00,3.46,417.2,73329
2025-12-31 01:42:00+00:00,4.14,419.5,74344
2025-12-31 01:43:00+00:00,4.77,420.6,75323
2025-12-31 01:44:00+00:00,5.21,417.4,69562
2025-12-31 01:45:00+00:00,5.27,416.9,66382
2025-12-31 01:46:00+00:00,5.44,416.2,64290
2025-12-31 01:47:00+00:00,5.07,417.0,61834
2025-12-31 01:48:00+00:00,5.20,417.7,63342
2025-12-31 01:49:00+00:00,5.55,418.7,72397
2025-12-31 01:50:00+00:00,5.68,421.3,74756
2025-12-31 01:51:00+00:00,6.47,423.4,67487
2025-12-31 01:52:00+00:00,7.05,421.7,68817
2025-12-31 01:53:00+00:00,5.69,416.3,68965
2025-12-31 01:54:00+00:00,5.36,416.3,71078
2025-12-31 01:55:00+00:00,4.47,417.5,83331
2025-12-31 01:56:00+00:00,4.47,417.5,83331
2025-12-31 01:57:00+00:00,3.32,417.1,87769
2025-12-31 01:58:00+00:00,4.82,417.0,81053
2025-12-31 01:59:00+00:00,4.76,418.1,65863
2025-12-31 02:00:00+00:00,5.60,420.5,69986
2025-12-31 02:01:00+00:00,5.21,418.4,70394
2025-12-31 02:02:00+00:00,5.59,418.5,69650
2025-12-31 02:03:00+00:00,5.25,419.0,73014
2025-12-31 02:04:00+00:00,5.11,419.4,74218
2025-12-31 02:05:00+00:00,5.49,420.6,71682
2025-12-31 02:06:00+00:00,5.59,420.7,69499
2025-12-31 02:07:00+00:00,5.50,419.0,71530
2025-12-31 02:08:00+00:00,5.56,419.1,77988
2025-12-31 02:09:00+00:00,5.78,420.3,81327
2025-12-31 02:10:00+00:00,5.93,417.8,83100
2025-12-31 02:11:00+00:00,5.18,419.0,86416
2025-12-31 02:12:00+00:00,4.76,420.8,66658
2025-12-31 02:13:00+00:00,4.78,418.9,70306
2025-12-31 02:14:00+00:00,4.47,419.3,70943
2025-12-31 02:15:00+00:00,3.80,420.9,68569
2025-12-31 02:16:00+00:00,4.18,419.8,66984
2025-12-31 02:17:00+00:00,4.27,421.1,84273
2025-12-31 02:18:00+00:00,4.16,419.7,82266
2025-12-31 02:19:00+00:00,4.11,421.5,74855
2025-12-31 02:20:00+00:00,4.37,424.5,73150
2025-12-31 02:21:00+00:00,4.59,425.5,73530
2025-12-31 02:22:00+00:00,5.02,426.2,78400
2025-12-31 02:23:00+00:00,4.83,425.3,74115
2025-12-31 02:24:00+00:00,4.56,425.3,66055
2025-12-31 02:25:00+00:00,4.80,429.5,68752
2025-12-31 02:26:00+00:00,4.49,424.6,74023
2025-12-31 02:27:00+00:00,4.85,422.6,74501
2025-12-31 02:29:00+00:00,5.48,429.1,73867
2025-12-31 02:30:00+00:00,5.69,429.9,68961
2025-12-31 02:31:00+00:00,5.60,429.8,71160
2025-12-31 02:32:00+00:00,4.59,423.8,72300
2025-12-31 02:33:00+00:00,4.59,424.0,77039
2025-12-31 02:34:00+00:00,4.70,425.7,78915
2025-12-31 02:35:00+00:00,4.25,427.0,74964
2025-12-31 02:36:00+00:00,4.36,425.2,70849
2025-12-31 02:37:00+00:00,4.56,423.9,73937
2025-12-31 02:38:00+00:00,4.25,423.4,83746
2025-12-31 02:39:00+00:00,4.18,422.3,89360
2025-12-31 02:40:00+00:00,4.52,423.4,79736
2025-12-31 02:41:00+00:00,4.77,421.4,62032
2025-12-31 02:42:00+00:00,4.65,420.2,59953
2025-12-31 02:43:00+00:00,4.70,420.0,60969
2025-12-31 02:44:00+00:00,4.67,419.3,61948
2025-12-31 02:45:00+00:00,4.40,418.9,62811
2025-12-31 02:46:00+00:00,4.19,419.5,74775
2025-12-31 02:47:00+00:00,4.12,419.9,68276
2025-12-31 02:48:00+00:00,4.25,418.4,74389
2025-12-31 02:49:00+00:00,4.35,418.2,72221
2025-12-31 02:50:00+00:00,4.22,417.2,73619
2025-12-31 02:51:00+00:00,4.13,417.3,68174
2025-12-31 02:52:00+00:00,4.43,415.8,65663
2025-12-31 02:53:00+00:00,4.76,418.9,82391
2025-12-31 02:54:00+00:00,4.95,420.2,84554
2025-12-31 02:55:00+00:00,4.52,413.8,68066
2025-12-31 02:56:00+00:00,3.39,415.5,86716
2025-12-31 02:57:00+00:00,3.69,419.7,103072
2025-12-31 02:58:00+00:00,3.92,418.6,92763
2025-12-31 02:59:00+00:00,3.70,421.0,98193
2025-12-31 03:00:00+00:00,4.06,422.7,92368
2025-12-31 03:02:00+00:00,5.24,420.7,98947
2025-12-31 03:03:00+00:00,4.70,420.0,94641
2025-12-31 03:04:00+00:00,4.82,417.6,94890
2025-12-31 03:05:00+00:00,4.78,417.8,96127
2025-12-31 03:06:00+00:00,5.11,417.2,88700
2025-12-31 03:07:00+00:00,5.16,417.6,85718
2025-12-31 03:08:00+00:00,4.76,415.9,79604
2025-12-31 03:09:00+00:00,4.57,415.0,70965
2025-12-31 03:10:00+00:00,4.87,415.2,66511
2025-12-31 03:11:00+00:00,4.96,414.2,65446
2025-12-31 03:12:00+00:00,4.67,415.4,67519
2025-12-31 03:13:00+00:00,4.99,415.4,68310
2025-12-31 03:14:00+00:00,4.36,413.6,65679
2025-12-31 03:15:00+00:00,4.43,413.8,65745
2025-12-31 03:16:00+00:00,5.39,416.1,66666
2025-12-31 03:17:00+00:00,5.34,414.7,66531
2025-12-31 03:18:00+00:00,5.63,418.2,73502
2025-12-31 03:19:00+00:00,5.16,417.9,67734
2025-12-31 03:20:00+00:00,5.07,417.5,71142
2025-12-31 03:21:00+00:00,5.62,417.1,72945
2025-12-31 03:22:00+00:00,5.54,415.9,68753
2025-12-31 03:23:00+00:00,5.14,415.1,70296
2025-12-31 03:24:00+00:00,5.11,414.1,71637
2025-12-31 03:25:00+00:00,4.94,415.0,72003
2025-12-31 03:26:00+00:00,5.22,416.8,73056
2025-12-31 03:27:00+00:00,5.94,416.4,71555
2025-12-31 03:28:00+00:00,5.69,415.4,71182
2025-12-31 03:29:00+00:00,5.92,415.1,73071
2025-12-31 03:30:00+00:00,5.61,415.7,70317
2025-12-31 03:31:00+00:00,5.22,414.9,76647
2025-12-31 03:32:00+00:00,5.03,417.3,78352
2025-12-31 03:33:00+00:00,5.78,414.0,79164
2025-12-31 03:34:00+00:00,5.78,414.0,79164
2025-12-31 03:35:00+00:00,6.01,414.6,71375
2025-12-31 03:36:00+00:00,5.73,415.8,76516
2025-12-31 03:37:00+00:00,6.07,414.2,76798
2025-12-31 03:38:00+00:00,7.05,410.6,68816
2025-12-31 03:39:00+00:00,7.45,415.6,65629
2025-12-31 03:40:00+00:00,7.30,417.6,70037
2025-12-31 03:41:00+00:00,7.29,416.0,72181
2025-12-31 03:42:00+00:00,7.34,416.7,72396
2025-12-31 03:43:00+00:00,7.14,417.4,77494
2025-12-31 03:44:00+00:00,6.69,417.4,82812
2025-12-31 03:45:00+00:00,5.99,415.6,79228
2025-12-31 03:46:00+00:00,6.15,416.6,61958
2025-12-31 03:47:00+00:00,6.08,419.1,71258
2025-12-31 03:48:00+00:00,5.99,416.2,72323
2025-12-31 03:49:00+00:00,7.05,420.4,79506
2025-12-31 03:50:00+00:00,6.47,417.4,72482
2025-12-31 03:51:00+00:00,5.79,417.9,87960
2025-12-31 03:52:00+00:00,6.41,420.6,91878
2025-12-31 03:53:00+00:00,6.38,420.3,87353
2025-12-31 03:54:00+00:00,5.86,417.5,90765
2025-12-31 03:55:00+00:00,5.51,415.8,94911
2025-12-31 03:56:00+00:00,5.35,415.6,94634
2025-12-31 03:57:00+00:00,5.48,415.0,96629
2025-12-31 03:58:00+00:00,6.09,415.5,97168
2025-12-31 04:02:00+00:00,3.86,413.8,120235
2025-12-31 04:03:00+00:00,3.94,413.8,118410
2025-12-31 04:04:00+00:00,5.06,414.3,92852
2025-12-31 04:05:00+00:00,5.49,404.4,70784
2025-12-31 04:06:00+00:00,5.50,409.8,94122
2025-12-31 04:07:00+00:00,5.50,410.1,95789
2025-12-31 04:08:00+00:00,4.41,409.0,108253
2025-12-31 04:09:00+00:00,4.23,407.9,94179
2025-12-31 04:10:00+00:00,4.08,415.9,120582
2025-12-31 04:11:00+00:00,3.85,419.7,136693
2025-12-31 04:12:00+00:00,3.84,417.9,140528
2025-12-31 04:13:00+00:00,3.95,416.5,143680
2025-12-31 04:14:00+00:00,3.97,418.1,137407
2025-12-31 04:15:00+00:00,3.86,418.4,137530
2025-12-31 04:16:00+00:00,3.67,419.2,136552
2025-12-31 04:17:00+00:00,3.78,419.3,133183
2025-12-31 04:18:00+00:00,4.18,421.1,132594
2025-12-31 04:19:00+00:00,4.17,421.0,132483
2025-12-31 04:20:00+00:00,4.09,419.8,130925
2025-12-31 04:21:00+00:00,3.67,390.5,58303
2025-12-31 04:22:00+00:00,3.89,419.8,169034
2025-12-31 04:23:00+00:00,2.99,419.3,131460
2025-12-31 04:24:00+00:00,3.33,421.9,131615
2025-12-31 04:25:00+00:00,3.89,414.1,141467
2025-12-31 04:26:00+00:00,3.67,418.9,131709
2025-12-31 04:27:00+00:00,3.31,418.8,131609
2025-12-31 04:28:00+00:00,3.35,414.9,129049
2025-12-31 04:29:00+00:00,3.48,413.8,123166
2025-12-31 04:30:00+00:00,3.36,416.2,125519
2025-12-31 04:31:00+00:00,3.31,416.4,121976
2025-12-31 04:32:00+00:00,3.30,416.7,114872
2025-12-31 04:33:00+00:00,3.46,416.7,114735
2025-12-31 04:34:00+00:00,3.22,417.1,114926
2025-12-31 04:35:00+00:00,3.45,414.9,118145
2025-12-31 04:36:00+00:00,3.25,416.6,112354
2025-12-31 04:37:00+00:00,2.99,408.2,75399
2025-12-31 04:38:00+00:00,3.49,411.1,111925
2025-12-31 04:39:00+00:00,3.12,407.5,91216
2025-12-31 04:40:00+00:00,3.06,406.9,87629
2025-12-31 04:41:00+00:00,2.59,378.5,36588
2025-12-31 04:42:00+00:00,3.57,385.0,56387
2025-12-31 04:43:00+00:00,3.47,399.1,98110
2025-12-31 04:44:00+00:00,2.93,405.2,122872
2025-12-31 04:45:00+00:00,2.80,404.3,125975
2025-12-31 04:46:00+00:00,3.30,409.4,142827
2025-12-31 04:47:00+00:00,2.92,411.8,125602
2025-12-31 04:48:00+00:00,2.77,417.1,83642
2025-12-31 04:49:00+00:00,4.46,419.2,62989
2025-12-31 04:50:00+00:00,4.74,432.5,99004
2025-12-31 04:51:00+00:00,4.80,432.7,98555
2025-12-31 04:52:00+00:00,5.65,435.9,92266
2025-12-31 04:53:00+00:00,4.24,427.6,66718
2025-12-31 04:54:00+00:00,4.13,431.0,104803
2025-12-31 04:55:00+00:00,4.10,432.4,113551
2025-12-31 04:56:00+00:00,3.34,425.3,118336
2025-12-31 04:57:00+00:00,2.49,403.8,65850
2025-12-31 04:58:00+00:00,2.90,414.9,100121
2025-12-31 04:59:00+00:00,2.89,424.0,124959
2025-12-31 05:00:00+00:00,3.25,428.6,117617
2025-12-31 05:01:00+00:00,3.76,432.6,112368
2025-12-31 05:02:00+00:00,3.94,428.8,112046
2025-12-31 05:03:00+00:00,3.65,427.6,113822
2025-12-31 05:04:00+00:00,3.28,427.0,117283
2025-12-31 05:05:00+00:00,3.86,431.6,117033
2025-12-31 05:06:00+00:00,5.81,429.4,130269
2025-12-31 05:07:00+00:00,5.83,428.9,130750
2025-12-31 05:08:00+00:00,6.14,422.4,137481
2025-12-31 05:09:00+00:00,5.36,412.8,99969
2025-12-31 05:10:00+00:00,5.36,427.8,132431
2025-12-31 05:11:00+00:00,5.38,424.1,140234
2025-12-31 05:12:00+00:00,5.00,421.4,128271
2025-12-31 05:13:00+00:00,4.91,421.0,125069
2025-12-31 05:14:00+00:00,5.61,424.7,136357
2025-12-31 05:15:00+00:00,5.46,424.4,150085
2025-12-31 05:16:00+00:00,5.41,427.5,155013
2025-12-31 05:17:00+00:00,5.46,430.2,151317
2025-12-31 05:18:00+00:00,4.58,424.9,130661
2025-12-31 05:19:00+00:00,4.43,424.2,132127
2025-12-31 05:20:00+00:00,4.19,423.8,133850
2025-12-31 05:21:00+00:00,4.32,426.4,130522
2025-12-31 05:22:00+00:00,4.57,426.5,137550
2025-12-31 05:23:00+00:00,4.52,426.7,136979
2025-12-31 05:24:00+00:00,3.93,428.4,128975
2025-12-31 05:25:00+00:00,4.47,419.3,89099
2025-12-31 05:26:00+00:00,5.69,428.0,126073
2025-12-31 05:27:00+00:00,5.01,427.4,134387
2025-12-31 05:28:00+00:00,4.80,427.2,135502
2025-12-31 05:29:00+00:00,7.19,415.1,182317
2025-12-31 05:30:00+00:00,6.61,421.3,167866
2025-12-31 05:31:00+00:00,6.01,426.5,159421
2025-12-31 05:32:00+00:00,5.88,424.2,156317
2025-12-31 05:33:00+00:00,5.69,422.1,149353
2025-12-31 05:34:00+00:00,5.26,427.5,120706
2025-12-31 05:35:00+00:00,5.45,427.1,124178
2025-12-31 05:36:00+00:00,5.75,426.1,134110
2025-12-31 05:37:00+00:00,5.47,425.6,141104
2025-12-31 05:38:00+00:00,5.13,425.7,136932
2025-12-31 05:39:00+00:00,4.51,419.5,139397
2025-12-31 05:40:00+00:00,4.35,428.2,107787
2025-12-31 05:41:00+00:00,3.93,410.1,74506
2025-12-31 05:42:00+00:00,4.00,417.4,124319
2025-12-31 05:43:00+00:00,3.96,417.7,129869
2025-12-31 05:44:00+00:00,4.26,418.4,117688
2025-12-31 05:45:00+00:00,3.28,400.3,62980
2025-12-31 05:46:00+00:00,2.90,393.6,44221
2025-12-31 05:47:00+00:00,4.13,415.7,111756
2025-12-31 05:48:00+00:00,3.77,417.3,114579
2025-12-31 05:49:00+00:00,4.54,413.8,137243
2025-12-31 05:50:00+00:00,5.04,413.9,140901
2025-12-31 05:51:00+00:00,3.82,420.2,111567
2025-12-31 05:52:00+00:00,3.50,415.5,110951
2025-12-31 05:53:00+00:00,3.25,414.7,110394
2025-12-31 05:54:00+00:00,3.90,421.8,109173
2025-12-31 05:55:00+00:00,3.93,422.6,108791
2025-12-31 05:56:00+00:00,4.36,433.3,103446
2025-12-31 05:57:00+00:00,5.51,428.2,121078
2025-12-31 05:58:00+00:00,5.46,427.7,116299
2025-12-31 05:59:00+00:00,4.95,429.0,107415
2025-12-31 06:00:00+00:00,5.22,428.7,106598
2025-12-31 06:01:00+00:00,3.95,408.9,61789
2025-12-31 06:02:00+00:00,5.05,419.1,86939
2025-12-31 06:03:00+00:00,5.64,427.8,105508
2025-12-31 06:04:00+00:00,5.37,427.5,101069
2025-12-31 06:05:00+00:00,5.26,427.2,98455
2025-12-31 06:06:00+00:00,5.54,426.1,113449
2025-12-31 06:07:00+00:00,5.55,425.8,113960
2025-12-31 06:08:00+00:00,5.64,425.8,112912
2025-12-31 06:09:00+00:00,5.85,427.1,107221
2025-12-31 06:10:00+00:00,5.74,426.7,109072
2025-12-31 06:11:00+00:00,5.70,426.6,108659
2025-12-31 06:12:00+00:00,5.23,425.7,102880
2025-12-31 06:13:00+00:00,4.91,415.8,79114
2025-12-31 06:14:00+00:00,5.68,420.7,118311
2025-12-31 06:15:00+00:00,5.91,421.3,110342
2025-12-31 06:16:00+00:00,5.93,424.0,109689
2025-12-31 06:17:00+00:00,5.62,418.3,87485
2025-12-31 06:18:00+00:00,5.91,419.2,99314
2025-12-31 06:19:00+00:00,6.11,420.7,109311
2025-12-31 06:20:00+00:00,6.47,428.3,117697
2025-12-31 06:21:00+00:00,6.47,428.3,117697
2025-12-31 06:22:00+00:00,6.88,425.2,104150
2025-12-31 06:23:00+00:00,6.51,424.4,103203
2025-12-31 06:24:00+00:00,5.94,422.9,104251
2025-12-31 06:25:00+00:00,6.39,424.0,113401
2025-12-31 06:26:00+00:00,6.04,425.9,119155
2025-12-31 06:27:00+00:00,5.49,426.9,127958
2025-12-31 06:28:00+00:00,5.04,428.1,112948
2025-12-31 06:29:00+00:00,4.56,417.5,77406
2025-12-31 06:30:00+00:00,6.82,425.9,106252
2025-12-31 06:31:00+00:00,5.95,430.2,123144
2025-12-31 06:32:00+00:00,4.82,427.5,118717
2025-12-31 06:33:00+00:00,3.63,405.0,64702
2025-12-31 06:34:00+00:00,4.60,417.0,88683
2025-12-31 06:35:00+00:00,5.15,425.4,116922
2025-12-31 06:36:00+00:00,5.92,428.8,114098
2025-12-31 06:37:00+00:00,6.65,432.5,107698
2025-12-31 06:38:00+00:00,6.62,431.5,115478
2025-12-31 06:39:00+00:00,6.60,430.9,115836
2025-12-31 06:40:00+00:00,6.71,429.9,113406
2025-12-31 06:41:00+00:00,7.11,430.9,105992
2025-12-31 06:42:00+00:00,6.98,432.3,110924
2025-12-31 06:43:00+00:00,6.90,433.6,111567
2025-12-31 06:44:00+00:00,5.11,432.8,121191
2025-12-31 06:45:00+00:00,5.06,428.6,108177
2025-12-31 06:47:00+00:00,6.33,432.2,83713
2025-12-31 06:48:00+00:00,6.75,437.7,75332
2025-12-31 06:49:00+00:00,6.52,416.9,50118
2025-12-31 06:50:00+00:00,7.17,426.1,62933
2025-12-31 06:51:00+00:00,7.14,430.9,79816
2025-12-31 06:52:00+00:00,6.87,428.3,83960
2025-12-31 06:53:00+00:00,7.10,426.6,80026
2025-12-31 06:54:00+00:00,7.16,428.6,79178
2025-12-31 06:55:00+00:00,7.35,431.7,78636
2025-12-31 06:56:00+00:00,7.57,431.8,79533
2025-12-31 06:57:00+00:00,7.60,432.6,77983
2025-12-31 06:58:00+00:00,7.35,434.2,83207
2025-12-31 06:59:00+00:00,7.27,434.1,83192
2025-12-31 07:00:00+00:00,6.15,432.9,82981
2025-12-31 07:01:00+00:00,7.21,431.8,79100
2025-12-31 07:02:00+00:00,7.47,430.7,80256
2025-12-31 07:03:00+00:00,7.51,432.0,75917
2025-12-31 07:04:00+00:00,7.59,432.9,74763
2025-12-31 07:05:00+00:00,6.04,409.7,39142
2025-12-31 07:06:00+00:00,5.08,416.3,60637
2025-12-31 07:07:00+00:00,6.18,429.9,83323
2025-12-31 07:08:00+00:00,6.46,432.1,85066
2025-12-31 07:09:00+00:00,5.96,430.4,83392
2025-12-31 07:10:00+00:00,5.92,428.7,86814
2025-12-31 07:11:00+00:00,5.98,428.6,84454
2025-12-31 07:12:00+00:00,6.27,428.6,81545
2025-12-31 07:13:00+00:00,6.72,428.8,86522
2025-12-31 07:14:00+00:00,6.29,424.0,77882
2025-12-31 07:15:00+00:00,6.25,424.2,78301
2025-12-31 07:16:00+00:00,5.65,426.4,84178
2025-12-31 07:17:00+00:00,5.80,421.8,59971
2025-12-31 07:18:00+00:00,5.79,426.1,80100
2025-12-31 07:19:00+00:00,6.29,424.7,82202
2025-12-31 07:20:00+00:00,5.36,426.0,79527
2025-12-31 07:21:00+00:00,5.25,426.1,85528
2025-12-31 07:22:00+00:00,5.12,429.8,93543
2025-12-31 07:23:00+00:00,5.51,429.3,90861
2025-12-31 07:24:00+00:00,5.89,427.0,88659
2025-12-31 07:25:00+00:00,5.94,426.4,89923
2025-12-31 07:26:00+00:00,4.49,430.4,95718
2025-12-31 07:27:00+00:00,4.89,429.3,98413
2025-12-31 07:28:00+00:00,5.74,427.2,104405
2025-12-31 07:29:00+00:00,6.15,427.0,105548
2025-12-31 07:30:00+00:00,7.08,425.6,102787
2025-12-31 07:31:00+00:00,6.55,427.2,97552
2025-12-31 07:32:00+00:00,5.84,424.4,87717
2025-12-31 07:33:00+00:00,6.07,424.5,79999
2025-12-31 07:34:00+00:00,6.24,427.4,94912
2025-12-31 07:35:00+00:00,5.46,430.2,112006
2025-12-31 07:36:00+00:00,5.69,431.4,88981
2025-12-31 07:37:00+00:00,5.67,426.4,69649
2025-12-31 07:38:00+00:00,5.63,424.5,64937
2025-12-31 08:19:00+00:00,6.67,443.3,92423
2025-12-31 08:20:00+00:00,6.67,443.3,92423
2025-12-31 08:21:00+00:00,6.61,440.1,83028
2025-12-31 08:22:00+00:00,7.12,435.4,78980
2025-12-31 08:23:00+00:00,7.09,439.3,82720
2025-12-31 08:24:00+00:00,7.28,439.5,88063
2025-12-31 08:25:00+00:00,6.50,436.8,94106
2025-12-31 08:26:00+00:00,6.59,449.0,132933
2025-12-31 08:27:00+00:00,7.64,451.4,129054
2025-12-31 08:28:00+00:00,7.89,441.1,94609
2025-12-31 08:29:00+00:00,7.54,439.0,77515
2025-12-31 08:30:00+00:00,8.11,445.6,110598
2025-12-31 08:31:00+00:00,9.06,447.8,160267
2025-12-31 08:32:00+00:00,6.92,406.0,61310
2025-12-31 08:33:00+00:00,6.84,408.4,67210
2025-12-31 08:34:00+00:00,6.75,418.5,94903
2025-12-31 08:35:00+00:00,8.33,422.3,120237
2025-12-31 08:36:00+00:00,7.27,418.0,102643
2025-12-31 08:37:00+00:00,4.28,396.4,54123
2025-12-31 08:38:00+00:00,6.08,437.9,121050
2025-12-31 08:39:00+00:00,9.75,447.3,124278
2025-12-31 08:40:00+00:00,8.63,447.2,116644
2025-12-31 08:41:00+00:00,5.68,431.3,86391
2025-12-31 08:42:00+00:00,4.79,433.9,95727
2025-12-31 08:43:00+00:00,5.13,434.8,110721
2025-12-31 08:44:00+00:00,5.69,430.2,104297
2025-12-31 08:45:00+00:00,5.63,428.2,87390
2025-12-31 08:46:00+00:00,5.43,434.7,105673
2025-12-31 08:47:00+00:00,5.73,439.7,128928
2025-12-31 08:48:00+00:00,5.80,429.1,83818
2025-12-31 08:49:00+00:00,5.86,425.0,63742
2025-12-31 08:50:00+00:00,5.04,422.7,77860
2025-12-31 08:51:00+00:00,5.58,432.4,90234
2025-12-31 08:52:00+00:00,7.40,434.8,81789
2025-12-31 08:53:00+00:00,5.07,423.4,79593
2025-12-31 08:54:00+00:00,5.32,421.9,67520
2025-12-31 08:55:00+00:00,5.75,431.6,83573
2025-12-31 08:56:00+00:00,6.99,437.8,83685
2025-12-31 08:57:00+00:00,5.55,424.5,91932
2025-12-31 08:58:00+00:00,5.53,430.2,122267
2025-12-31 08:59:00+00:00,5.87,434.0,107468
2025-12-31 09:00:00+00:00,5.80,430.7,81979
2025-12-31 09:01:00+00:00,5.49,427.8,72247
2025-12-31 09:02:00+00:00,5.39,430.7,79383
2025-12-31 09:03:00+00:00,5.94,434.7,98537
2025-12-31 09:04:00+00:00,6.51,430.3,101831
2025-12-31 09:05:00+00:00,5.60,424.6,71537
2025-12-31 09:06:00+00:00,5.70,425.8,74697
2025-12-31 09:07:00+00:00,6.16,433.0,92961
2025-12-31 09:08:00+00:00,4.25,421.2,61169
2025-12-31 09:09:00+00:00,2.85,412.5,49122
2025-12-31 09:10:00+00:00,2.85,412.5,49122
2025-12-31 09:11:00+00:00,5.74,442.4,125125
2025-12-31 09:12:00+00:00,4.33,419.3,74673
2025-12-31 09:13:00+00:00,4.62,417.5,79812
2025-12-31 09:14:00+00:00,5.89,420.2,119109
2025-12-31 09:15:00+00:00,6.40,420.8,135530
2025-12-31 09:16:00+00:00,6.37,431.4,151642
2025-12-31 09:17:00+00:00,4.89,422.1,119345
2025-12-31 09:18:00+00:00,3.62,415.1,109085
2025-12-31 09:19:00+00:00,4.75,421.2,148408
2025-12-31 09:20:00+00:00,5.24,420.8,135535
2025-12-31 09:21:00+00:00,3.70,410.7,94611
2025-12-31 09:22:00+00:00,3.05,397.6,66949
2025-12-31 09:23:00+00:00,4.42,412.9,122887
2025-12-31 09:24:00+00:00,4.31,415.3,102789
2025-12-31 09:25:00+00:00,3.37,408.8,74707
2025-12-31 09:26:00+00:00,4.67,411.8,105911
2025-12-31 09:27:00+00:00,4.25,414.5,108791
2025-12-31 09:28:00+00:00,3.86,418.0,104468
2025-12-31 09:29:00+00:00,3.92,418.8,113294
2025-12-31 09:30:00+00:00,4.59,414.9,109239
2025-12-31 09:31:00+00:00,4.73,415.7,99561
2025-12-31 09:32:00+00:00,4.01,419.4,89409
2025-12-31 09:33:00+00:00,3.65,418.2,99404
2025-12-31 09:34:00+00:00,3.53,416.5,115683
2025-12-31 09:35:00+00:00,3.12,418.7,112229
2025-12-31 09:36:00+00:00,3.26,418.6,109514
2025-12-31 09:38:00+00:00,6.00,420.2,137345
2025-12-31 09:39:00+00:00,5.96,421.2,135550
2025-12-31 09:40:00+00:00,5.47,434.5,110424
2025-12-31 09:42:00+00:00,3.29,416.6,90339
2025-12-31 09:43:00+00:00,3.29,416.6,90339
2025-12-31 09:44:00+00:00,3.42,411.5,91971
2025-12-31 09:45:00+00:00,4.22,409.3,83076
2025-12-31 09:46:00+00:00,4.11,408.0,72866
2025-12-31 09:47:00+00:00,4.08,408.1,87710
2025-12-31 09:48:00+00:00,3.87,408.1,100118
2025-12-31 09:49:00+00:00,4.04,404.5,79649
2025-12-31 09:50:00+00:00,4.39,403.5,70322
2025-12-31 09:51:00+00:00,4.13,408.2,99028
2025-12-31 09:52:00+00:00,3.86,410.3,114909
2025-12-31 09:53:00+00:00,3.62,413.4,113809
2025-12-31 09:54:00+00:00,4.95,411.4,98588
2025-12-31 09:55:00+00:00,4.02,413.3,116297
2025-12-31 09:56:00+00:00,3.35,420.3,124023
2025-12-31 09:57:00+00:00,3.63,414.5,122507
2025-12-31 09:58:00+00:00,3.95,417.8,112261
2025-12-31 10:02:00+00:00,2.44,419.2,104314
2025-12-31 10:03:00+00:00,3.72,417.0,112898
2025-12-31 10:04:00+00:00,3.77,415.5,118621
2025-12-31 10:05:00+00:00,4.37,405.0,67248
2025-12-31 10:06:00+00:00,4.58,406.5,83017
2025-12-31 10:07:00+00:00,4.62,410.6,106224
2025-12-31 10:08:00+00:00,4.03,414.1,105329
2025-12-31 10:11:00+00:00,4.58,413.2,107398
2025-12-31 10:12:00+00:00,4.58,413.2,107398
2025-12-31 10:14:00+00:00,5.20,412.0,103137
2025-12-31 10:15:00+00:00,5.20,410.0,100203
2025-12-31 10:16:00+00:00,4.68,421.8,87900
2025-12-31 10:17:00+00:00,4.95,412.1,72681
2025-12-31 10:18:00+00:00,5.52,409.8,96492
2025-12-31 10:19:00+00:00,5.80,410.6,116061
2025-12-31 10:20:00+00:00,5.85,410.4,119684
2025-12-31 10:21:00+00:00,4.66,398.3,32406
2025-12-31 10:22:00+00:00,5.14,404.2,70748
2025-12-31 10:23:00+00:00,5.33,414.0,125543
2025-12-31 10:24:00+00:00,4.30,416.1,120109
2025-12-31 10:25:00+00:00,4.87,414.4,105047
2025-12-31 10:26:00+00:00,4.84,414.5,105614
2025-12-31 10:27:00+00:00,4.63,415.5,109543
2025-12-31 10:28:00+00:00,4.27,421.3,112940
2025-12-31 10:29:00+00:00,4.47,409.5,101367
2025-12-31 10:30:00+00:00,6.28,414.0,137122
2025-12-31 10:31:00+00:00,5.90,411.7,127190
2025-12-31 10:32:00+00:00,5.13,415.0,123299
2025-12-31 10:33:00+00:00,4.40,419.8,98970
2025-12-31 10:34:00+00:00,6.58,422.4,104621
2025-12-31 10:35:00+00:00,6.66,420.3,133301
2025-12-31 10:36:00+00:00,5.77,420.9,147732
2025-12-31 10:37:00+00:00,6.10,422.6,127246
2025-12-31 10:38:00+00:00,6.65,422.9,108429
2025-12-31 10:39:00+00:00,6.40,423.9,113618
2025-12-31 10:40:00+00:00,5.83,423.8,109965
2025-12-31 10:41:00+00:00,4.18,435.6,125616
2025-12-31 10:42:00+00:00,4.18,435.6,125616
2025-12-31 10:46:00+00:00,4.63,432.9,118828
2025-12-31 10:47:00+00:00,4.35,438.9,120716
2025-12-31 10:48:00+00:00,3.41,449.3,97998
2025-12-31 10:49:00+00:00,5.01,433.9,74896
2025-12-31 10:50:00+00:00,5.36,438.9,70070
2025-12-31 10:51:00+00:00,5.32,450.6,82190
2025-12-31 10:52:00+00:00,5.39,454.5,89776
2025-12-31 10:53:00+00:00,7.49,447.0,39609
2025-12-31 10:54:00+00:00,7.35,451.0,44103
2025-12-31 10:55:00+00:00,6.32,465.1,58151
2025-12-31 10:56:00+00:00,4.68,481.3,72764
2025-12-31 10:57:00+00:00,12.21,445.9,91927
2025-12-31 10:58:00+00:00,11.06,444.1,95005
2025-12-31 10:59:00+00:00,3.57,432.7,114788
2025-12-31 11:00:00+00:00,3.47,443.7,111594
2025-12-31 11:02:00+00:00,8.62,481.1,129414
2025-12-31 11:03:00+00:00,4.99,480.0,89788
2025-12-31 11:04:00+00:00,2.87,475.7,91893
2025-12-31 11:05:00+00:00,2.34,457.4,72013
2025-12-31 11:06:00+00:00,3.62,440.8,98076
2025-12-31 11:07:00+00:00,5.37,426.2,129875
2025-12-31 11:08:00+00:00,6.13,421.6,125253
2025-12-31 11:09:00+00:00,6.04,419.2,91786
2025-12-31 11:10:00+00:00,6.29,416.5,91851
2025-12-31 11:11:00+00:00,6.60,420.5,117454
2025-12-31 11:12:00+00:00,6.04,422.7,97149
2025-12-31 11:13:00+00:00,5.57,428.3,122626
2025-12-31 11:14:00+00:00,5.56,427.6,121660
2025-12-31 11:15:00+00:00,5.51,423.3,113207
2025-12-31 11:16:00+00:00,5.37,435.4,82701
2025-12-31 11:18:00+00:00,3.05,440.6,98531
2025-12-31 11:19:00+00:00,2.45,455.8,73910
2025-12-31 11:20:00+00:00,1.99,462.2,66677
2025-12-31 11:21:00+00:00,2.99,449.4,81085
2025-12-31 11:22:00+00:00,2.85,447.5,97834
2025-12-31 11:23:00+00:00,3.61,443.5,108967
2025-12-31 11:24:00+00:00,3.85,435.0,123986
2025-12-31 11:25:00+00:00,4.64,427.3,96173
2025-12-31 11:26:00+00:00,5.53,423.1,99664
2025-12-31 11:27:00+00:00,4.45,426.5,166632
2025-12-31 11:28:00+00:00,3.64,433.9,160747
2025-12-31 11:29:00+00:00,2.67,435.7,61525
2025-12-31 11:30:00+00:00,2.67,438.5,65090
2025-12-31 11:31:00+00:00,2.72,457.0,88227
2025-12-31 11:32:00+00:00,3.12,454.8,87668
2025-12-31 11:34:00+00:00,3.05,455.9,82117
2025-12-31 11:35:00+00:00,3.23,454.5,78999
2025-12-31 11:36:00+00:00,2.78,456.0,71543
2025-12-31 11:37:00+00:00,2.66,456.4,69799
2025-12-31 11:38:00+00:00,5.29,434.0,82780
2025-12-31 11:39:00+00:00,5.01,434.0,94558
2025-12-31 11:40:00+00:00,4.98,436.3,95079
2025-12-31 11:41:00+00:00,4.77,437.7,62958
2025-12-31 11:42:00+00:00,4.52,439.9,48574
2025-12-31 11:43:00+00:00,4.43,444.7,69430
2025-12-31 11:44:00+00:00,3.55,447.0,76122
2025-12-31 11:45:00+00:00,2.88,450.9,91511
2025-12-31 11:46:00+00:00,2.67,450.4,50254
2025-12-31 11:47:00+00:00,3.64,444.6,93504
2025-12-31 11:48:00+00:00,4.73,438.6,87742
2025-12-31 11:51:00+00:00,5.14,433.8,89797
2025-12-31 11:52:00+00:00,6.69,426.0,131494
2025-12-31 11:53:00+00:00,4.35,430.6,132512
2025-12-31 11:54:00+00:00,5.18,437.5,96388
2025-12-31 11:55:00+00:00,6.13,437.0,87254
2025-12-31 11:56:00+00:00,5.30,435.7,93986
2025-12-31 11:57:00+00:00,3.68,440.4,76393
2025-12-31 11:58:00+00:00,2.90,445.6,62488
2025-12-31 11:59:00+00:00,2.97,447.2,79325
2025-12-31 12:00:00+00:00,2.45,449.2,87731
2025-12-31 12:01:00+00:00,2.85,448.7,85106
2025-12-31 12:02:00+00:00,4.66,452.9,92516
2025-12-31 12:03:00+00:00,7.76,462.6,139598
2025-12-31 12:04:00+00:00,8.20,460.6,71973
2025-12-31 12:06:00+00:00,33.50,459.0,61513
2025-12-31 12:07:00+00:00,14.98,464.1,62997
2025-12-31 12:08:00+00:00,15.07,464.9,62074
2025-12-31 12:09:00+00:00,15.56,466.2,66068
2025-12-31 12:10:00+00:00,16.11,465.5,65115
2025-12-31 12:11:00+00:00,16.84,460.6,57782
2025-12-31 12:12:00+00:00,18.80,454.0,53416
2025-12-31 12:13:00+00:00,21.88,450.9,52497
2025-12-31 12:14:00+00:00,23.82,451.8,50997
2025-12-31 12:15:00+00:00,24.01,453.2,48008
2025-12-31 12:16:00+00:00,23.31,454.4,44237
2025-12-31 12:17:00+00:00,21.37,455.6,47111
2025-12-31 12:18:00+00:00,22.08,457.3,60513
2025-12-31 12:19:00+00:00,21.58,456.1,67090
2025-12-31 12:20:00+00:00,21.24,457.5,67366
2025-12-31 12:24:00+00:00,12.70,470.6,60690
2025-12-31 12:25:00+00:00,13.45,465.9,73060
2025-12-31 12:26:00+00:00,13.36,464.0,78672
2025-12-31 12:27:00+00:00,13.46,463.2,77481
2025-12-31 12:28:00+00:00,13.32,463.2,76197
2025-12-31 12:29:00+00:00,13.43,462.8,74465
2025-12-31 12:30:00+00:00,13.53,463.2,77536
2025-12-31 12:31:00+00:00,13.21,464.6,85025
2025-12-31 12:32:00+00:00,13.09,464.0,85022
2025-12-31 12:33:00+00:00,11.74,463.8,78371
2025-12-31 12:34:00+00:00,12.33,459.0,57602
2025-12-31 12:35:00+00:00,14.51,466.6,83151
2025-12-31 12:36:00+00:00,14.41,468.7,96497
2025-12-31 12:37:00+00:00,13.24,475.8,96397
2025-12-31 12:38:00+00:00,12.49,469.2,104473
2025-12-31 12:39:00+00:00,13.62,459.6,83432
2025-12-31 12:40:00+00:00,14.90,461.4,87193
2025-12-31 12:41:00+00:00,15.17,462.2,88964
2025-12-31 12:42:00+00:00,15.67,473.2,64966
2025-12-31 12:43:00+00:00,15.75,475.1,69578
2025-12-31 12:44:00+00:00,16.20,473.7,68841
2025-12-31 12:45:00+00:00,16.56,471.5,65504
2025-12-31 12:46:00+00:00,16.95,460.3,60526
2025-12-31 12:47:00+00:00,17.92,473.8,71475
2025-12-31 12:48:00+00:00,19.98,498.5,90877
2025-12-31 12:49:00+00:00,19.38,489.1,81158
2025-12-31 12:50:00+00:00,15.73,480.3,71346
2025-12-31 12:51:00+00:00,15.87,494.8,82596
2025-12-31 12:52:00+00:00,15.46,493.8,94286
2025-12-31 12:53:00+00:00,17.15,489.8,103969
2025-12-31 12:54:00+00:00,15.81,478.4,72604
2025-12-31 12:55:00+00:00,15.76,501.9,97859
2025-12-31 12:56:00+00:00,15.77,505.7,102090
2025-12-31 12:57:00+00:00,19.65,474.4,60222
2025-12-31 12:58:00+00:00,20.17,443.3,41894
2025-12-31 12:59:00+00:00,19.71,470.5,64531
2025-12-31 13:00:00+00:00,19.65,493.7,79897
2025-12-31 13:01:00+00:00,19.78,483.7,65958
2025-12-31 13:02:00+00:00,19.07,463.8,45784
2025-12-31 13:03:00+00:00,17.48,460.4,49113
2025-12-31 13:04:00+00:00,16.00,492.9,86622
2025-12-31 13:05:00+00:00,16.89,486.1,81863
2025-12-31 13:06:00+00:00,17.12,476.6,56820
2025-12-31 13:07:00+00:00,17.72,480.7,63422
2025-12-31 13:08:00+00:00,16.95,486.6,87159
2025-12-31 13:09:00+00:00,21.25,481.4,84978
2025-12-31 13:10:00+00:00,7.48,440.7,22866
2025-12-31 13:11:00+00:00,6.83,449.7,26142
2025-12-31 13:12:00+00:00,14.97,479.8,88759
2025-12-31 13:13:00+00:00,15.56,475.0,67102
2025-12-31 13:14:00+00:00,15.98,473.5,54211
2025-12-31 13:15:00+00:00,17.19,474.6,58566
2025-12-31 13:16:00+00:00,17.36,473.5,58662
2025-12-31 13:17:00+00:00,16.35,470.0,58172
2025-12-31 13:18:00+00:00,14.35,465.0,58226
2025-12-31 13:19:00+00:00,12.80,467.2,61863
2025-12-31 13:20:00+00:00,13.64,475.7,78175
2025-12-31 13:21:00+00:00,13.51,470.6,88230
2025-12-31 13:22:00+00:00,8.51,462.5,96966
2025-12-31 13:23:00+00:00,8.23,467.7,109666
2025-12-31 13:24:00+00:00,7.71,476.2,124040
2025-12-31 13:25:00+00:00,7.94,477.0,135329
2025-12-31 13:26:00+00:00,5.49,464.1,106815
2025-12-31 13:27:00+00:00,5.26,483.5,177646
2025-12-31 13:28:00+00:00,5.51,468.1,133604
2025-12-31 13:29:00+00:00,5.57,463.5,119790
2025-12-31 13:30:00+00:00,6.14,453.3,124525
2025-12-31 13:31:00+00:00,5.84,470.3,149889
2025-12-31 13:32:00+00:00,5.54,477.2,155013
2025-12-31 13:33:00+00:00,4.76,468.1,142257
2025-12-31 13:34:00+00:00,3.94,449.7,113102
2025-12-31 13:35:00+00:00,4.23,446.7,94312
2025-12-31 13:36:00+00:00,5.52,477.6,134534
2025-12-31 13:37:00+00:00,7.24,472.5,117647
2025-12-31 13:38:00+00:00,6.65,456.8,68549
2025-12-31 13:39:00+00:00,6.86,468.9,100922
2025-12-31 13:40:00+00:00,5.57,482.2,162624
2025-12-31 13:41:00+00:00,5.69,471.4,136147
2025-12-31 13:42:00+00:00,3.63,465.0,181537
2025-12-31 13:43:00+00:00,3.78,473.5,235427
2025-12-31 13:44:00+00:00,3.35,470.9,205359
2025-12-31 13:45:00+00:00,3.34,468.9,145499
2025-12-31 13:46:00+00:00,2.65,444.1,97885
2025-12-31 13:47:00+00:00,2.74,446.7,141030
2025-12-31 13:48:00+00:00,3.24,471.6,207984
2025-12-31 13:49:00+00:00,3.20,476.1,215034
2025-12-31 13:50:00+00:00,2.67,453.5,144360
2025-12-31 13:51:00+00:00,2.28,444.3,120731
2025-12-31 13:52:00+00:00,2.24,472.2,215869
2025-12-31 13:53:00+00:00,1.83,489.0,179102
2025-12-31 13:54:00+00:00,1.28,473.2,123351
2025-12-31 13:55:00+00:00,1.27,471.9,114710
2025-12-31 13:56:00+00:00,1.78,494.3,208718
2025-12-31 13:57:00+00:00,2.27,503.9,318478
2025-12-31 13:58:00+00:00,1.14,470.7,105836
2025-12-31 13:59:00+00:00,0.99,485.8,99717
2025-12-31 14:00:00+00:00,0.46,423.9,45848
2025-12-31 14:01:00+00:00,1.69,475.0,192330
2025-12-31 14:02:00+00:00,2.19,499.5,250620
2025-12-31 14:03:00+00:00,1.76,515.6,205544
2025-12-31 14:04:00+00:00,1.68,498.0,197084
2025-12-31 14:05:00+00:00,1.51,486.2,190635
2025-12-31 14:06:00+00:00,1.41,479.3,164125
2025-12-31 14:07:00+00:00,1.46,475.1,171917
2025-12-31 14:08:00+00:00,1.53,496.9,255130
2025-12-31 14:09:00+00:00,1.53,488.8,210617
2025-12-31 14:10:00+00:00,1.28,488.5,190019
2025-12-31 14:11:00+00:00,1.33,469.1,137291
2025-12-31 14:12:00+00:00,1.86,507.0,251368
2025-12-31 14:13:00+00:00,2.90,491.9,163259
2025-12-31 14:14:00+00:00,2.90,491.9,163259
2025-12-31 14:15:00+00:00,2.28,473.7,156091
2025-12-31 14:16:00+00:00,1.61,524.8,302429
2025-12-31 14:17:00+00:00,2.29,502.1,195980
2025-12-31 14:18:00+00:00,1.21,514.3,261925
2025-12-31 14:19:00+00:00,0.52,532.9,293130
2025-12-31 14:20:00+00:00,0.48,535.5,205531
2025-12-31 14:21:00+00:00,0.45,534.2,145083
2025-12-31 14:22:00+00:00,1.19,535.8,151881
2025-12-31 14:23:00+00:00,1.50,538.5,140270
2025-12-31 14:24:00+00:00,1.69,537.0,149800
2025-12-31 14:25:00+00:00,0.54,518.3,239872
2025-12-31 14:26:00+00:00,0.54,495.5,175252
2025-12-31 14:27:00+00:00,0.54,497.4,169607
2025-12-31 14:28:00+00:00,0.52,523.0,90588
2025-12-31 14:29:00+00:00,0.50,505.0,80866
2025-12-31 14:30:00+00:00,2.91,511.9,108158
2025-12-31 14:31:00+00:00,1.13,521.5,156781
2025-12-31 14:32:00+00:00,1.74,507.8,115496
2025-12-31 14:33:00+00:00,1.96,504.1,103380
2025-12-31 14:34:00+00:00,0.37,495.0,260860
2025-12-31 14:35:00+00:00,0.37,495.0,260860
2025-12-31 14:38:00+00:00,0.17,515.5,258634
2025-12-31 14:39:00+00:00,0.15,506.2,250677
2025-12-31 14:40:00+00:00,0.87,500.3,188141
2025-12-31 14:41:00+00:00,2.39,497.2,118518
2025-12-31 14:42:00+00:00,0.86,504.6,94943
2025-12-31 14:43:00+00:00,0.65,510.5,114127
2025-12-31 14:44:00+00:00,0.43,499.6,131557
2025-12-31 14:45:00+00:00,0.47,512.1,201869
2025-12-31 14:46:00+00:00,0.47,378.1,30984
2025-12-31 14:47:00+00:00,0.42,485.2,125997
2025-12-31 14:48:00+00:00,0.44,494.1,149105
2025-12-31 14:49:00+00:00,0.34,489.0,175851
2025-12-31 14:50:00+00:00,1.07,521.6,384425
2025-12-31 14:51:00+00:00,0.85,516.0,323377
2025-12-31 14:52:00+00:00,0.46,498.6,299927
2025-12-31 14:53:00+00:00,0.46,496.4,373194
2025-12-31 14:55:00+00:00,0.36,510.9,240083
2025-12-31 14:56:00+00:00,0.33,512.3,244226
2025-12-31 14:57:00+00:00,0.46,512.4,212940
2025-12-31 14:58:00+00:00,1.35,497.9,42221
2025-12-31 14:59:00+00:00,,,
2025-12-31 15:01:00+00:00,,,
2025-12-31 15:02:00+00:00,0.17,534.1,259267
2025-12-31 15:03:00+00:00,0.17,515.9,238431
2025-12-31 15:04:00+00:00,0.19,528.0,352663
2025-12-31 15:05:00+00:00,0.19,531.7,382023
2025-12-31 15:06:00+00:00,2.09,615.8,956604
2025-12-31 15:10:00+00:00,0.22,494.4,221893
2025-12-31 15:11:00+00:00,0.26,506.8,258033
2025-12-31 15:12:00+00:00,0.55,517.1,322634
2025-12-31 15:13:00+00:00,1.10,477.7,301512
2025-12-31 15:15:00+00:00,0.78,539.3,200600
2025-12-31 15:16:00+00:00,0.78,539.3,200600
2025-12-31 15:17:00+00:00,0.30,510.5,347334
2025-12-31 15:18:00+00:00,4.26,408.9,40293
2025-12-31 15:19:00+00:00,4.55,401.6,18362
2025-12-31 15:20:00+00:00,0.33,543.2,274990
2025-12-31 15:21:00+00:00,0.35,536.8,272330
2025-12-31 15:22:00+00:00,1.07,451.3,271363
2025-12-31 15:23:00+00:00,0.82,444.0,195932
2025-12-31 15:24:00+00:00,0.57,521.0,261117
2025-12-31 15:25:00+00:00,0.54,541.6,274870
2025-12-31 15:26:00+00:00,0.35,503.0,235748
2025-12-31 15:27:00+00:00,0.32,497.9,256675
2025-12-31 15:28:00+00:00,1.28,484.6,207899
2025-12-31 15:29:00+00:00,3.37,428.9,66685
2025-12-31 15:30:00+00:00,0.74,499.5,168049
2025-12-31 15:31:00+00:00,0.62,497.6,237674
2025-12-31 15:33:00+00:00,4.54,408.7,51335
2025-12-31 15:34:00+00:00,4.54,408.7,51335
2025-12-31 15:35:00+00:00,,,
2025-12-31 15:36:00+00:00,0.59,495.4,384706
2025-12-31 15:37:00+00:00,0.59,495.4,384706
2025-12-31 15:38:00+00:00,1.28,447.6,26059
2025-12-31 15:39:00+00:00,1.12,463.4,33864
2025-12-31 15:40:00+00:00,1.01,474.0,39067
2025-12-31 15:45:00+00:00,0.54,469.9,351574
2025-12-31 15:46:00+00:00,0.54,469.9,351574
2025-12-31 15:47:00+00:00,0.06,394.4,22128
2025-12-31 15:48:00+00:00,0.06,394.4,22128
2025-12-31 15:50:00+00:00,0.77,508.6,267727
2025-12-31 15:51:00+00:00,6.98,377.3,134335
2025-12-31 15:52:00+00:00,2.49,494.3,276767
2025-12-31 15:53:00+00:00,0.64,503.1,287295
2025-12-31 15:54:00+00:00,0.46,493.9,276309
2025-12-31 15:56:00+00:00,0.37,500.2,449054
2025-12-31 15:57:00+00:00,3.89,583.2,411896
2025-12-31 15:58:00+00:00,4.87,595.7,317013
2025-12-31 16:02:00+00:00,0.10,425.6,94676
2025-12-31 16:03:00+00:00,0.05,393.6,33374
2025-12-31 16:04:00+00:00,0.42,488.7,321938
2025-12-31 16:05:00+00:00,0.41,493.8,322753
2025-12-31 16:06:00+00:00,0.32,505.5,300095
2025-12-31 16:07:00+00:00,0.17,434.2,120670
2025-12-31 16:08:00+00:00,0.10,427.9,89294
2025-12-31 16:09:00+00:00,0.08,435.4,89046
2025-12-31 16:10:00+00:00,0.21,484.4,206323
2025-12-31 16:11:00+00:00,0.40,507.1,229418
2025-12-31 16:12:00+00:00,0.48,502.3,214642
2025-12-31 16:13:00+00:00,0.48,498.4,222368
2025-12-31 16:15:00+00:00,0.49,523.1,268169
2025-12-31 16:16:00+00:00,13.18,480.6,204583
2025-12-31 16:17:00+00:00,48.08,364.0,29724
2025-12-31 16:18:00+00:00,0.52,449.9,87430
2025-12-31 16:19:00+00:00,0.52,455.4,103169
2025-12-31 16:20:00+00:00,0.49,532.9,323520
2025-12-31 16:21:00+00:00,0.32,500.2,347218
2025-12-31 16:22:00+00:00,0.26,493.8,330196
2025-12-31 16:23:00+00:00,0.31,477.2,275505
2025-12-31 16:24:00+00:00,0.46,514.5,341808
2025-12-31 16:25:00+00:00,0.50,524.5,360441
2025-12-31 16:26:00+00:00,,,
2025-12-31 16:27:00+00:00,,,
2025-12-31 16:28:00+00:00,0.13,432.6,82376
2025-12-31 16:29:00+00:00,0.13,432.6,82376
2025-12-31 16:30:00+00:00,0.11,416.3,68873
2025-12-31 16:31:00+00:00,0.13,427.6,82676
2025-12-31 16:32:00+00:00,0.15,446.0,98230
2025-12-31 16:33:00+00:00,0.14,446.2,105030
2025-12-31 16:34:00+00:00,0.30,489.9,253683
2025-12-31 16:35:00+00:00,0.27,465.9,170465
2025-12-31 16:36:00+00:00,0.08,411.3,18522
2025-12-31 16:37:00+00:00,0.44,494.7,228038
2025-12-31 16:38:00+00:00,0.35,493.9,300904
2025-12-31 16:39:00+00:00,0.21,438.7,92990
2025-12-31 16:40:00+00:00,0.10,413.3,31301
2025-12-31 16:41:00+00:00,0.21,432.5,63576
2025-12-31 16:42:00+00:00,0.24,440.3,68789
2025-12-31 16:43:00+00:00,0.40,478.5,228267
2025-12-31 16:44:00+00:00,0.46,493.1,242790
2025-12-31 16:45:00+00:00,0.25,460.3,142995
2025-12-31 16:46:00+00:00,0.07,431.5,116660
2025-12-31 16:47:00+00:00,0.07,427.7,105968
2025-12-31 16:48:00+00:00,0.09,427.7,66008
2025-12-31 16:49:00+00:00,0.09,427.7,66008
2025-12-31 16:50:00+00:00,0.04,396.8,26193
2025-12-31 16:51:00+00:00,0.04,399.8,31454
2025-12-31 16:52:00+00:00,0.10,442.1,105114
2025-12-31 16:55:00+00:00,0.07,429.8,72001
2025-12-31 16:56:00+00:00,0.04,424.4,40150
2025-12-31 16:57:00+00:00,0.21,472.1,124957
2025-12-31 16:58:00+00:00,0.29,475.0,152826
2025-12-31 16:59:00+00:00,0.16,436.5,72661
2025-12-31 17:00:00+00:00,0.07,414.7,21614
2025-12-31 17:01:00+00:00,0.06,413.6,22000
2025-12-31 17:02:00+00:00,0.17,506.0,233907
2025-12-31 17:03:00+00:00,0.15,501.0,254681
2025-12-31 17:04:00+00:00,0.16,495.1,262840
2025-12-31 17:05:00+00:00,0.32,506.2,171023
2025-12-31 17:06:00+00:00,0.29,527.8,194819
2025-12-31 17:07:00+00:00,0.27,521.3,183545
2025-12-31 17:08:00+00:00,0.02,430.2,25696
2025-12-31 17:09:00+00:00,0.20,508.4,188136
2025-12-31 17:10:00+00:00,0.17,505.1,494947
2025-12-31 17:11:00+00:00,0.17,482.2,376452
2025-12-31 17:12:00+00:00,0.29,503.7,509663
2025-12-31 17:13:00+00:00,0.20,437.6,161327
2025-12-31 17:14:00+00:00,0.19,475.6,165431
2025-12-31 17:15:00+00:00,0.22,518.9,332636
2025-12-31 17:16:00+00:00,0.13,473.8,195317
2025-12-31 17:17:00+00:00,0.04,427.9,19872
2025-12-31 17:18:00+00:00,0.09,429.0,62866
2025-12-31 17:19:00+00:00,0.08,425.5,53753
2025-12-31 17:20:00+00:00,0.06,418.7,35526
2025-12-31 17:21:00+00:00,0.17,504.6,477924
2025-12-31 17:22:00+00:00,0.17,502.8,452314
2025-12-31 17:23:00+00:00,0.14,488.3,273565
2025-12-31 17:24:00+00:00,0.13,450.3,101545
2025-12-31 17:25:00+00:00,0.17,495.8,383493
2025-12-31 17:26:00+00:00,0.22,506.2,380507
2025-12-31 17:27:00+00:00,0.25,519.4,499169
2025-12-31 17:28:00+00:00,0.21,506.2,460690
2025-12-31 17:29:00+00:00,0.12,465.8,169491
2025-12-31 17:30:00+00:00,0.09,452.4,68761
2025-12-31 17:31:00+00:00,0.32,435.0,73730
2025-12-31 17:32:00+00:00,0.28,467.4,212818
2025-12-31 17:33:00+00:00,0.25,495.8,334521
2025-12-31 17:34:00+00:00,0.21,494.3,264939
2025-12-31 17:35:00+00:00,0.18,470.4,185331
2025-12-31 17:36:00+00:00,0.18,423.3,26434
2025-12-31 17:37:00+00:00,0.36,424.9,27312
2025-12-31 17:38:00+00:00,0.08,404.0,26772
2025-12-31 17:39:00+00:00,0.10,409.9,60047
2025-12-31 17:40:00+00:00,0.31,492.1,525899
2025-12-31 17:41:00+00:00,0.20,495.9,402885
2025-12-31 17:42:00+00:00,0.20,495.9,402885
2025-12-31 17:43:00+00:00,0.07,409.7,27390
2025-12-31 17:44:00+00:00,0.22,505.5,400935
2025-12-31 17:45:00+00:00,0.13,467.4,197191
2025-12-31 17:46:00+00:00,1.05,489.4,156356
2025-12-31 17:47:00+00:00,0.77,505.3,358812
2025-12-31 17:48:00+00:00,0.19,460.2,241586
2025-12-31 17:49:00+00:00,0.13,424.5,40518
2025-12-31 17:50:00+00:00,0.27,482.9,287196
2025-12-31 17:51:00+00:00,0.27,482.9,287196
2025-12-31 17:52:00+00:00,0.70,457.6,243737
2025-12-31 17:53:00+00:00,0.70,457.6,243737
2025-12-31 17:54:00+00:00,1.32,426.4,91464
2025-12-31 17:55:00+00:00,1.31,429.4,102687
2025-12-31 17:56:00+00:00,1.18,472.1,259808
2025-12-31 17:57:00+00:00,0.07,407.8,19233
2025-12-31 17:58:00+00:00,0.26,510.3,338729
2025-12-31 17:59:00+00:00,0.23,507.6,339457
2025-12-31 18:00:00+00:00,0.27,497.4,352822
2025-12-31 18:01:00+00:00,0.27,440.8,109374
2025-12-31 18:02:00+00:00,0.15,475.2,179549
2025-12-31 18:03:00+00:00,0.24,517.4,250142
2025-12-31 18:04:00+00:00,0.22,535.9,198802
2025-12-31 18:05:00+00:00,0.12,550.3,336005
2025-12-31 18:06:00+00:00,0.10,541.9,433975
2025-12-31 18:07:00+00:00,0.08,521.6,261517
2025-12-31 18:08:00+00:00,0.10,523.6,240581
2025-12-31 18:09:00+00:00,0.09,506.6,274963
2025-12-31 18:10:00+00:00,0.10,528.5,245448
2025-12-31 18:11:00+00:00,0.10,528.3,242049
2025-12-31 18:12:00+00:00,0.10,525.4,194455
2025-12-31 18:13:00+00:00,0.23,493.7,83013
2025-12-31 18:14:00+00:00,0.23,493.7,83013
2025-12-31 18:15:00+00:00,0.24,471.3,63574
2025-12-31 18:16:00+00:00,0.10,507.2,202442
2025-12-31 18:17:00+00:00,0.13,507.0,169158
2025-12-31 18:18:00+00:00,0.07,504.8,274150
2025-12-31 18:19:00+00:00,0.02,458.8,144025
2025-12-31 18:20:00+00:00,0.06,458.7,124094
2025-12-31 18:21:00+00:00,0.13,500.9,257628
2025-12-31 18:22:00+00:00,0.27,514.6,224383
2025-12-31 18:23:00+00:00,0.44,509.1,110688
2025-12-31 18:24:00+00:00,0.42,496.3,67474
2025-12-31 18:25:00+00:00,0.42,496.3,67474
2025-12-31 18:27:00+00:00,0.43,506.9,104143
2025-12-31 18:28:00+00:00,0.43,506.9,104143
2025-12-31 18:29:00+00:00,0.28,488.6,76057
2025-12-31 18:30:00+00:00,0.27,488.7,75145
2025-12-31 18:31:00+00:00,0.28,492.6,85382
2025-12-31 18:32:00+00:00,0.27,488.8,93079
2025-12-31 18:33:00+00:00,0.12,482.0,101531
2025-12-31 18:34:00+00:00,0.22,483.8,67323
2025-12-31 18:35:00+00:00,0.33,498.1,95540
2025-12-31 18:36:00+00:00,0.32,497.5,108333
2025-12-31 18:37:00+00:00,0.30,489.8,92356
2025-12-31 18:38:00+00:00,0.20,496.6,119105
2025-12-31 18:39:00+00:00,0.28,495.7,122964
2025-12-31 18:40:00+00:00,0.38,493.0,119255
2025-12-31 18:41:00+00:00,0.23,492.7,102951
2025-12-31 18:42:00+00:00,0.13,500.0,168638
2025-12-31 18:43:00+00:00,0.16,503.4,194648
2025-12-31 18:44:00+00:00,0.44,502.1,85415
2025-12-31 18:45:00+00:00,0.35,495.2,76890
2025-12-31 18:46:00+00:00,0.34,482.3,88121
2025-12-31 18:47:00+00:00,0.32,497.7,104141
2025-12-31 18:48:00+00:00,0.33,470.7,56340
2025-12-31 18:49:00+00:00,0.39,482.0,70249
2025-12-31 18:50:00+00:00,0.44,475.9,75507
2025-12-31 18:51:00+00:00,0.44,499.1,90269
2025-12-31 18:52:00+00:00,0.25,485.9,84301
2025-12-31 18:53:00+00:00,0.08,457.1,69195
2025-12-31 18:54:00+00:00,0.09,461.9,99264
2025-12-31 18:55:00+00:00,0.18,469.0,90143
2025-12-31 18:56:00+00:00,0.28,480.3,88638
2025-12-31 18:57:00+00:00,0.09,472.9,134665
2025-12-31 18:58:00+00:00,0.34,480.3,57804
2025-12-31 18:59:00+00:00,0.34,480.3,57804
2025-12-31 19:02:00+00:00,0.05,439.4,60327
2025-12-31 19:03:00+00:00,0.07,459.5,212214
2025-12-31 19:04:00+00:00,0.03,427.7,80265
2025-12-31 19:05:00+00:00,0.27,462.9,56550
2025-12-31 19:06:00+00:00,0.17,466.9,118220
2025-12-31 19:07:00+00:00,0.06,464.6,158254
2025-12-31 19:08:00+00:00,0.22,471.6,108624
2025-12-31 19:09:00+00:00,0.27,476.1,91785
2025-12-31 19:10:00+00:00,0.18,476.2,147160
2025-12-31 19:11:00+00:00,0.19,475.7,172700
2025-12-31 19:12:00+00:00,0.49,481.4,130571
2025-12-31 19:13:00+00:00,0.42,476.3,116128
2025-12-31 19:14:00+00:00,0.31,456.7,59897
2025-12-31 19:15:00+00:00,1.34,464.0,69727
2025-12-31 19:16:00+00:00,0.76,479.8,67229
2025-12-31 19:17:00+00:00,0.50,477.9,64885
2025-12-31 19:18:00+00:00,0.42,476.4,72714
2025-12-31 19:19:00+00:00,0.42,481.5,70632
2025-12-31 19:20:00+00:00,0.18,469.9,103000
2025-12-31 19:21:00+00:00,0.16,464.6,84881
2025-12-31 19:22:00+00:00,0.24,469.0,73766
2025-12-31 19:23:00+00:00,0.27,475.0,71277
2025-12-31 19:24:00+00:00,0.27,478.2,77658
2025-12-31 19:25:00+00:00,0.22,468.2,80486
2025-12-31 19:26:00+00:00,0.20,454.0,73441
2025-12-31 19:27:00+00:00,0.57,460.0,94137
2025-12-31 19:28:00+00:00,1.02,470.4,123212
2025-12-31 19:29:00+00:00,0.58,450.2,66631
2025-12-31 19:30:00+00:00,0.50,426.8,31793
2025-12-31 19:31:00+00:00,0.50,427.7,32525
2025-12-31 19:32:00+00:00,0.53,439.6,42774
2025-12-31 19:35:00+00:00,1.11,455.2,110280
2025-12-31 19:36:00+00:00,2.42,462.4,87331
2025-12-31 19:37:00+00:00,2.52,463.6,62914
2025-12-31 19:38:00+00:00,2.23,447.2,33279
2025-12-31 19:39:00+00:00,2.29,446.0,31241
2025-12-31 19:40:00+00:00,2.58,463.7,48485
2025-12-31 19:41:00+00:00,2.64,469.5,62941
2025-12-31 19:42:00+00:00,2.06,451.1,48088
2025-12-31 19:43:00+00:00,1.70,455.9,37812
2025-12-31 19:44:00+00:00,2.43,497.0,86686
2025-12-31 19:45:00+00:00,2.59,482.7,97222
2025-12-31 19:46:00+00:00,2.72,472.5,48271
2025-12-31 19:47:00+00:00,2.67,468.7,49797
2025-12-31 19:48:00+00:00,3.34,471.4,86811
2025-12-31 19:49:00+00:00,1.79,475.4,54776
2025-12-31 19:50:00+00:00,1.79,475.4,54776
2025-12-31 19:51:00+00:00,,,
2025-12-31 19:52:00+00:00,3.66,446.5,76243
2025-12-31 19:53:00+00:00,2.83,449.5,57108
2025-12-31 19:54:00+00:00,2.47,449.6,50116
2025-12-31 19:55:00+00:00,2.55,444.5,50184
2025-12-31 19:56:00+00:00,3.26,447.8,70186
2025-12-31 19:57:00+00:00,2.59,441.7,79093
2025-12-31 19:58:00+00:00,1.83,434.8,100736
2025-12-31 19:59:00+00:00,3.02,448.4,143963
2025-12-31 20:00:00+00:00,3.49,454.2,123354
2025-12-31 20:01:00+00:00,3.19,447.2,85720
2025-12-31 20:02:00+00:00,1.78,436.7,73333
2025-12-31 20:03:00+00:00,1.58,414.5,55797
2025-12-31 20:04:00+00:00,3.64,436.1,88356
2025-12-31 20:07:00+00:00,2.44,486.0,128188
2025-12-31 20:08:00+00:00,0.90,458.8,85798
2025-12-31 20:09:00+00:00,54.76,400.0,58282
2025-12-31 20:10:00+00:00,74.49,381.1,52129
2025-12-31 20:11:00+00:00,0.78,430.4,80626
2025-12-31 20:12:00+00:00,1.10,429.4,127118
2025-12-31 20:13:00+00:00,0.91,442.7,117350
2025-12-31 20:14:00+00:00,0.45,445.7,70110
2025-12-31 20:15:00+00:00,0.60,437.1,129928
2025-12-31 20:16:00+00:00,0.65,457.2,212980
2025-12-31 20:17:00+00:00,0.73,451.8,198324
2025-12-31 20:18:00+00:00,0.55,443.4,108541
2025-12-31 20:19:00+00:00,0.56,444.2,115431
2025-12-31 20:20:00+00:00,0.68,455.7,211891
2025-12-31 20:21:00+00:00,0.41,478.4,75033
2025-12-31 20:22:00+00:00,0.41,478.4,75033
2025-12-31 20:23:00+00:00,0.46,459.1,109034
2025-12-31 20:24:00+00:00,0.53,471.2,118408
2025-12-31 20:25:00+00:00,0.43,472.6,69736
2025-12-31 20:26:00+00:00,0.38,472.0,51184
2025-12-31 20:27:00+00:00,0.47,443.3,67112
2025-12-31 20:28:00+00:00,0.45,447.2,66684
2025-12-31 20:29:00+00:00,0.48,441.8,71931
2025-12-31 20:30:00+00:00,0.49,431.6,72245
2025-12-31 20:31:00+00:00,0.68,432.5,79221
2025-12-31 20:32:00+00:00,1.10,434.6,115466
2025-12-31 20:33:00+00:00,0.98,429.6,111934
2025-12-31 20:34:00+00:00,0.85,411.6,50918
2025-12-31 20:35:00+00:00,0.31,405.9,40303
2025-12-31 20:36:00+00:00,0.59,462.0,191887
2025-12-31 20:37:00+00:00,1.35,446.5,139141
2025-12-31 20:38:00+00:00,0.51,433.4,82136
2025-12-31 20:39:00+00:00,0.45,432.5,78064
2025-12-31 20:40:00+00:00,0.56,439.6,75237
2025-12-31 20:41:00+00:00,0.51,441.5,75002
2025-12-31 20:42:00+00:00,0.51,438.9,72125
2025-12-31 20:43:00+00:00,0.50,441.7,70568
2025-12-31 20:44:00+00:00,0.50,445.0,68929
2025-12-31 20:45:00+00:00,0.51,445.3,67588
2025-12-31 20:46:00+00:00,0.35,417.8,27287
2025-12-31 20:47:00+00:00,0.55,432.5,52706
2025-12-31 20:48:00+00:00,0.99,460.6,96337
2025-12-31 20:49:00+00:00,1.08,457.2,76513
2025-12-31 20:50:00+00:00,0.38,415.0,35640
2025-12-31 20:51:00+00:00,0.40,418.8,44785
2025-12-31 20:52:00+00:00,0.64,472.2,172811
2025-12-31 20:53:00+00:00,1.23,463.4,46820
2025-12-31 20:54:00+00:00,1.23,463.4,46820
2025-12-31 20:55:00+00:00,1.26,448.6,58109
2025-12-31 20:56:00+00:00,1.10,466.3,71734
2025-12-31 20:57:00+00:00,0.40,459.5,73063
2025-12-31 20:58:00+00:00,0.35,452.3,63427
2025-12-31 20:59:00+00:00,0.41,449.2,57207
2025-12-31 21:00:00+00:00,0.46,452.3,66202
2025-12-31 21:01:00+00:00,0.66,455.0,65624
2025-12-31 21:02:00+00:00,0.82,454.0,54782
2025-12-31 21:03:00+00:00,0.69,467.3,49747
2025-12-31 21:04:00+00:00,0.58,465.3,47578
2025-12-31 21:05:00+00:00,0.29,459.9,41614
2025-12-31 21:06:00+00:00,0.14,456.2,79394
2025-12-31 21:07:00+00:00,0.18,457.7,78797
2025-12-31 21:08:00+00:00,0.81,479.2,70439
2025-12-31 21:09:00+00:00,0.62,447.9,24340
2025-12-31 21:10:00+00:00,0.62,447.9,24340
2025-12-31 21:11:00+00:00,1.03,448.6,47448
2025-12-31 21:12:00+00:00,1.03,448.6,47448
2025-12-31 21:13:00+00:00,0.40,459.3,68027
2025-12-31 21:14:00+00:00,0.40,459.3,68027
2025-12-31 21:15:00+00:00,0.34,444.3,41467
2025-12-31 21:16:00+00:00,0.45,460.9,75349
2025-12-31 21:17:00+00:00,0.46,470.4,77908
2025-12-31 21:18:00+00:00,0.36,464.5,46950
2025-12-31 21:19:00+00:00,0.75,461.2,57719
2025-12-31 21:20:00+00:00,0.77,467.0,86212
2025-12-31 21:21:00+00:00,0.72,476.5,138404
2025-12-31 21:22:00+00:00,0.32,450.6,32343
2025-12-31 21:23:00+00:00,0.57,456.8,29056
2025-12-31 21:24:00+00:00,0.22,480.8,111300
2025-12-31 21:25:00+00:00,0.63,462.8,48989
2025-12-31 21:26:00+00:00,0.63,462.8,48989
2025-12-31 21:27:00+00:00,1.09,463.0,38132
2025-12-31 21:28:00+00:00,1.22,474.3,89590
2025-12-31 21:29:00+00:00,1.08,464.8,62801
2025-12-31 21:30:00+00:00,1.02,460.3,48382
2025-12-31 21:31:00+00:00,0.94,442.4,34674
2025-12-31 21:32:00+00:00,0.80,460.3,88750
2025-12-31 21:33:00+00:00,0.55,465.7,90948
2025-12-31 21:34:00+00:00,0.42,451.4,39586
2025-12-31 21:35:00+00:00,0.46,457.0,55797
2025-12-31 21:36:00+00:00,0.60,475.7,88266
2025-12-31 21:37:00+00:00,0.77,475.7,90069
2025-12-31 21:38:00+00:00,0.41,442.0,24390
2025-12-31 21:39:00+00:00,0.43,444.3,30824
2025-12-31 21:40:00+00:00,0.66,476.5,120910
2025-12-31 21:41:00+00:00,0.52,447.6,44800
2025-12-31 21:42:00+00:00,0.52,447.6,44800
2025-12-31 21:43:00+00:00,0.70,451.4,39863
2025-12-31 21:44:00+00:00,0.68,479.2,108761
2025-12-31 21:45:00+00:00,0.67,486.2,125985
2025-12-31 21:47:00+00:00,0.40,451.5,37604
2025-12-31 21:48:00+00:00,0.58,462.2,85459
2025-12-31 21:49:00+00:00,0.58,458.0,88750
2025-12-31 21:50:00+00:00,0.42,439.1,45193
2025-12-31 21:51:00+00:00,0.56,438.0,60057
2025-12-31 21:52:00+00:00,0.81,446.8,86801
2025-12-31 21:53:00+00:00,0.93,448.8,83018
2025-12-31 21:54:00+00:00,0.47,424.3,40213
2025-12-31 21:55:00+00:00,0.49,428.1,46335
2025-12-31 21:56:00+00:00,0.75,481.3,132036
2025-12-31 21:57:00+00:00,0.79,460.5,63521
2025-12-31 21:58:00+00:00,0.79,460.5,63521
2025-12-31 21:59:00+00:00,0.76,472.0,67611
2025-12-31 22:04:00+00:00,0.31,468.8,74222
2025-12-31 22:05:00+00:00,0.58,468.8,74222
2025-12-31 22:07:00+00:00,0.52,446.9,41251
2025-12-31 22:08:00+00:00,0.54,453.0,41107
2025-12-31 22:09:00+00:00,0.60,469.8,40710
2025-12-31 22:10:00+00:00,0.85,457.7,72119
2025-12-31 22:11:00+00:00,0.88,458.2,73717
2025-12-31 22:12:00+00:00,1.33,464.8,96087
2025-12-31 22:13:00+00:00,0.54,465.4,55422
2025-12-31 22:14:00+00:00,0.54,465.4,55422
2025-12-31 22:15:00+00:00,0.50,457.8,54338
2025-12-31 22:16:00+00:00,0.76,478.3,112166
2025-12-31 22:17:00+00:00,0.82,483.5,126624
2025-12-31 22:19:00+00:00,1.11,433.2,23776
2025-12-31 22:20:00+00:00,0.69,450.3,40579
2025-12-31 22:21:00+00:00,0.32,465.2,55282
2025-12-31 22:23:00+00:00,0.32,450.7,45013
2025-12-31 22:24:00+00:00,0.42,455.9,62629
2025-12-31 22:25:00+00:00,0.72,470.0,111072
2025-12-31 22:26:00+00:00,0.55,468.3,84308
2025-12-31 22:27:00+00:00,0.57,468.8,83651
2025-12-31 22:28:00+00:00,0.82,476.1,74465
2025-12-31 22:29:00+00:00,0.74,472.5,74519
2025-12-31 22:30:00+00:00,0.74,472.5,74519
2025-12-31 22:31:00+00:00,0.49,442.7,34235
2025-12-31 22:32:00+00:00,0.80,469.8,85596
2025-12-31 22:33:00+00:00,0.88,476.5,98436
2025-12-31 22:35:00+00:00,0.67,456.0,46760
2025-12-31 22:36:00+00:00,0.83,460.2,53005
2025-12-31 22:37:00+00:00,0.97,463.9,58469
2025-12-31 22:38:00+00:00,0.76,471.0,42691
2025-12-31 22:39:00+00:00,0.74,463.5,38465
2025-12-31 22:40:00+00:00,0.69,454.0,34146
2025-12-31 22:41:00+00:00,0.71,468.9,45510
2025-12-31 22:42:00+00:00,0.71,479.1,59636
2025-12-31 22:43:00+00:00,0.70,479.2,60388
2025-12-31 22:44:00+00:00,0.50,481.5,70913
2025-12-31 22:45:00+00:00,0.55,464.1,53626
2025-12-31 22:46:00+00:00,0.55,464.1,53626
2025-12-31 22:47:00+00:00,0.34,454.1,30358
2025-12-31 22:48:00+00:00,0.83,475.6,76678
2025-12-31 22:49:00+00:00,0.96,480.9,88258
2025-12-31 22:52:00+00:00,0.32,472.3,77819
2025-12-31 22:53:00+00:00,0.32,472.3,77819
2025-12-31 22:55:00+00:00,1.12,477.5,65574
2025-12-31 22:56:00+00:00,0.91,476.7,69548
2025-12-31 22:57:00+00:00,0.34,474.7,80474
2025-12-31 22:58:00+00:00,0.96,457.2,58962
2025-12-31 22:59:00+00:00,0.97,459.0,61424
2025-12-31 23:00:00+00:00,1.13,483.1,95888
2025-12-31 23:01:00+00:00,1.19,480.7,48918
2025-12-31 23:02:00+00:00,1.19,480.7,48918
2025-12-31 23:03:00+00:00,13.55,389.5,138284
2025-12-31 23:04:00+00:00,3.49,468.9,73902
2025-12-31 23:05:00+00:00,0.97,488.7,57806
2025-12-31 23:07:00+00:00,0.93,487.5,63788
2025-12-31 23:08:00+00:00,1.17,483.1,66713
2025-12-31 23:09:00+00:00,1.39,479.3,69272
2025-12-31 23:10:00+00:00,1.48,508.7,61086
2025-12-31 23:11:00+00:00,1.24,506.6,62354
2025-12-31 23:12:00+00:00,0.77,500.1,64551
2025-12-31 23:13:00+00:00,0.80,493.2,63619
2025-12-31 23:14:00+00:00,1.28,502.5,63652
2025-12-31 23:15:00+00:00,1.20,501.7,67110
2025-12-31 23:16:00+00:00,0.13,490.7,115520
2025-12-31 23:17:00+00:00,0.16,498.0,161924
2025-12-31 23:18:00+00:00,0.16,498.0,161924
2025-12-31 23:19:00+00:00,0.68,496.7,86644
2025-12-31 23:20:00+00:00,1.24,495.0,74595
2025-12-31 23:21:00+00:00,1.38,494.6,71583
2025-12-31 23:23:00+00:00,1.92,498.2,78240
2025-12-31 23:24:00+00:00,1.92,498.2,78240
2025-12-31 23:27:00+00:00,1.55,494.5,70684
2025-12-31 23:28:00+00:00,1.38,496.6,79733
2025-12-31 23:29:00+00:00,0.91,502.3,104620
2025-12-31 23:30:00+00:00,0.47,481.5,89934
2025-12-31 23:31:00+00:00,0.46,481.8,89862
2025-12-31 23:32:00+00:00,0.37,486.9,88850
2025-12-31 23:33:00+00:00,0.31,476.2,49042
2025-12-31 23:34:00+00:00,0.31,476.2,49042
2025-12-31 23:35:00+00:00,0.46,487.0,61655
2025-12-31 23:36:00+00:00,0.19,482.5,78085
2025-12-31 23:37:00+00:00,0.13,481.4,82193
2025-12-31 23:39:00+00:00,0.25,486.3,62239
2025-12-31 23:40:00+00:00,0.24,483.5,65613
2025-12-31 23:41:00+00:00,0.22,481.0,68565
2025-12-31 23:43:00+00:00,0.26,490.7,72429
2025-12-31 23:44:00+00:00,0.23,489.6,81298
2025-12-31 23:45:00+00:00,0.16,486.6,105689
2025-12-31 23:46:00+00:00,0.04,487.9,109731
2025-12-31 23:47:00+00:00,0.06,487.8,107983
2025-12-31 23:48:00+00:00,0.29,487.3,83518
2025-12-31 23:49:00+00:00,0.11,480.4,76075
2025-12-31 23:50:00+00:00,0.11,480.4,76075
2025-12-31 23:51:00+00:00,0.44,493.4,77998
2025-12-31 23:52:00+00:00,0.56,501.3,83658
2025-12-31 23:53:00+00:00,0.59,503.2,85073
2025-12-31 23:55:00+00:00,0.08,486.3,103059
2025-12-31 23:56:00+00:00,0.11,488.8,93316
2025-12-31 23:57:00+00:00,0.13,491.1,84791
2025-12-31 23:59:00+00:00,0.47,495.4,76886
2026-01-01 00:00:00+00:00,0.51,494.5,83484
2026-01-01 00:01:00+00:00,0.61,492.0,101630
2026-01-01 00:02:00+00:00,0.36,486.3,48944
2026-01-01 00:03:00+00:00,0.35,486.8,54905
2026-01-01 00:04:00+00:00,0.13,493.3,138358
2026-01-01 00:05:00+00:00,0.65,497.7,143165
2026-01-01 00:06:00+00:00,0.65,497.7,143165
2026-01-01 00:07:00+00:00,3.20,469.5,227975
2026-01-01 00:08:00+00:00,3.06,464.2,180994
2026-01-01 00:09:00+00:00,3.03,462.9,169249
2026-01-01 00:11:00+00:00,3.24,463.5,222397
2026-01-01 00:12:00+00:00,3.57,460.9,183137
2026-01-01 00:13:00+00:00,3.86,458.6,148785
2026-01-01 00:15:00+00:00,3.70,454.3,132671
2026-01-01 00:16:00+00:00,3.63,454.3,138591
2026-01-01 00:17:00+00:00,3.44,454.2,154871
2026-01-01 00:18:00+00:00,2.85,469.5,243430
2026-01-01 00:19:00+00:00,2.85,469.5,240543
2026-01-01 00:20:00+00:00,2.85,469.7,200134
2026-01-01 00:21:00+00:00,2.77,485.5,249358
2026-01-01 00:22:00+00:00,2.77,485.5,249358
2026-01-01 00:23:00+00:00,2.25,467.3,166532
2026-01-01 00:24:00+00:00,2.79,473.7,199042
2026-01-01 00:25:00+00:00,2.90,486.3,250126
2026-01-01 00:26:00+00:00,2.90,490.3,265747
2026-01-01 00:27:00+00:00,2.47,474.0,225274
2026-01-01 00:28:00+00:00,2.53,470.8,207767
2026-01-01 00:29:00+00:00,2.58,467.9,192449
2026-01-01 00:31:00+00:00,2.10,481.0,210779
2026-01-01 00:32:00+00:00,2.28,484.3,234654
2026-01-01 00:33:00+00:00,2.79,493.5,300311
2026-01-01 00:34:00+00:00,1.78,479.6,166068
2026-01-01 00:35:00+00:00,1.80,479.3,166376
2026-01-01 00:36:00+00:00,2.05,476.2,170690
2026-01-01 00:37:00+00:00,2.09,492.3,196400
2026-01-01 00:38:00+00:00,2.09,492.3,196400
2026-01-01 00:39:00+00:00,1.69,470.5,193221
2026-01-01 00:40:00+00:00,1.72,477.7,177517
2026-01-01 00:41:00+00:00,1.73,479.4,173591
2026-01-01 00:43:00+00:00,1.96,493.6,119139
2026-01-01 00:44:00+00:00,2.19,487.5,160237
2026-01-01 00:45:00+00:00,2.40,482.1,196198
2026-01-01 00:47:00+00:00,1.99,479.6,152303
2026-01-01 00:48:00+00:00,1.84,483.7,173713
2026-01-01 00:49:00+00:00,1.44,495.0,232592
2026-01-01 00:50:00+00:00,1.79,471.0,162933
2026-01-01 00:51:00+00:00,1.79,471.6,162420
2026-01-01 00:52:00+00:00,1.70,479.6,155241
2026-01-01 00:53:00+00:00,1.67,489.1,228519
2026-01-01 00:54:00+00:00,1.67,489.1,228519
2026-01-01 00:55:00+00:00,1.46,485.9,154861
2026-01-01 00:56:00+00:00,2.23,467.4,128319
2026-01-01 00:57:00+00:00,2.42,462.7,121683
2026-01-01 00:59:00+00:00,2.73,465.5,134439
2026-01-01 01:00:00+00:00,3.01,464.2,133467
2026-01-01 01:01:00+00:00,3.26,463.0,132617
2026-01-01 01:04:00+00:00,2.39,472.8,128824
2026-01-01 01:05:00+00:00,2.39,472.8,128824
2026-01-01 01:06:00+00:00,2.23,475.4,142454
2026-01-01 01:07:00+00:00,2.20,475.5,140178
2026-01-01 01:08:00+00:00,1.81,477.2,108310
2026-01-01 01:09:00+00:00,1.88,491.8,141062
2026-01-01 01:10:00+00:00,1.88,491.8,141062
2026-01-01 01:11:00+00:00,2.85,464.7,150439
2026-01-01 01:12:00+00:00,1.63,473.6,143410
2026-01-01 01:13:00+00:00,1.36,486.8,158924
2026-01-01 01:14:00+00:00,1.37,490.9,165204
2026-01-01 01:15:00+00:00,2.47,466.8,111174
2026-01-01 01:16:00+00:00,2.11,466.8,133324
2026-01-01 01:17:00+00:00,1.80,466.9,152705
2026-01-01 01:19:00+00:00,2.19,470.9,104317
2026-01-01 01:20:00+00:00,2.14,469.5,111181
2026-01-01 01:21:00+00:00,2.03,465.6,130058
2026-01-01 01:22:00+00:00,2.14,475.3,158342
2026-01-01 01:23:00+00:00,2.14,475.9,155801
2026-01-01 01:24:00+00:00,2.14,483.7,120223
2026-01-01 01:25:00+00:00,2.06,514.1,180898
2026-01-01 01:26:00+00:00,2.06,514.1,180898
2026-01-01 01:27:00+00:00,1.75,469.7,136522
2026-01-01 01:28:00+00:00,1.81,468.5,120000
2026-01-01 01:29:00+00:00,1.90,483.8,184163
2026-01-01 01:30:00+00:00,1.92,489.5,208997
2026-01-01 01:31:00+00:00,1.72,467.8,170861
2026-01-01 01:32:00+00:00,2.32,474.9,143870
2026-01-01 01:33:00+00:00,2.85,481.1,120253
2026-01-01 01:35:00+00:00,1.69,465.3,116215
2026-01-01 01:36:00+00:00,1.69,465.3,116215
2026-01-01 01:38:00+00:00,2.40,471.7,102487
2026-01-01 01:39:00+00:00,2.43,471.6,104430
2026-01-01 01:40:00+00:00,2.87,470.0,131630
2026-01-01 01:41:00+00:00,3.06,478.9,164069
2026-01-01 01:42:00+00:00,3.06,478.9,164069
2026-01-01 01:43:00+00:00,2.63,473.3,115564
2026-01-01 01:44:00+00:00,2.78,470.9,110757
2026-01-01 01:45:00+00:00,2.82,470.4,109555
2026-01-01 01:47:00+00:00,2.80,468.1,117123
2026-01-01 01:48:00+00:00,2.49,466.5,121589
2026-01-01 01:49:00+00:00,2.22,465.1,125497
2026-01-01 01:51:00+00:00,2.83,483.4,138977
2026-01-01 01:52:00+00:00,3.11,483.5,156939
2026-01-01 01:53:00+00:00,3.87,483.6,206336
2026-01-01 01:54:00+00:00,3.24,464.3,135980
2026-01-01 01:55:00+00:00,3.21,464.1,136744
2026-01-01 01:56:00+00:00,2.79,460.3,147434
2026-01-01 01:57:00+00:00,3.36,468.0,176039
2026-01-01 01:58:00+00:00,3.36,468.0,176039
2026-01-01 01:59:00+00:00,3.13,462.3,137432
2026-01-01 02:00:00+00:00,2.28,465.4,132190
2026-01-01 02:01:00+00:00,2.06,466.1,130879
2026-01-01 02:03:00+00:00,2.51,460.6,149980
2026-01-01 02:04:00+00:00,2.62,460.4,142007
2026-01-01 02:05:00+00:00,2.71,460.1,135031
2026-01-01 02:07:00+00:00,2.68,468.0,108469
2026-01-01 02:08:00+00:00,2.69,469.9,111992
2026-01-01 02:09:00+00:00,2.74,475.0,121682
2026-01-01 02:11:00+00:00,2.60,483.9,129273
2026-01-01 02:12:00+00:00,2.60,483.9,129273
2026-01-01 02:13:00+00:00,2.75,488.3,169031
2026-01-01 02:14:00+00:00,2.75,488.3,169031
2026-01-01 02:15:00+00:00,2.60,469.5,127975
2026-01-01 02:16:00+00:00,2.56,469.9,122857
2026-01-01 02:17:00+00:00,2.69,487.0,174836
2026-01-01 02:18:00+00:00,2.73,493.1,194202
2026-01-01 02:19:00+00:00,3.13,470.6,135147
2026-01-01 02:20:00+00:00,2.70,469.6,135721
2026-01-01 02:21:00+00:00,2.32,468.7,136222
2026-01-01 02:23:00+00:00,2.45,470.8,134183
2026-01-01 02:24:00+00:00,2.49,470.8,130358
2026-01-01 02:25:00+00:00,2.61,470.7,119842
2026-01-01 02:26:00+00:00,2.56,473.3,129987
2026-01-01 02:27:00+00:00,2.58,473.2,129696
2026-01-01 02:28:00+00:00,2.83,471.7,125620
2026-01-01 02:29:00+00:00,2.64,479.1,192772
2026-01-01 02:30:00+00:00,2.64,479.1,192772
2026-01-01 02:31:00+00:00,2.75,476.3,132583
2026-01-01 02:32:00+00:00,3.49,480.9,112771
2026-01-01 02:33:00+00:00,3.51,495.4,126821
2026-01-01 02:34:00+00:00,3.45,500.3,133731
2026-01-01 02:35:00+00:00,4.39,498.8,89199
2026-01-01 02:36:00+00:00,4.46,490.9,82190
2026-01-01 02:37:00+00:00,4.53,484.0,76058
2026-01-01 02:39:00+00:00,2.49,465.5,148857
2026-01-01 02:40:00+00:00,2.49,465.5,148857
2026-01-01 02:43:00+00:00,1.78,473.3,165183
2026-01-01 02:44:00+00:00,1.78,473.3,165183
2026-01-01 02:45:00+00:00,3.00,486.2,180733
2026-01-01 02:46:00+00:00,3.00,486.2,180733
2026-01-01 02:47:00+00:00,1.77,468.7,165832
2026-01-01 02:48:00+00:00,1.58,464.1,150915
2026-01-01 02:49:00+00:00,1.53,462.9,147185
2026-01-01 02:51:00+00:00,1.79,456.7,212820
2026-01-01 02:52:00+00:00,1.96,461.7,200877
2026-01-01 02:53:00+00:00,2.10,466.0,190428
2026-01-01 02:56:00+00:00,2.41,466.2,179889
2026-01-01 02:57:00+00:00,2.41,466.2,179889
2026-01-01 02:58:00+00:00,2.64,461.4,216738
2026-01-01 02:59:00+00:00,2.65,460.4,212003
2026-01-01 03:00:00+00:00,2.74,447.1,145702
2026-01-01 03:01:00+00:00,2.80,448.8,213729
2026-01-01 03:02:00+00:00,2.80,448.8,213729
2026-01-01 03:03:00+00:00,1.82,462.5,191532
2026-01-01 03:04:00+00:00,2.07,466.3,174475
2026-01-01 03:05:00+00:00,2.37,471.3,240215
2026-01-01 03:06:00+00:00,2.46,472.8,265672
2026-01-01 03:07:00+00:00,2.32,453.8,226064
2026-01-01 03:08:00+00:00,2.41,456.4,198175
2026-01-01 03:09:00+00:00,2.49,458.7,173772
2026-01-01 03:11:00+00:00,2.01,464.0,240331
2026-01-01 03:12:00+00:00,2.08,461.5,242270
2026-01-01 03:13:00+00:00,2.29,454.6,247600
2026-01-01 03:17:00+00:00,2.06,426.6,125055
2026-01-01 03:18:00+00:00,2.06,426.6,125055
2026-01-01 03:19:00+00:00,2.99,447.2,234646
2026-01-01 03:20:00+00:00,3.18,445.3,228144
2026-01-01 03:21:00+00:00,3.58,455.5,312546
2026-01-01 03:22:00+00:00,3.71,459.4,343829
2026-01-01 03:23:00+00:00,3.05,443.9,219113
2026-01-01 03:24:00+00:00,2.95,444.1,244804
2026-01-01 03:25:00+00:00,2.86,444.2,267283
2026-01-01 03:27:00+00:00,2.31,486.9,108408
2026-01-01 03:28:00+00:00,2.21,485.4,131940
2026-01-01 03:29:00+00:00,1.92,481.4,196653
2026-01-01 03:30:00+00:00,3.21,475.8,128484
2026-01-01 03:31:00+00:00,3.07,475.7,130117
2026-01-01 03:32:00+00:00,1.04,474.0,152974
2026-01-01 03:33:00+00:00,1.54,478.5,176108
2026-01-01 03:34:00+00:00,1.54,478.5,176108
2026-01-01 03:35:00+00:00,1.49,487.3,183486
2026-01-01 03:36:00+00:00,1.84,487.6,176763
2026-01-01 03:37:00+00:00,0.62,424.9,73358
2026-01-01 03:38:00+00:00,0.15,402.1,36367
2026-01-01 03:39:00+00:00,1.61,487.8,202472
2026-01-01 03:40:00+00:00,1.73,488.3,204664
2026-01-01 03:41:00+00:00,1.85,488.8,206581
2026-01-01 03:43:00+00:00,1.91,489.8,205945
2026-01-01 03:44:00+00:00,2.10,493.5,208100
2026-01-01 03:45:00+00:00,2.60,503.7,214027
2026-01-01 03:46:00+00:00,1.89,490.9,175887
2026-01-01 03:47:00+00:00,1.93,491.0,173304
2026-01-01 03:48:00+00:00,2.38,492.1,137139
2026-01-01 03:51:00+00:00,2.03,483.4,134088
2026-01-01 03:52:00+00:00,1.85,483.2,122155
2026-01-01 03:53:00+00:00,1.79,504.0,161955
2026-01-01 03:54:00+00:00,1.79,511.6,177512
2026-01-01 03:55:00+00:00,1.63,483.6,98581
2026-01-01 03:56:00+00:00,1.50,481.3,103209
2026-01-01 03:59:00+00:00,1.73,478.7,127468
2026-01-01 04:00:00+00:00,1.81,480.3,125678
2026-01-01 04:01:00+00:00,2.05,484.5,120756
2026-01-01 04:03:00+00:00,2.43,480.9,124621
2026-01-01 04:04:00+00:00,2.43,480.9,124621
2026-01-01 04:05:00+00:00,3.02,490.6,316150
2026-01-01 04:06:00+00:00,3.02,490.6,316150
2026-01-01 04:07:00+00:00,2.30,463.7,220344
2026-01-01 04:08:00+00:00,2.86,452.2,233326
2026-01-01 04:09:00+00:00,3.17,456.7,268042
2026-01-01 04:10:00+00:00,3.23,459.4,279486
2026-01-01 04:11:00+00:00,2.06,469.7,160940
2026-01-01 04:12:00+00:00,1.95,466.2,144448
2026-01-01 04:13:00+00:00,1.86,463.1,130017
2026-01-01 04:15:00+00:00,2.02,472.3,153338
2026-01-01 04:16:00+00:00,1.99,469.4,150696
2026-01-01 04:17:00+00:00,1.93,461.3,143431
2026-01-01 04:19:00+00:00,2.09,457.7,133336
2026-01-01 04:20:00+00:00,2.09,457.7,133336
2026-01-01 04:23:00+00:00,1.20,474.9,152961
2026-01-01 04:24:00+00:00,1.42,455.6,149730
2026-01-01 04:25:00+00:00,1.52,461.4,170777
2026-01-01 04:26:00+00:00,1.53,465.2,178725
2026-01-01 04:27:00+00:00,1.23,460.8,150084
2026-01-01 04:28:00+00:00,1.30,461.5,149310
2026-01-01 04:29:00+00:00,1.36,462.0,148633
2026-01-01 04:31:00+00:00,1.97,464.9,208880
2026-01-01 04:32:00+00:00,2.38,467.6,186970
2026-01-01 04:33:00+00:00,3.49,475.0,126715
2026-01-01 04:35:00+00:00,3.38,487.9,157831
2026-01-01 04:36:00+00:00,3.38,487.9,157831
2026-01-01 04:37:00+00:00,7.85,519.4,113468
2026-01-01 04:38:00+00:00,7.85,519.4,113468
2026-01-01 04:39:00+00:00,2.84,455.7,172132
2026-01-01 04:40:00+00:00,3.45,456.4,172376
2026-01-01 04:41:00+00:00,3.59,466.4,213476
2026-01-01 04:42:00+00:00,3.58,470.0,228399
2026-01-01 04:43:00+00:00,3.36,455.6,165287
2026-01-01 04:44:00+00:00,3.27,454.5,190603
2026-01-01 04:45:00+00:00,3.20,453.5,212754
2026-01-01 04:47:00+00:00,2.83,458.5,243475
2026-01-01 04:48:00+00:00,2.67,453.8,216197
2026-01-01 04:49:00+00:00,2.24,440.9,141182
2026-01-01 04:50:00+00:00,3.45,456.2,243651
2026-01-01 04:51:00+00:00,3.44,456.2,246344
2026-01-01 04:52:00+00:00,3.30,456.9,284047
2026-01-01 04:56:00+00:00,3.90,462.4,172323
2026-01-01 04:57:00+00:00,3.90,462.4,172323
2026-01-01 04:59:00+00:00,4.53,470.4,174204
2026-01-01 05:00:00+00:00,4.08,467.4,165673
2026-01-01 05:01:00+00:00,3.68,464.7,158209
2026-01-01 05:03:00+00:00,4.13,473.7,169496
2026-01-01 05:04:00+00:00,4.01,469.3,167067
2026-01-01 05:05:00+00:00,3.67,457.4,160388
2026-01-01 05:07:00+00:00,3.31,458.2,211566
2026-01-01 05:08:00+00:00,3.31,458.2,211566
2026-01-01 05:09:00+00:00,2.60,460.5,213752
2026-01-01 05:10:00+00:00,2.60,460.5,213752
2026-01-01 05:11:00+00:00,2.43,456.3,172618
2026-01-01 05:12:00+00:00,2.73,461.4,197897
2026-01-01 05:13:00+00:00,2.87,470.7,257868
2026-01-01 05:14:00+00:00,2.89,473.5,277378
2026-01-01 05:15:00+00:00,1.84,466.2,240684
2026-01-01 05:16:00+00:00,2.02,468.4,215676
2026-01-01 05:17:00+00:00,2.17,470.4,193794
2026-01-01 05:19:00+00:00,2.28,468.3,186573
2026-01-01 05:20:00+00:00,2.27,465.7,197472
2026-01-01 05:21:00+00:00,2.24,458.4,227447
2026-01-01 05:23:00+00:00,2.47,466.1,245444
2026-01-01 05:24:00+00:00,2.47,466.1,245444
2026-01-01 05:25:00+00:00,2.99,472.8,206318
2026-01-01 05:26:00+00:00,2.99,472.8,206318
2026-01-01 05:27:00+00:00,2.53,479.1,243491
2026-01-01 05:28:00+00:00,2.53,479.1,243491
2026-01-01 05:29:00+00:00,2.55,494.0,294343
2026-01-01 05:30:00+00:00,2.55,494.0,294343
2026-01-01 05:31:00+00:00,1.94,468.0,191303
2026-01-01 05:32:00+00:00,1.95,467.5,201302
2026-01-01 05:33:00+00:00,1.96,467.0,210050
2026-01-01 05:35:00+00:00,2.75,475.0,161655
2026-01-01 05:36:00+00:00,2.64,470.9,171913
2026-01-01 05:37:00+00:00,2.35,459.6,200120
2026-01-01 05:39:00+00:00,2.34,459.1,206836
2026-01-01 05:40:00+00:00,2.34,459.1,206836
2026-01-01 05:41:00+00:00,2.30,466.1,207891
2026-01-01 05:42:00+00:00,2.30,466.1,207891
2026-01-01 05:43:00+00:00,1.88,466.8,168608
2026-01-01 05:44:00+00:00,1.83,460.4,161203
2026-01-01 05:45:00+00:00,2.10,468.0,260580
2026-01-01 05:46:00+00:00,2.21,471.3,297390
2026-01-01 05:47:00+00:00,2.58,467.2,153605
2026-01-01 05:48:00+00:00,2.61,471.4,172942
2026-01-01 05:49:00+00:00,2.63,475.0,189863
2026-01-01 05:51:00+00:00,3.17,471.1,153392
2026-01-01 05:52:00+00:00,2.88,474.5,163405
2026-01-01 05:53:00+00:00,2.07,484.0,190943
2026-01-01 05:55:00+00:00,1.66,503.1,226930
2026-01-01 05:56:00+00:00,1.66,503.1,226930
2026-01-01 05:57:00+00:00,4.99,535.0,169358
2026-01-01 05:58:00+00:00,4.99,535.0,169358
2026-01-01 05:59:00+00:00,2.55,498.0,228546
2026-01-01 06:00:00+00:00,2.39,495.4,234390
2026-01-01 06:01:00+00:00,2.35,494.7,235851
2026-01-01 06:03:00+00:00,2.57,468.4,176164
2026-01-01 06:04:00+00:00,2.58,470.6,185698
2026-01-01 06:05:00+00:00,2.59,472.5,194041
2026-01-01 06:07:00+00:00,2.83,482.0,189151
2026-01-01 06:08:00+00:00,2.88,476.7,185966
2026-01-01 06:09:00+00:00,3.01,462.2,177208
2026-01-01 06:11:00+00:00,3.12,480.5,227555
2026-01-01 06:12:00+00:00,3.12,480.5,227555
2026-01-01 06:13:00+00:00,2.51,465.1,166687
2026-01-01 06:14:00+00:00,2.51,465.1,166687
2026-01-01 06:15:00+00:00,2.53,480.2,209470
2026-01-01 06:16:00+00:00,2.80,481.0,194675
2026-01-01 06:17:00+00:00,3.19,486.3,229216
2026-01-01 06:18:00+00:00,3.31,488.1,243121
2026-01-01 06:19:00+00:00,2.77,477.5,200694
2026-01-01 06:20:00+00:00,3.10,475.8,217031
2026-01-01 06:21:00+00:00,3.39,474.3,231326
2026-01-01 06:23:00+00:00,2.88,500.3,250714
2026-01-01 06:24:00+00:00,2.99,500.3,255163
2026-01-01 06:25:00+00:00,3.27,500.2,267399
2026-01-01 06:27:00+00:00,3.01,500.9,176825
2026-01-01 06:28:00+00:00,3.01,500.9,176825
2026-01-01 06:29:00+00:00,1.98,484.9,148723
2026-01-01 06:30:00+00:00,1.98,484.9,148723
2026-01-01 06:31:00+00:00,2.76,493.0,158686
2026-01-01 06:32:00+00:00,2.85,490.5,149606
2026-01-01 06:35:00+00:00,2.38,483.6,155304
2026-01-01 06:36:00+00:00,2.56,485.7,153890
2026-01-01 06:37:00+00:00,2.72,487.4,152652
2026-01-01 06:39:00+00:00,2.75,474.4,161707
2026-01-01 06:40:00+00:00,2.96,472.2,150839
2026-01-01 06:41:00+00:00,3.53,466.3,120953
2026-01-01 06:43:00+00:00,3.74,461.8,125660
2026-01-01 06:44:00+00:00,3.74,461.8,125660
2026-01-01 06:45:00+00:00,3.64,463.6,83046
2026-01-01 06:46:00+00:00,3.64,463.6,83046
2026-01-01 06:47:00+00:00,3.31,473.0,99980
2026-01-01 06:48:00+00:00,3.96,464.1,92545
2026-01-01 06:49:00+00:00,3.07,451.3,67661
2026-01-01 06:50:00+00:00,2.69,447.4,59288
2026-01-01 06:51:00+00:00,3.75,463.2,83300
2026-01-01 06:52:00+00:00,3.99,462.8,85292
2026-01-01 06:53:00+00:00,4.73,469.8,114194
2026-01-01 06:54:00+00:00,5.36,478.0,145233
2026-01-01 06:55:00+00:00,4.19,461.0,68585
2026-01-01 06:56:00+00:00,4.24,461.8,70561
2026-01-01 06:57:00+00:00,4.38,463.7,75995
2026-01-01 06:59:00+00:00,6.14,465.0,64981
2026-01-01 07:00:00+00:00,6.14,465.0,64981
2026-01-01 07:01:00+00:00,5.96,462.9,54456
2026-01-01 07:02:00+00:00,5.96,462.9,54456
2026-01-01 07:03:00+00:00,4.74,466.3,76798
2026-01-01 07:04:00+00:00,4.57,466.5,80656
2026-01-01 07:05:00+00:00,7.12,444.8,44360
2026-01-01 07:06:00+00:00,8.07,437.0,30811
2026-01-01 07:08:00+00:00,4.38,462.0,87429
2026-01-01 07:09:00+00:00,4.38,462.0,87429
2026-01-01 07:11:00+00:00,4.51,459.7,83218
2026-01-01 07:12:00+00:00,4.93,460.6,82434
2026-01-01 07:13:00+00:00,6.08,463.3,80279
2026-01-01 07:15:00+00:00,6.39,464.0,71229
2026-01-01 07:16:00+00:00,6.39,464.0,71229
2026-01-01 07:17:00+00:00,5.47,453.7,50125
2026-01-01 07:18:00+00:00,5.47,453.7,50125
2026-01-01 07:19:00+00:00,5.66,462.4,67762
2026-01-01 07:20:00+00:00,6.81,462.0,64213
2026-01-01 07:21:00+00:00,5.84,461.8,54242
2026-01-01 07:22:00+00:00,5.38,461.7,50938
2026-01-01 07:23:00+00:00,6.07,462.8,75192
2026-01-01 07:24:00+00:00,5.61,462.2,83588
2026-01-01 07:25:00+00:00,5.21,461.7,90935
2026-01-01 07:27:00+00:00,4.65,464.2,93679
2026-01-01 07:28:00+00:00,4.85,464.3,94047
2026-01-01 07:29:00+00:00,5.40,464.5,95057
2026-01-01 07:31:00+00:00,5.09,464.7,95848
2026-01-01 07:32:00+00:00,5.09,464.7,95848
2026-01-01 07:33:00+00:00,3.79,450.4,45632
2026-01-01 07:34:00+00:00,3.79,450.4,45632
2026-01-01 07:35:00+00:00,5.82,462.6,72892
2026-01-01 07:36:00+00:00,5.82,462.6,72892
2026-01-01 08:21:00+00:00,9.76,468.9,86643
2026-01-01 08:22:00+00:00,9.76,468.9,86643
2026-01-01 08:24:00+00:00,9.01,474.0,68584
2026-01-01 08:25:00+00:00,9.24,471.9,90222
2026-01-01 08:26:00+00:00,9.32,471.2,98091
2026-01-01 08:27:00+00:00,7.37,467.8,67535
2026-01-01 08:28:00+00:00,7.19,465.6,67805
2026-01-01 08:29:00+00:00,7.36,473.6,92405
2026-01-01 08:30:00+00:00,7.75,485.0,120251
2026-01-01 08:31:00+00:00,6.75,461.7,68249
2026-01-01 08:32:00+00:00,6.21,452.1,57201
2026-01-01 08:33:00+00:00,4.75,425.7,26819
2026-01-01 08:35:00+00:00,12.68,476.1,72973
2026-01-01 08:36:00+00:00,12.68,476.1,72973
2026-01-01 08:37:00+00:00,10.16,475.4,81894
2026-01-01 08:38:00+00:00,10.16,475.4,81894
2026-01-01 08:40:00+00:00,8.08,477.4,88760
2026-01-01 08:41:00+00:00,7.14,473.7,73775
2026-01-01 08:42:00+00:00,6.80,472.3,68326
2026-01-01 08:43:00+00:00,4.66,467.1,70816
2026-01-01 08:44:00+00:00,4.32,468.1,72029
2026-01-01 08:45:00+00:00,4.02,468.9,73091
2026-01-01 08:47:00+00:00,3.21,468.3,66153
2026-01-01 08:48:00+00:00,3.04,470.5,67424
2026-01-01 08:49:00+00:00,2.60,481.2,84458
2026-01-01 08:50:00+00:00,2.75,499.4,138616
2026-01-01 08:51:00+00:00,2.28,479.0,63746
2026-01-01 08:52:00+00:00,2.28,479.0,63746
2026-01-01 08:53:00+00:00,2.30,477.9,71882
2026-01-01 08:54:00+00:00,2.30,477.9,71882
2026-01-01 08:56:00+00:00,1.80,481.5,68906
2026-01-01 08:57:00+00:00,1.88,481.5,64926
2026-01-01 08:58:00+00:00,1.91,481.5,63479
2026-01-01 08:59:00+00:00,2.21,477.4,64456
2026-01-01 09:00:00+00:00,2.18,463.9,53620
2026-01-01 09:01:00+00:00,2.54,461.3,53565
2026-01-01 09:02:00+00:00,2.99,471.7,64337
2026-01-01 09:03:00+00:00,1.77,489.7,63303
2026-01-01 09:04:00+00:00,1.83,488.6,62380
2026-01-01 09:05:00+00:00,1.99,482.3,57173
2026-01-01 09:06:00+00:00,2.08,468.6,46495
2026-01-01 09:07:00+00:00,2.65,486.4,83293
2026-01-01 09:08:00+00:00,2.65,486.4,83293
2026-01-01 09:09:00+00:00,3.39,486.6,76358
2026-01-01 09:10:00+00:00,3.39,486.6,76358
2026-01-01 09:12:00+00:00,3.24,478.8,68292
2026-01-01 09:13:00+00:00,2.92,478.3,57174
2026-01-01 09:14:00+00:00,2.80,478.2,53131
2026-01-01 09:15:00+00:00,4.40,478.7,75834
2026-01-01 09:16:00+00:00,4.53,477.3,75264
2026-01-01 09:17:00+00:00,4.64,476.2,74766
2026-01-01 09:20:00+00:00,6.21,477.0,90696
2026-01-01 09:21:00+00:00,6.21,477.0,90696
2026-01-01 09:23:00+00:00,3.10,477.5,88791
2026-01-01 09:24:00+00:00,3.10,477.5,88791
2026-01-01 09:25:00+00:00,3.33,479.1,71363
2026-01-01 09:26:00+00:00,3.33,479.1,71363
2026-01-01 09:28:00+00:00,5.07,475.6,76350
2026-01-01 09:29:00+00:00,4.29,468.0,50671
2026-01-01 09:30:00+00:00,4.01,465.2,41333
2026-01-01 09:31:00+00:00,3.71,479.3,69376
2026-01-01 09:32:00+00:00,3.91,476.2,73778
2026-01-01 09:33:00+00:00,3.99,474.2,71034
2026-01-01 09:34:00+00:00,3.89,475.0,63495
2026-01-01 09:35:00+00:00,3.98,475.7,73054
2026-01-01 09:36:00+00:00,4.05,476.3,72839
2026-01-01 09:37:00+00:00,4.25,477.7,72249
2026-01-01 09:39:00+00:00,4.02,495.7,94632
2026-01-01 09:40:00+00:00,4.02,495.7,94632
2026-01-01 09:41:00+00:00,4.53,476.5,69951
2026-01-01 09:42:00+00:00,4.53,476.5,69951
2026-01-01 09:44:00+00:00,4.29,506.0,110284
2026-01-01 09:45:00+00:00,4.65,481.2,72470
2026-01-01 09:46:00+00:00,4.78,472.2,58720
2026-01-01 09:47:00+00:00,6.68,478.2,77542
2026-01-01 09:48:00+00:00,6.22,472.0,64937
2026-01-01 09:49:00+00:00,6.24,474.4,64728
2026-01-01 09:50:00+00:00,6.72,483.4,77093
2026-01-01 09:51:00+00:00,6.61,506.7,106410
2026-01-01 09:52:00+00:00,6.61,506.7,106410
2026-01-01 09:53:00+00:00,7.28,516.5,191976
2026-01-01 09:54:00+00:00,7.28,516.5,191976
2026-01-01 09:55:00+00:00,6.55,523.2,160727
2026-01-01 09:56:00+00:00,6.55,523.2,160727
2026-01-01 09:57:00+00:00,7.41,499.2,123111
2026-01-01 10:04:00+00:00,2.36,489.6,83578
2026-01-01 10:05:00+00:00,2.30,493.2,85469
2026-01-01 10:06:00+00:00,2.23,497.3,87631
2026-01-01 10:07:00+00:00,1.89,486.9,81827
2026-01-01 10:08:00+00:00,2.07,486.9,80926
2026-01-01 10:09:00+00:00,2.57,486.9,78449
2026-01-01 10:11:00+00:00,2.59,514.3,147626
2026-01-01 10:12:00+00:00,2.59,514.3,147626
2026-01-01 10:13:00+00:00,2.36,480.8,67078
2026-01-01 10:14:00+00:00,2.36,480.8,67078
2026-01-01 10:16:00+00:00,2.38,494.7,113844
2026-01-01 10:17:00+00:00,5.78,486.5,72830
2026-01-01 10:18:00+00:00,7.02,483.5,57916
2026-01-01 10:19:00+00:00,7.28,489.3,64779
2026-01-01 10:20:00+00:00,6.95,491.4,62967
2026-01-01 10:21:00+00:00,6.65,493.2,61382
2026-01-01 10:22:00+00:00,4.98,483.1,58059
2026-01-01 10:23:00+00:00,3.82,485.2,69039
2026-01-01 10:24:00+00:00,1.52,489.4,91000
2026-01-01 10:26:00+00:00,6.33,492.7,66901
2026-01-01 10:27:00+00:00,6.16,491.9,67929
2026-01-01 10:28:00+00:00,3.74,479.8,82307
2026-01-01 10:31:00+00:00,5.84,487.5,65084
2026-01-01 10:32:00+00:00,5.02,491.7,52314
2026-01-01 10:33:00+00:00,4.81,492.7,49121
2026-01-01 10:35:00+00:00,5.58,487.9,66907
2026-01-01 10:36:00+00:00,5.89,483.9,75516
2026-01-01 10:37:00+00:00,6.16,480.3,83049
2026-01-01 10:38:00+00:00,5.14,486.3,45175
2026-01-01 10:39:00+00:00,5.33,486.7,58723
2026-01-01 10:40:00+00:00,5.70,487.5,85819
2026-01-01 10:42:00+00:00,6.54,495.1,91589
2026-01-01 10:43:00+00:00,6.50,495.2,89788
2026-01-01 10:44:00+00:00,5.95,496.7,64562
2026-01-01 10:47:00+00:00,5.36,477.1,75281
2026-01-01 10:48:00+00:00,5.53,475.5,86489
2026-01-01 10:49:00+00:00,5.58,475.1,89291
2026-01-01 10:51:00+00:00,6.25,477.9,92028
2026-01-01 10:52:00+00:00,7.34,468.0,145817
2026-01-01 10:53:00+00:00,8.30,459.3,192882
2026-01-01 10:54:00+00:00,6.13,507.0,176844
2026-01-01 10:55:00+00:00,5.30,497.0,145890
2026-01-01 10:56:00+00:00,3.65,477.1,83984
2026-01-01 10:59:00+00:00,4.47,492.8,94639
2026-01-01 11:00:00+00:00,4.47,492.8,94639
2026-01-01 11:03:00+00:00,4.16,485.0,102061
2026-01-01 11:04:00+00:00,4.34,474.8,110856
2026-01-01 11:05:00+00:00,4.38,472.3,113055
2026-01-01 11:07:00+00:00,4.24,478.6,115027
2026-01-01 11:08:00+00:00,5.28,470.2,177661
2026-01-01 11:09:00+00:00,6.19,462.9,232466
2026-01-01 11:10:00+00:00,6.04,495.1,193354
2026-01-01 11:11:00+00:00,5.54,490.3,166827
2026-01-01 11:12:00+00:00,4.54,480.6,113772
2026-01-01 11:14:00+00:00,3.66,470.2,130429
2026-01-01 11:15:00+00:00,3.62,470.2,129246
2026-01-01 11:16:00+00:00,3.06,470.9,112692
2026-01-01 11:19:00+00:00,3.08,470.5,105446
2026-01-01 11:20:00+00:00,2.93,473.5,110060
2026-01-01 11:21:00+00:00,2.89,474.2,111214
2026-01-01 11:23:00+00:00,2.53,471.1,121318
2026-01-01 11:24:00+00:00,2.37,467.2,154137
2026-01-01 11:25:00+00:00,2.23,463.8,182854
2026-01-01 11:27:00+00:00,1.84,477.6,97741
2026-01-01 11:28:00+00:00,2.03,473.7,133399
2026-01-01 11:29:00+00:00,2.55,462.9,231460
2026-01-01 11:35:00+00:00,1.48,466.1,68429
2026-01-01 11:36:00+00:00,1.60,473.1,89129
2026-01-01 11:37:00+00:00,1.63,474.9,94304
2026-01-01 11:39:00+00:00,1.63,475.6,68620
2026-01-01 11:40:00+00:00,1.80,478.1,74632
2026-01-01 11:41:00+00:00,1.95,480.3,79893
2026-01-01 11:43:00+00:00,1.70,475.0,78771
2026-01-01 11:44:00+00:00,1.70,475.0,78771
2026-01-01 11:46:00+00:00,1.73,477.4,90766
2026-01-01 11:47:00+00:00,1.72,477.6,90924
2026-01-01 11:48:00+00:00,1.63,480.0,93133
2026-01-01 11:51:00+00:00,1.74,473.4,103682
2026-01-01 11:52:00+00:00,1.76,474.2,86130
2026-01-01 11:53:00+00:00,1.76,474.4,81742
2026-01-01 11:55:00+00:00,1.46,489.8,84541
2026-01-01 11:56:00+00:00,1.08,482.3,84466
2026-01-01 11:57:00+00:00,0.75,475.7,84401
2026-01-01 11:59:00+00:00,1.47,476.2,143541
2026-01-01 12:00:00+00:00,1.50,472.5,155905
2026-01-01 12:01:00+00:00,1.56,462.5,189905
2026-01-01 12:02:00+00:00,1.62,493.8,225107
2026-01-01 12:03:00+00:00,1.60,492.7,216673
2026-01-01 12:04:00+00:00,1.33,478.6,98587
2026-01-01 12:07:00+00:00,1.78,478.4,101093
2026-01-01 12:08:00+00:00,2.37,484.0,89155
2026-01-01 12:09:00+00:00,2.52,485.4,86170
2026-01-01 12:11:00+00:00,4.33,499.0,96641
2026-01-01 12:12:00+00:00,2.95,496.5,81720
2026-01-01 12:13:00+00:00,1.75,494.4,68665
2026-01-01 12:15:00+00:00,1.45,478.4,78700
2026-01-01 12:16:00+00:00,1.55,475.1,101876
2026-01-01 12:17:00+00:00,1.84,465.9,165611
2026-01-01 12:19:00+00:00,2.14,491.5,74771
2026-01-01 12:20:00+00:00,2.14,491.5,74771
2026-01-01 12:21:00+00:00,2.87,459.5,189268
2026-01-01 12:22:00+00:00,2.87,459.5,189268
2026-01-01 12:23:00+00:00,1.93,480.4,66936
2026-01-01 12:24:00+00:00,2.82,489.5,69683
2026-01-01 12:25:00+00:00,3.05,491.7,70369
2026-01-01 12:27:00+00:00,3.67,479.5,73348
2026-01-01 12:28:00+00:00,5.09,478.1,89523
2026-01-01 12:29:00+00:00,6.33,476.9,103676
2026-01-01 12:31:00+00:00,3.99,487.2,85821
2026-01-01 12:32:00+00:00,4.25,482.1,112257
2026-01-01 12:33:00+00:00,4.98,468.2,184956
2026-01-01 12:34:00+00:00,4.60,511.3,193255
2026-01-01 12:35:00+00:00,4.55,509.8,185947
2026-01-01 12:36:00+00:00,3.90,489.4,83633
2026-01-01 12:39:00+00:00,4.57,486.5,77202
2026-01-01 12:40:00+00:00,4.67,481.8,73954
2026-01-01 12:41:00+00:00,4.70,480.6,73142
2026-01-01 12:43:00+00:00,4.31,483.7,66764
2026-01-01 12:44:00+00:00,4.15,485.9,61837
2026-01-01 12:45:00+00:00,4.01,487.8,57525
2026-01-01 12:47:00+00:00,3.21,485.8,79763
2026-01-01 12:48:00+00:00,3.52,483.1,83813
2026-01-01 12:49:00+00:00,4.37,475.7,94949
2026-01-01 12:51:00+00:00,3.26,487.1,84516
2026-01-01 12:52:00+00:00,3.26,487.1,84516
2026-01-01 12:55:00+00:00,4.55,480.9,85946
2026-01-01 12:56:00+00:00,3.61,483.5,97826
2026-01-01 12:57:00+00:00,3.38,484.2,100795
2026-01-01 12:59:00+00:00,4.29,484.2,87964
2026-01-01 13:00:00+00:00,3.97,486.6,94061
2026-01-01 13:01:00+00:00,3.68,488.7,99396
2026-01-01 13:03:00+00:00,4.58,484.6,105817
2026-01-01 13:04:00+00:00,4.23,484.2,101749
2026-01-01 13:05:00+00:00,3.26,482.9,90561
2026-01-01 13:07:00+00:00,4.64,486.5,98873
2026-01-01 13:08:00+00:00,4.64,486.5,98873
2026-01-01 13:09:00+00:00,1.23,402.4,22707
2026-01-01 13:10:00+00:00,1.23,402.4,22707
2026-01-01 13:12:00+00:00,3.22,480.0,101786
2026-01-01 13:13:00+00:00,3.22,480.0,101786
2026-01-01 13:15:00+00:00,2.09,489.2,108415
2026-01-01 13:16:00+00:00,2.94,490.1,107319
2026-01-01 13:17:00+00:00,3.68,491.0,106360
2026-01-01 13:19:00+00:00,3.72,492.1,121333
2026-01-01 13:20:00+00:00,4.08,488.9,134479
2026-01-01 13:21:00+00:00,5.06,479.9,170629
2026-01-01 13:23:00+00:00,2.24,480.0,103226
2026-01-01 13:24:00+00:00,2.24,480.0,103226
2026-01-01 13:27:00+00:00,3.07,492.5,82971
2026-01-01 13:28:00+00:00,2.67,489.0,96773
2026-01-01 13:29:00+00:00,2.57,488.1,100224
2026-01-01 13:31:00+00:00,2.86,488.7,72887
2026-01-01 13:32:00+00:00,2.71,491.8,86323
2026-01-01 13:33:00+00:00,2.59,494.5,98079
2026-01-01 13:35:00+00:00,2.84,495.4,92849
2026-01-01 13:36:00+00:00,2.86,492.8,97349
2026-01-01 13:37:00+00:00,2.92,485.4,109722
2026-01-01 13:39:00+00:00,3.09,501.0,132043
2026-01-01 13:40:00+00:00,3.09,501.0,132043
2026-01-01 13:41:00+00:00,2.82,455.9,65977
2026-01-01 13:45:00+00:00,2.40,469.0,92640
2026-01-01 13:46:00+00:00,2.82,495.8,110984
2026-01-01 13:47:00+00:00,1.78,499.7,117949
2026-01-01 13:48:00+00:00,0.97,495.6,118354
2026-01-01 13:49:00+00:00,2.06,498.0,118244
2026-01-01 13:50:00+00:00,3.29,498.5,116245
2026-01-01 13:51:00+00:00,0.44,479.1,122926
2026-01-01 13:52:00+00:00,0.45,478.0,116604
2026-01-01 13:53:00+00:00,0.44,475.4,96113
2026-01-01 13:54:00+00:00,0.39,477.6,83693
2026-01-01 13:55:00+00:00,0.39,486.9,117491
2026-01-01 13:56:00+00:00,0.39,486.9,117491
2026-01-01 13:57:00+00:00,0.41,480.2,108259
2026-01-01 13:58:00+00:00,0.41,480.2,108259
2026-01-01 14:01:00+00:00,0.57,472.4,89620
2026-01-01 14:02:00+00:00,1.73,482.9,124199
2026-01-01 14:03:00+00:00,2.31,488.1,141488
2026-01-01 14:04:00+00:00,2.66,473.3,140379
2026-01-01 14:05:00+00:00,2.31,486.7,145845
2026-01-01 14:06:00+00:00,1.91,502.1,152092
2026-01-01 14:07:00+00:00,2.79,489.5,157601
2026-01-01 14:08:00+00:00,2.74,492.1,155325
2026-01-01 14:09:00+00:00,2.42,496.1,140192
2026-01-01 14:10:00+00:00,1.68,484.0,104705
2026-01-01 14:11:00+00:00,,,
2026-01-01 14:12:00+00:00,,,
2026-01-01 14:13:00+00:00,,,
2026-01-01 14:14:00+00:00,1.46,486.5,138798
2026-01-01 14:15:00+00:00,1.46,486.5,138798
2026-01-01 14:16:00+00:00,2.94,482.5,84914
2026-01-01 14:17:00+00:00,2.94,482.5,84914
2026-01-01 14:20:00+00:00,3.45,494.0,176601
2026-01-01 14:21:00+00:00,3.21,481.9,121382
2026-01-01 14:22:00+00:00,2.94,468.1,58274
2026-01-01 14:23:00+00:00,3.34,492.8,175580
2026-01-01 14:24:00+00:00,3.39,490.2,179091
2026-01-01 14:25:00+00:00,3.47,482.4,182404
2026-01-01 14:26:00+00:00,3.32,479.9,157040
2026-01-01 14:27:00+00:00,1.86,493.9,166469
2026-01-01 14:28:00+00:00,1.86,493.9,166469
2026-01-01 14:29:00+00:00,2.29,506.5,165596
2026-01-01 14:30:00+00:00,1.54,480.2,75608
2026-01-01 14:31:00+00:00,1.49,478.4,69181
2026-01-01 14:32:00+00:00,0.49,493.7,333634
2026-01-01 14:33:00+00:00,0.43,491.5,247661
2026-01-01 14:34:00+00:00,0.18,455.2,88789
2026-01-01 14:35:00+00:00,0.06,437.4,24985
2026-01-01 14:36:00+00:00,1.14,515.6,172440
2026-01-01 14:37:00+00:00,0.81,504.7,188699
2026-01-01 14:38:00+00:00,0.43,492.4,207282
2026-01-01 14:40:00+00:00,0.87,494.3,163795
2026-01-01 14:41:00+00:00,0.87,494.3,163795
2026-01-01 14:45:00+00:00,1.30,482.4,132024
2026-01-01 14:46:00+00:00,1.33,467.3,114881
2026-01-01 14:47:00+00:00,1.33,466.2,113656
2026-01-01 14:48:00+00:00,1.30,472.2,107093
2026-01-01 14:49:00+00:00,1.17,463.7,101930
2026-01-01 14:50:00+00:00,1.13,460.6,100052
2026-01-01 14:52:00+00:00,1.41,479.6,95264
2026-01-01 14:53:00+00:00,1.41,471.9,92790
2026-01-01 14:54:00+00:00,1.40,463.0,89962
2026-01-01 14:55:00+00:00,1.15,480.9,107707
2026-01-01 14:56:00+00:00,1.07,480.6,116407
2026-01-01 14:57:00+00:00,0.88,478.5,134999
2026-01-01 14:58:00+00:00,1.06,472.9,113660
2026-01-01 14:59:00+00:00,1.09,482.8,143779
2026-01-01 15:00:00+00:00,1.09,482.8,143779
2026-01-01 15:01:00+00:00,0.69,477.2,144104
2026-01-01 15:02:00+00:00,0.33,497.7,146298
2026-01-01 15:03:00+00:00,0.30,499.2,146455
2026-01-01 15:04:00+00:00,0.90,476.7,141182
2026-01-01 15:05:00+00:00,0.55,474.8,173545
2026-01-01 15:06:00+00:00,0.42,474.0,185314
2026-01-01 15:07:00+00:00,0.11,502.6,173579
2026-01-01 15:08:00+00:00,0.21,502.1,148554
2026-01-01 15:09:00+00:00,0.29,501.6,126658
2026-01-01 15:11:00+00:00,1.30,488.2,100498
2026-01-01 15:12:00+00:00,1.00,493.9,143489
2026-01-01 15:13:00+00:00,0.18,509.8,261716
2026-01-01 15:17:00+00:00,1.37,516.0,154192
2026-01-01 15:18:00+00:00,1.37,516.0,154192
2026-01-01 15:20:00+00:00,1.56,528.0,119987
2026-01-01 15:21:00+00:00,1.56,528.0,119987
2026-01-01 15:26:00+00:00,0.87,516.7,187401
2026-01-01 15:28:00+00:00,1.19,546.3,337437
2026-01-01 15:29:00+00:00,1.21,538.1,295233
2026-01-01 15:30:00+00:00,1.28,505.2,126415
2026-01-01 15:31:00+00:00,2.09,527.3,141662
2026-01-01 15:32:00+00:00,2.09,527.3,141662
2026-01-01 15:33:00+00:00,1.89,512.6,107991
2026-01-01 15:34:00+00:00,1.56,519.1,105999
2026-01-01 15:35:00+00:00,1.54,519.6,105857
2026-01-01 15:36:00+00:00,2.32,537.3,189934
2026-01-01 15:37:00+00:00,2.23,524.2,151269
2026-01-01 15:38:00+00:00,2.20,519.5,137209
2026-01-01 15:39:00+00:00,2.03,507.0,118761
2026-01-01 15:40:00+00:00,2.27,512.1,115540
2026-01-01 15:41:00+00:00,1.80,501.0,115908
2026-01-01 15:42:00+00:00,1.01,483.3,119549
2026-01-01 15:43:00+00:00,0.16,507.8,304404
2026-01-01 15:44:00+00:00,0.18,503.3,265820
2026-01-01 15:45:00+00:00,0.27,486.8,166356
2026-01-01 15:46:00+00:00,0.36,470.0,192930
2026-01-01 15:47:00+00:00,1.57,482.6,142430
2026-01-01 15:48:00+00:00,1.57,482.6,142430
2026-01-01 15:49:00+00:00,1.23,469.0,137822
2026-01-01 15:50:00+00:00,1.18,466.9,119634
2026-01-01 15:51:00+00:00,1.18,466.7,118335
2026-01-01 15:52:00+00:00,1.14,467.8,152275
2026-01-01 15:53:00+00:00,2.13,477.7,137482
2026-01-01 16:08:00+00:00,5.19,488.2,148775
2026-01-01 16:09:00+00:00,5.19,488.2,148775
2026-01-01 16:12:00+00:00,2.86,485.9,192388
2026-01-01 16:13:00+00:00,2.86,485.9,192388
2026-01-01 16:15:00+00:00,2.80,480.3,166190
2026-01-01 16:16:00+00:00,2.59,482.6,178027
2026-01-01 16:17:00+00:00,2.01,488.8,210579
2026-01-01 16:19:00+00:00,1.16,475.1,213386
2026-01-01 16:20:00+00:00,1.16,475.1,213386
2026-01-01 16:21:00+00:00,1.20,480.0,219338
2026-01-01 16:22:00+00:00,1.20,480.0,219338
2026-01-01 16:24:00+00:00,1.13,428.7,24917
2026-01-01 16:25:00+00:00,1.13,428.7,24917
2026-01-01 16:28:00+00:00,0.71,490.1,145653
2026-01-01 16:29:00+00:00,0.71,490.1,145653
2026-01-01 16:31:00+00:00,0.67,489.5,162718
2026-01-01 16:32:00+00:00,0.71,491.7,169855
2026-01-01 16:33:00+00:00,0.83,497.9,189482
2026-01-01 16:37:00+00:00,0.96,503.1,257116
2026-01-01 16:38:00+00:00,0.96,503.1,257116
2026-01-01 16:40:00+00:00,0.91,486.5,188937
2026-01-01 16:41:00+00:00,0.91,486.5,188937
2026-01-01 16:44:00+00:00,1.10,491.9,79285
2026-01-01 16:45:00+00:00,1.10,491.9,79285
2026-01-01 16:48:00+00:00,0.94,504.3,108014
2026-01-01 16:49:00+00:00,0.94,504.3,108014
2026-01-01 16:51:00+00:00,0.74,503.9,115042
2026-01-01 16:52:00+00:00,0.74,503.9,115042
2026-01-01 16:53:00+00:00,0.13,520.1,144071
2026-01-01 16:54:00+00:00,0.13,520.1,144071
2026-01-01 16:56:00+00:00,0.39,506.5,186627
2026-01-01 16:57:00+00:00,0.39,506.5,186627
2026-01-01 17:00:00+00:00,0.29,418.2,25544
2026-01-01 17:01:00+00:00,0.29,418.2,25544
2026-01-01 17:03:00+00:00,1.81,454.2,102687
2026-01-01 17:04:00+00:00,1.81,461.3,112088
2026-01-01 17:05:00+00:00,1.78,480.7,137941
2026-01-01 17:07:00+00:00,2.43,480.1,116706
2026-01-01 17:08:00+00:00,2.43,480.1,116706
2026-01-01 17:09:00+00:00,0.52,548.6,879471
2026-01-01 17:10:00+00:00,0.52,548.6,879471
2026-01-01 17:12:00+00:00,2.56,497.4,333918
2026-01-01 17:13:00+00:00,2.56,497.4,333918
2026-01-01 17:16:00+00:00,2.16,483.8,127905
2026-01-01 17:17:00+00:00,2.16,483.8,127905
2026-01-01 17:20:00+00:00,1.45,480.8,154486
2026-01-01 17:21:00+00:00,1.45,480.8,154486
2026-01-01 17:23:00+00:00,2.68,482.7,165375
2026-01-01 17:24:00+00:00,2.68,482.7,165375
2026-01-01 17:25:00+00:00,2.69,496.2,177849
2026-01-01 17:26:00+00:00,2.69,496.2,177849
2026-01-01 17:28:00+00:00,2.48,475.1,125366
2026-01-01 17:29:00+00:00,2.48,475.1,125366
2026-01-01 17:32:00+00:00,4.54,483.8,120434
2026-01-01 17:33:00+00:00,4.54,483.8,120434
2026-01-01 17:36:00+00:00,2.46,498.1,231139
2026-01-01 17:37:00+00:00,2.46,498.1,231139
2026-01-01 17:39:00+00:00,2.81,515.0,142042
2026-01-01 17:40:00+00:00,2.81,515.0,142042
2026-01-01 17:41:00+00:00,2.69,524.3,136993
2026-01-01 17:42:00+00:00,2.69,524.3,136993
2026-01-01 17:44:00+00:00,2.33,488.2,138389
2026-01-01 17:45:00+00:00,2.33,488.2,138389
2026-01-01 17:48:00+00:00,3.01,519.8,130354
2026-01-01 17:49:00+00:00,3.01,519.8,130354
2026-01-01 17:52:00+00:00,0.73,484.3,86040
2026-01-01 17:53:00+00:00,0.73,484.3,86040
2026-01-01 18:00:00+00:00,1.14,495.0,259084
2026-01-01 18:01:00+00:00,1.03,500.2,212785
2026-01-01 18:02:00+00:00,0.98,502.1,195949
2026-01-01 18:04:00+00:00,0.94,432.2,17104
2026-01-01 18:05:00+00:00,0.94,432.2,17104
2026-01-01 18:13:00+00:00,3.93,486.8,147887
2026-01-01 18:14:00+00:00,3.93,486.8,147887
2026-01-01 18:16:00+00:00,2.70,472.8,117523
2026-01-01 18:17:00+00:00,2.70,472.8,117523
2026-01-01 18:20:00+00:00,2.16,494.8,95630
2026-01-01 18:21:00+00:00,2.16,494.8,95630
2026-01-01 18:23:00+00:00,1.62,490.0,155063
2026-01-01 18:24:00+00:00,1.26,490.4,175141
2026-01-01 18:25:00+00:00,0.26,491.5,230354
2026-01-01 18:29:00+00:00,2.69,479.9,138700
2026-01-01 18:30:00+00:00,2.69,479.9,138700
2026-01-01 18:32:00+00:00,3.04,523.1,109681
2026-01-01 18:33:00+00:00,3.04,523.1,109681
2026-01-01 18:36:00+00:00,1.46,489.5,162438
2026-01-01 18:37:00+00:00,1.46,489.5,162438
2026-01-01 18:39:00+00:00,1.70,486.3,129879
2026-01-01 18:40:00+00:00,1.59,484.6,121249
2026-01-01 18:41:00+00:00,1.31,479.7,97517
2026-01-01 18:43:00+00:00,2.59,491.5,117067
2026-01-01 18:44:00+00:00,2.59,491.5,117067
2026-01-01 18:45:00+00:00,2.41,478.6,84906
2026-01-01 18:46:00+00:00,2.41,478.6,84906
2026-01-01 18:48:00+00:00,3.15,518.1,134377
2026-01-01 18:49:00+00:00,3.15,518.1,134377
2026-01-01 18:52:00+00:00,3.12,503.5,131765
2026-01-01 18:53:00+00:00,3.12,503.5,131765
2026-01-01 18:55:00+00:00,1.94,480.2,124018
2026-01-01 18:56:00+00:00,1.51,486.6,174884
2026-01-01 18:57:00+00:00,0.32,504.4,314764
2026-01-01 19:01:00+00:00,1.31,481.6,115306
2026-01-01 19:02:00+00:00,1.31,481.6,115306
2026-01-01 19:08:00+00:00,0.41,502.3,321673
2026-01-01 19:09:00+00:00,0.41,502.3,321673
2026-01-01 19:12:00+00:00,2.22,474.8,125129
2026-01-01 19:13:00+00:00,2.22,474.8,125129
2026-01-01 19:15:00+00:00,1.09,487.6,118371
2026-01-01 19:16:00+00:00,1.09,487.6,118371
2026-01-01 19:17:00+00:00,0.91,481.5,168555
2026-01-01 19:18:00+00:00,0.91,481.5,168555
2026-01-01 19:20:00+00:00,3.22,497.2,134367
2026-01-01 19:21:00+00:00,3.22,497.2,134367
2026-01-01 19:24:00+00:00,1.35,486.1,148682
2026-01-01 19:25:00+00:00,1.35,486.1,148682
2026-01-01 19:28:00+00:00,0.84,502.7,171242
2026-01-01 19:29:00+00:00,0.84,502.7,171242
2026-01-01 19:31:00+00:00,1.32,498.7,194239
2026-01-01 19:32:00+00:00,1.32,498.7,194239
2026-01-01 19:33:00+00:00,0.82,486.0,144207
2026-01-01 19:34:00+00:00,0.82,486.0,144207
2026-01-01 19:36:00+00:00,1.93,474.6,114082
2026-01-01 19:37:00+00:00,1.91,471.8,103913
2026-01-01 19:38:00+00:00,1.90,470.8,100215
2026-01-01 19:40:00+00:00,1.47,467.1,95965
2026-01-01 19:41:00+00:00,1.47,467.1,95965
2026-01-01 19:44:00+00:00,1.60,477.0,119190
2026-01-01 19:45:00+00:00,1.60,477.0,119190
2026-01-01 19:52:00+00:00,2.29,473.4,93849
2026-01-01 19:53:00+00:00,2.29,473.4,93849
2026-01-01 19:56:00+00:00,1.82,468.2,98377
2026-01-01 19:57:00+00:00,1.82,468.2,98377
2026-01-01 20:00:00+00:00,2.42,476.2,84207
2026-01-01 20:01:00+00:00,2.42,476.2,84207
2026-01-01 20:03:00+00:00,2.20,470.4,84291
2026-01-01 20:04:00+00:00,2.20,470.4,84291
2026-01-01 20:05:00+00:00,2.72,473.3,87317
2026-01-01 20:06:00+00:00,2.72,473.3,87317
2026-01-01 20:08:00+00:00,2.81,494.0,93923
2026-01-01 20:09:00+00:00,2.81,494.0,93923
2026-01-01 20:16:00+00:00,3.05,481.1,78344
2026-01-01 20:17:00+00:00,3.05,481.1,78344
2026-01-01 20:24:00+00:00,2.93,482.8,79415
2026-01-01 20:25:00+00:00,2.65,477.5,79008
2026-01-01 20:26:00+00:00,2.55,475.6,78860
2026-01-01 20:28:00+00:00,2.71,478.2,92000
2026-01-01 20:29:00+00:00,2.71,478.2,92000
2026-01-01 20:32:00+00:00,1.81,467.8,94034
2026-01-01 20:33:00+00:00,1.81,467.8,94034
2026-01-01 20:37:00+00:00,2.75,472.6,50120
2026-01-01 20:38:00+00:00,2.75,472.6,50120
2026-01-01 20:40:00+00:00,2.76,473.4,56293
2026-01-01 20:41:00+00:00,2.66,472.3,64984
2026-01-01 20:42:00+00:00,2.62,471.9,68144
2026-01-01 20:44:00+00:00,3.23,476.2,65741
2026-01-01 20:45:00+00:00,3.23,476.2,65741
2026-01-01 20:48:00+00:00,3.22,477.2,95042
2026-01-01 20:49:00+00:00,3.22,477.2,95042
2026-01-01 20:51:00+00:00,2.00,487.0,118155
2026-01-01 20:52:00+00:00,2.00,487.0,118155
2026-01-01 20:53:00+00:00,2.50,481.3,98158
2026-01-01 20:54:00+00:00,2.50,481.3,98158
2026-01-01 20:56:00+00:00,2.56,485.0,114199
2026-01-01 20:57:00+00:00,2.56,485.0,114199
2026-01-01 21:09:00+00:00,2.39,477.3,87263
2026-01-01 21:10:00+00:00,2.39,477.3,87263
2026-01-01 21:13:00+00:00,2.99,489.9,135292
2026-01-01 21:14:00+00:00,2.99,489.9,135292
2026-01-01 21:20:00+00:00,2.91,476.9,82574
2026-01-01 21:21:00+00:00,2.91,476.9,82574
2026-01-01 21:25:00+00:00,2.05,472.8,92885
2026-01-01 21:26:00+00:00,2.05,472.8,92885
2026-01-01 21:29:00+00:00,2.07,487.4,118150
2026-01-01 21:30:00+00:00,2.07,487.4,118150
2026-01-01 21:36:00+00:00,0.32,500.0,296002
2026-01-01 21:37:00+00:00,0.32,500.0,296002
2026-01-01 21:41:00+00:00,0.21,539.0,181373
2026-01-01 21:42:00+00:00,0.21,539.0,181373
2026-01-01 21:45:00+00:00,3.46,494.3,139671
2026-01-01 21:46:00+00:00,3.46,494.3,139671
2026-01-01 21:52:00+00:00,1.58,481.0,151395
2026-01-02 02:56:00+00:00,1.42,498.5,318252
2026-01-02 02:57:00+00:00,1.42,498.5,318252
2026-01-02 02:58:00+00:00,2.20,489.6,238226
2026-01-02 02:59:00+00:00,2.27,490.6,233939
2026-01-02 03:00:00+00:00,3.38,504.5,173927
2026-01-02 03:01:00+00:00,3.03,500.1,164801
2026-01-02 03:02:00+00:00,2.98,503.3,170260
2026-01-02 03:03:00+00:00,3.25,496.9,149784
2026-01-02 03:04:00+00:00,3.36,505.0,167861
2026-01-02 03:05:00+00:00,2.91,511.1,157564
2026-01-02 03:06:00+00:00,2.77,521.4,181744
2026-01-02 03:07:00+00:00,2.72,522.3,193269
2026-01-02 03:08:00+00:00,2.92,513.4,169813
2026-01-02 03:09:00+00:00,2.71,504.9,162583
2026-01-02 03:10:00+00:00,2.95,508.4,177032
2026-01-02 03:11:00+00:00,3.82,511.1,165010
2026-01-02 03:12:00+00:00,3.32,497.9,132693
2026-01-02 03:13:00+00:00,3.13,499.6,126139
2026-01-02 03:14:00+00:00,3.24,498.6,141030
2026-01-02 03:15:00+00:00,3.53,500.6,140168
2026-01-02 03:16:00+00:00,3.04,486.7,90190
2026-01-02 03:17:00+00:00,3.37,498.4,127802
2026-01-02 03:18:00+00:00,3.37,498.4,127802
2026-01-02 03:22:00+00:00,3.49,510.7,115340
2026-01-02 03:23:00+00:00,3.49,510.7,115340
2026-01-02 03:25:00+00:00,3.74,512.5,136218
2026-01-02 03:26:00+00:00,3.41,502.2,163274
2026-01-02 03:27:00+00:00,2.87,478.5,201440
2026-01-02 03:28:00+00:00,2.76,461.9,196609
2026-01-02 03:33:00+00:00,2.93,486.9,153851
2026-01-02 03:34:00+00:00,2.93,486.9,153851
2026-01-02 03:39:00+00:00,2.86,466.6,120874
2026-01-02 03:40:00+00:00,3.02,477.3,137768
2026-01-02 03:41:00+00:00,3.15,486.6,152550
2026-01-02 03:42:00+00:00,2.03,479.0,200061
2026-01-02 03:43:00+00:00,1.84,468.8,149896
2026-01-02 03:44:00+00:00,1.47,448.4,49567
2026-01-02 03:47:00+00:00,1.34,522.3,153078
2026-01-02 03:48:00+00:00,1.34,522.3,153078
2026-01-02 03:50:00+00:00,1.57,549.6,308749
2026-01-02 03:51:00+00:00,1.96,516.4,323423
2026-01-02 03:52:00+00:00,3.02,504.4,186617
2026-01-02 03:53:00+00:00,3.50,513.8,173001
2026-01-02 03:54:00+00:00,3.37,518.2,186770
2026-01-02 03:55:00+00:00,3.27,518.4,189809
2026-01-02 03:56:00+00:00,2.99,509.9,209625
2026-01-02 04:02:00+00:00,0.19,431.5,18597
2026-01-02 04:03:00+00:00,0.19,431.5,18597
2026-01-02 04:05:00+00:00,3.04,506.1,222352
2026-01-02 04:06:00+00:00,2.49,503.8,171568
2026-01-02 04:07:00+00:00,2.42,498.0,165697
2026-01-02 04:08:00+00:00,2.18,491.6,171445
2026-01-02 04:09:00+00:00,2.28,499.6,207746
2026-01-02 04:10:00+00:00,2.49,499.9,185546
2026-01-02 04:11:00+00:00,2.37,494.0,169500
2026-01-02 04:12:00+00:00,1.55,491.8,195302
2026-01-02 04:13:00+00:00,0.95,492.5,217074
2026-01-02 04:14:00+00:00,0.55,509.8,386037
2026-01-02 04:15:00+00:00,0.50,492.1,285742
2026-01-02 04:16:00+00:00,0.41,459.0,88323
2026-01-02 04:17:00+00:00,0.48,474.8,152998
2026-01-02 04:18:00+00:00,0.69,509.9,362576
2026-01-02 04:19:00+00:00,1.28,489.6,263828
2026-01-02 04:20:00+00:00,2.03,495.7,178403
2026-01-02 04:21:00+00:00,3.20,508.1,246590
2026-01-02 04:22:00+00:00,2.84,495.9,168250
2026-01-02 04:23:00+00:00,2.65,495.0,169674
2026-01-02 04:24:00+00:00,1.80,483.7,251201
2026-01-02 04:25:00+00:00,1.59,480.9,271313
2026-01-02 04:26:00+00:00,1.47,499.9,177720
2026-01-02 04:27:00+00:00,2.01,491.7,175461
2026-01-02 04:28:00+00:00,2.53,487.3,174617
2026-01-02 04:29:00+00:00,2.68,488.1,175196
2026-01-02 04:30:00+00:00,0.32,527.0,191410
2026-01-02 04:31:00+00:00,0.69,513.9,216573
2026-01-02 04:32:00+00:00,1.47,485.4,257702
2026-01-02 04:33:00+00:00,1.60,478.9,232413
2026-01-02 04:34:00+00:00,0.41,437.0,27635
2026-01-02 04:35:00+00:00,0.55,440.5,36243
2026-01-02 04:36:00+00:00,2.57,489.2,156745
2026-01-02 04:38:00+00:00,2.12,524.1,184988
2026-01-02 04:39:00+00:00,1.78,481.2,136601
2026-01-02 04:40:00+00:00,2.08,487.6,210822
2026-01-02 04:41:00+00:00,2.13,492.5,219028
2026-01-02 04:42:00+00:00,2.42,489.9,199044
2026-01-02 04:43:00+00:00,1.12,449.4,87461
2026-01-02 04:44:00+00:00,1.45,460.1,109235
2026-01-02 04:45:00+00:00,2.58,492.2,188843
2026-01-02 04:46:00+00:00,2.43,476.6,220481
2026-01-02 04:47:00+00:00,2.14,479.6,197939
2026-01-02 04:48:00+00:00,1.30,469.8,117721
2026-01-02 04:49:00+00:00,0.56,426.2,21099
2026-01-02 04:50:00+00:00,1.56,489.8,276332
2026-01-02 04:51:00+00:00,1.55,489.4,269332
2026-01-02 04:52:00+00:00,1.38,484.1,171334
2026-01-02 04:53:00+00:00,1.37,498.6,297773
2026-01-02 04:54:00+00:00,1.72,489.8,243365
2026-01-02 04:55:00+00:00,0.72,525.6,240050
2026-01-02 04:56:00+00:00,0.98,501.2,228723
2026-01-02 04:57:00+00:00,1.24,508.1,317153
2026-01-02 04:58:00+00:00,1.14,505.3,319632
2026-01-02 04:59:00+00:00,1.38,494.1,275447
2026-01-02 05:00:00+00:00,1.50,490.2,289196
2026-01-02 05:01:00+00:00,1.42,490.9,318041
2026-01-02 05:02:00+00:00,1.79,502.1,183259
2026-01-02 05:03:00+00:00,1.55,498.3,200970
2026-01-02 05:04:00+00:00,0.96,494.4,264194
2026-01-02 05:05:00+00:00,0.68,504.9,340646
2026-01-02 05:06:00+00:00,1.29,487.5,229353
2026-01-02 05:07:00+00:00,1.28,487.0,225394
2026-01-02 05:08:00+00:00,1.21,479.9,169964
2026-01-02 05:11:00+00:00,1.31,488.7,238068
2026-01-02 05:12:00+00:00,0.67,501.2,307150
2026-01-02 05:13:00+00:00,0.49,519.8,328382
2026-01-02 05:14:00+00:00,0.31,507.6,258962
2026-01-02 05:15:00+00:00,0.22,505.5,250906
2026-01-02 05:16:00+00:00,0.23,505.7,205100
2026-01-02 05:17:00+00:00,0.25,501.9,149052
2026-01-02 05:18:00+00:00,0.24,502.0,316818
2026-01-02 05:19:00+00:00,0.24,502.5,263283
2026-01-02 05:20:00+00:00,0.25,500.5,161472
2026-01-02 05:21:00+00:00,0.27,489.5,158302
2026-01-02 05:22:00+00:00,0.25,477.5,117918
2026-01-02 05:23:00+00:00,0.36,476.2,307775
2026-01-02 05:24:00+00:00,0.56,471.4,223606
2026-01-02 05:25:00+00:00,0.53,485.0,268721
2026-01-02 05:26:00+00:00,0.41,484.1,418952
2026-01-02 05:27:00+00:00,0.36,452.6,141089
2026-01-02 05:28:00+00:00,0.72,474.5,225994
2026-01-02 05:29:00+00:00,1.08,488.9,389903
2026-01-02 05:30:00+00:00,1.23,483.3,337681
2026-01-02 05:31:00+00:00,1.54,477.1,246333
2026-01-02 05:32:00+00:00,1.68,470.1,174996
2026-01-02 05:33:00+00:00,1.63,465.3,136675
2026-01-02 05:34:00+00:00,2.02,471.9,206501
2026-01-02 05:35:00+00:00,1.96,470.5,179353
2026-01-02 05:36:00+00:00,1.97,471.0,133802
2026-01-02 05:37:00+00:00,2.38,480.3,157856
2026-01-02 05:38:00+00:00,1.80,473.3,198220
2026-01-02 05:39:00+00:00,1.84,473.7,194400
2026-01-02 05:40:00+00:00,2.47,479.6,140929
2026-01-02 05:41:00+00:00,2.45,488.6,250344
2026-01-02 05:42:00+00:00,2.20,478.0,184466
2026-01-02 05:43:00+00:00,2.19,477.2,179761
2026-01-02 05:44:00+00:00,0.30,510.7,251627
2026-01-02 05:45:00+00:00,1.50,499.5,285193
2026-01-02 05:46:00+00:00,2.28,494.4,214926
2026-01-02 05:47:00+00:00,2.29,491.1,143654
2026-01-02 05:48:00+00:00,2.31,494.7,138423
2026-01-02 05:49:00+00:00,2.43,499.4,151367
2026-01-02 05:50:00+00:00,2.21,500.0,142531
2026-01-02 05:51:00+00:00,2.31,489.1,127966
2026-01-02 05:52:00+00:00,2.48,466.6,100074
2026-01-02 05:53:00+00:00,2.42,464.6,103478
2026-01-02 05:54:00+00:00,1.88,461.7,95108
2026-01-02 05:55:00+00:00,1.93,462.0,95351
2026-01-02 05:56:00+00:00,2.51,465.8,98765
2026-01-02 05:57:00+00:00,3.10,476.9,137323
2026-01-02 05:58:00+00:00,2.44,464.1,82382
2026-01-02 05:59:00+00:00,2.63,464.3,75941
2026-01-02 06:00:00+00:00,2.80,465.0,71970
2026-01-02 06:01:00+00:00,3.06,469.5,88790
2026-01-02 06:02:00+00:00,2.98,469.7,82491
2026-01-02 06:03:00+00:00,2.96,469.8,81517
2026-01-02 06:04:00+00:00,2.77,470.7,81914
2026-01-02 06:05:00+00:00,2.57,471.1,79114
2026-01-02 06:06:00+00:00,2.73,469.2,83607
2026-01-02 06:07:00+00:00,2.75,468.5,80062
2026-01-02 06:08:00+00:00,2.88,467.4,75528
2026-01-02 06:09:00+00:00,3.06,468.3,82556
2026-01-02 06:10:00+00:00,2.42,469.6,86738
2026-01-02 06:11:00+00:00,2.46,469.7,85935
2026-01-02 06:12:00+00:00,2.99,470.9,74687
2026-01-02 06:13:00+00:00,2.80,479.8,123073
2026-01-02 06:14:00+00:00,3.01,469.0,80653
2026-01-02 06:15:00+00:00,2.57,470.0,78996
2026-01-02 06:16:00+00:00,2.50,470.2,79207
2026-01-02 06:17:00+00:00,2.49,476.2,83485
2026-01-02 06:18:00+00:00,2.82,470.5,82812
2026-01-02 06:19:00+00:00,3.00,469.5,82189
2026-01-02 06:20:00+00:00,3.04,469.6,83679
2026-01-02 06:21:00+00:00,3.06,468.5,85150
2026-01-02 06:22:00+00:00,2.84,469.6,98250
2026-01-02 06:23:00+00:00,2.96,469.6,96257
2026-01-02 06:24:00+00:00,3.17,469.2,93049
2026-01-02 06:25:00+00:00,3.11,474.8,98447
2026-01-02 06:26:00+00:00,3.18,498.8,112488
2026-01-02 06:27:00+00:00,3.28,485.7,117725
2026-01-02 06:28:00+00:00,3.06,489.5,99162
2026-01-02 06:29:00+00:00,3.53,484.7,135295
2026-01-02 06:30:00+00:00,3.50,479.1,104809
2026-01-02 06:31:00+00:00,3.21,478.6,97906
2026-01-02 06:32:00+00:00,3.29,477.0,94519
2026-01-02 06:33:00+00:00,3.17,489.7,111199
2026-01-02 06:34:00+00:00,3.32,481.5,96539
2026-01-02 06:35:00+00:00,3.47,478.6,102140
2026-01-02 06:36:00+00:00,3.48,477.0,98645
2026-01-02 06:37:00+00:00,3.39,478.5,99564
2026-01-02 06:38:00+00:00,3.43,481.5,109576
2026-01-02 06:39:00+00:00,3.52,479.9,104034
2026-01-02 06:40:00+00:00,3.34,484.7,106603
2026-01-02 06:41:00+00:00,3.42,483.1,100788
2026-01-02 06:42:00+00:00,2.99,479.8,98887
2026-01-02 06:43:00+00:00,3.01,479.7,98361
2026-01-02 06:44:00+00:00,3.17,478.3,90995
2026-01-02 06:45:00+00:00,3.36,472.6,87820
2026-01-02 06:46:00+00:00,3.13,480.4,122633
2026-01-02 06:47:00+00:00,3.23,491.4,139853
2026-01-02 06:48:00+00:00,2.98,483.5,114922
2026-01-02 06:49:00+00:00,2.92,481.1,108122
2026-01-02 06:50:00+00:00,2.78,477.3,90687
2026-01-02 06:51:00+00:00,2.93,476.3,100715
2026-01-02 06:52:00+00:00,2.90,474.9,102283
2026-01-02 06:53:00+00:00,2.78,474.3,97806
2026-01-02 06:54:00+00:00,2.80,483.9,119278
2026-01-02 06:55:00+00:00,2.89,483.8,118290
2026-01-02 06:56:00+00:00,3.14,485.6,120651
2026-01-02 06:57:00+00:00,3.30,491.5,132582
2026-01-02 06:58:00+00:00,3.10,491.2,155553
2026-01-02 06:59:00+00:00,3.13,491.8,154472
2026-01-02 07:00:00+00:00,3.55,500.2,139340
2026-01-02 07:01:00+00:00,6.99,530.0,88843
2026-01-02 07:02:00+00:00,2.65,475.0,119015
2026-01-02 07:03:00+00:00,2.20,467.6,113361
2026-01-02 07:04:00+00:00,1.79,463.3,81371
2026-01-02 07:05:00+00:00,1.82,475.2,136472
2026-01-02 07:06:00+00:00,2.27,466.1,102278
2026-01-02 07:07:00+00:00,2.22,464.9,99706
2026-01-02 07:08:00+00:00,2.30,464.6,93668
2026-01-02 07:09:00+00:00,2.52,461.2,73250
2026-01-02 07:10:00+00:00,2.36,460.6,98860
2026-01-02 07:11:00+00:00,2.61,462.9,97161
2026-01-02 07:12:00+00:00,2.98,466.0,85358
2026-01-02 07:13:00+00:00,2.67,461.9,62248
2026-01-02 07:14:00+00:00,1.59,459.5,143205
2026-01-02 07:15:00+00:00,1.62,459.7,139231
2026-01-02 07:16:00+00:00,2.03,462.1,83600
2026-01-02 07:17:00+00:00,2.10,472.6,120500
2026-01-02 07:18:00+00:00,1.91,470.0,141925
2026-01-02 07:19:00+00:00,1.84,470.9,148203
2026-01-02 07:20:00+00:00,2.03,472.1,107303
2026-01-02 07:21:00+00:00,2.51,478.4,136167
2026-01-02 07:22:00+00:00,2.67,480.6,150447
2026-01-02 07:23:00+00:00,1.21,470.5,195806
2026-01-02 07:24:00+00:00,1.28,472.1,206250
2026-01-02 07:25:00+00:00,1.34,473.6,215389
2026-01-02 07:26:00+00:00,1.72,468.3,154190
2026-01-02 07:27:00+00:00,1.77,470.4,152059
2026-01-02 07:28:00+00:00,1.43,463.3,116438
2026-01-02 07:29:00+00:00,0.21,432.0,30204
2026-01-02 07:30:00+00:00,0.84,488.8,231574
2026-01-02 07:31:00+00:00,0.81,487.8,232076
2026-01-02 07:32:00+00:00,0.29,473.4,239099
2026-01-02 07:33:00+00:00,0.50,480.5,305639
2026-01-02 07:34:00+00:00,1.63,480.4,169422
2026-01-02 07:35:00+00:00,0.59,489.3,339297
2026-01-02 07:36:00+00:00,0.41,490.7,366929
2026-01-02 08:19:00+00:00,0.27,510.4,213142
2026-01-02 08:20:00+00:00,0.27,510.4,213142
2026-01-02 08:21:00+00:00,0.23,511.4,172659
2026-01-02 08:22:00+00:00,0.23,511.4,172659
2026-01-02 08:23:00+00:00,0.24,522.0,202235
2026-01-02 08:24:00+00:00,0.09,461.1,58784
2026-01-02 08:25:00+00:00,0.15,505.5,162134
2026-01-02 08:26:00+00:00,0.18,522.8,200843
2026-01-02 08:27:00+00:00,0.20,509.4,190865
2026-01-02 08:28:00+00:00,0.22,501.8,188185
2026-01-02 08:29:00+00:00,0.30,561.1,352316
2026-01-02 08:30:00+00:00,1.16,525.4,244347
2026-01-02 08:31:00+00:00,1.89,492.5,139038
2026-01-02 08:32:00+00:00,0.68,534.3,230004
2026-01-02 08:33:00+00:00,0.66,538.6,188975
2026-01-02 08:34:00+00:00,1.40,547.0,265338
2026-01-02 08:35:00+00:00,1.35,536.0,232363
2026-01-02 08:36:00+00:00,1.73,571.1,231052
2026-01-02 08:37:00+00:00,1.45,540.7,219327
2026-01-02 08:38:00+00:00,0.56,531.2,228073
2026-01-02 08:39:00+00:00,0.45,500.3,169819
2026-01-02 08:40:00+00:00,0.24,541.0,292133
2026-01-02 08:41:00+00:00,0.19,563.7,404801
2026-01-02 08:42:00+00:00,0.30,526.2,368861
2026-01-02 08:43:00+00:00,0.31,520.5,271112
2026-01-02 08:44:00+00:00,0.28,548.2,253253
2026-01-02 08:45:00+00:00,0.23,556.0,259256
2026-01-02 08:46:00+00:00,0.25,548.8,219852
2026-01-02 08:47:00+00:00,0.26,515.6,135055
2026-01-02 08:48:00+00:00,0.09,465.4,107754
2026-01-02 08:49:00+00:00,0.29,523.3,305436
2026-01-02 08:50:00+00:00,0.57,526.2,211756
2026-01-02 08:51:00+00:00,0.68,541.9,223902
2026-01-02 08:52:00+00:00,0.39,513.5,344162
2026-01-02 08:53:00+00:00,0.20,539.9,316625
2026-01-02 08:54:00+00:00,0.20,539.9,316625
2026-01-02 08:55:00+00:00,0.02,443.3,29588
2026-01-02 08:56:00+00:00,0.34,519.2,195978
2026-01-02 08:57:00+00:00,0.26,538.8,241005
2026-01-02 08:58:00+00:00,0.15,528.1,258726
2026-01-02 08:59:00+00:00,0.12,527.4,245859
2026-01-02 09:00:00+00:00,0.13,526.0,272651
2026-01-02 09:01:00+00:00,0.14,522.0,308405
2026-01-02 09:02:00+00:00,0.21,498.8,258408
2026-01-02 09:03:00+00:00,0.16,480.9,185001
2026-01-02 09:04:00+00:00,0.13,466.3,180434
2026-01-02 09:05:00+00:00,0.29,525.2,571616
2026-01-02 09:06:00+00:00,0.34,483.5,236155
2026-01-02 09:07:00+00:00,0.34,485.2,246946
2026-01-02 09:08:00+00:00,0.26,509.4,398017
2026-01-02 09:09:00+00:00,0.47,481.2,80638
2026-01-02 09:10:00+00:00,0.47,481.2,80638
2026-01-02 09:11:00+00:00,0.71,513.9,325977
2026-01-02 09:12:00+00:00,0.83,514.5,292769
2026-01-02 09:13:00+00:00,0.82,504.8,222024
2026-01-02 09:14:00+00:00,0.82,503.0,197474
2026-01-02 09:15:00+00:00,0.82,509.6,261379
2026-01-02 09:16:00+00:00,0.70,505.0,228386
2026-01-02 09:17:00+00:00,0.62,505.1,185782
2026-01-02 09:18:00+00:00,0.74,509.0,178624
2026-01-02 09:19:00+00:00,0.85,499.1,130138
2026-01-02 09:20:00+00:00,0.79,494.7,147787
2026-01-02 09:21:00+00:00,0.92,498.6,175556
2026-01-02 09:22:00+00:00,0.96,500.1,189817
2026-01-02 09:23:00+00:00,1.05,508.2,307927
2026-01-02 09:24:00+00:00,1.04,503.2,176266
2026-01-02 09:25:00+00:00,0.97,496.9,145603
2026-01-02 09:26:00+00:00,0.97,496.9,145603
2026-01-02 09:27:00+00:00,1.08,502.6,183890
2026-01-02 09:28:00+00:00,0.76,561.7,211467
2026-01-02 09:29:00+00:00,0.28,522.7,180642
2026-01-02 09:30:00+00:00,0.14,539.9,411743
2026-01-02 09:31:00+00:00,0.69,577.2,356508
2026-01-02 09:32:00+00:00,0.86,575.6,187530
2026-01-02 09:33:00+00:00,0.42,547.7,156633
2026-01-02 09:34:00+00:00,0.11,530.1,171871
2026-01-02 09:35:00+00:00,0.18,541.7,155483
2026-01-02 09:36:00+00:00,0.32,548.0,134601
2026-01-02 09:37:00+00:00,0.79,568.8,114240
2026-01-02 09:38:00+00:00,1.09,576.9,254078
2026-01-02 09:39:00+00:00,0.48,540.8,218765
2026-01-02 09:40:00+00:00,0.27,550.4,491212
2026-01-02 09:41:00+00:00,0.22,520.8,251985
2026-01-02 09:42:00+00:00,0.22,520.8,251985
2026-01-02 09:43:00+00:00,0.11,552.3,267863
2026-01-02 09:44:00+00:00,0.07,545.9,270533
2026-01-02 09:45:00+00:00,0.13,536.6,233950
2026-01-02 09:46:00+00:00,0.14,545.5,281120
2026-01-02 09:47:00+00:00,0.12,547.5,290826
2026-01-02 09:48:00+00:00,0.12,531.8,253903
2026-01-02 09:49:00+00:00,0.35,527.1,303241
2026-01-02 09:50:00+00:00,0.55,518.8,303001
2026-01-02 09:51:00+00:00,0.38,490.1,169521
2026-01-02 09:52:00+00:00,0.26,488.8,139341
2026-01-02 09:53:00+00:00,0.19,512.9,132294
2026-01-02 09:54:00+00:00,1.75,532.6,186990
2026-01-02 09:55:00+00:00,1.72,532.4,189013
2026-01-02 09:56:00+00:00,1.29,530.0,217340
2026-01-02 09:57:00+00:00,0.92,537.2,159612
2026-01-02 09:58:00+00:00,0.29,530.5,330667
2026-01-02 10:03:00+00:00,0.79,539.2,81042
2026-01-02 10:04:00+00:00,1.39,545.7,128433
2026-01-02 10:05:00+00:00,1.72,555.9,156931
2026-01-02 10:06:00+00:00,2.07,563.6,145233
2026-01-02 10:07:00+00:00,2.10,567.3,149923
2026-01-02 10:08:00+00:00,1.42,552.3,96992
2026-01-02 10:09:00+00:00,1.42,552.3,96992
2026-01-02 10:10:00+00:00,1.89,576.1,190530
2026-01-02 10:11:00+00:00,1.84,574.0,184365
2026-01-02 10:12:00+00:00,1.16,544.2,98055
2026-01-02 10:13:00+00:00,1.47,546.3,87345
2026-01-02 10:14:00+00:00,1.47,546.3,87345
2026-01-02 10:15:00+00:00,1.62,567.8,123434
2026-01-02 10:16:00+00:00,1.64,556.3,104348
2026-01-02 10:17:00+00:00,1.29,538.3,73071
2026-01-02 10:18:00+00:00,1.62,549.2,93737
2026-01-02 10:19:00+00:00,1.80,553.7,104461
2026-01-02 10:20:00+00:00,1.82,552.0,99863
2026-01-02 10:21:00+00:00,2.09,557.8,114335
2026-01-02 10:22:00+00:00,2.14,559.4,117048
2026-01-02 10:23:00+00:00,1.74,553.6,99621
2026-01-02 10:24:00+00:00,1.66,554.5,104807
2026-01-02 10:25:00+00:00,1.85,551.8,87289
2026-01-02 10:26:00+00:00,1.93,549.3,94377
2026-01-02 10:27:00+00:00,1.91,549.2,93807
2026-01-02 10:28:00+00:00,1.67,546.8,85832
2026-01-02 10:29:00+00:00,1.78,545.9,125200
2026-01-02 10:30:00+00:00,1.78,545.9,125200
2026-01-02 10:31:00+00:00,1.89,556.1,133608
2026-01-02 10:32:00+00:00,1.78,556.3,110408
2026-01-02 10:33:00+00:00,0.86,532.7,73377
2026-01-02 10:34:00+00:00,1.33,545.7,92166
2026-01-02 10:35:00+00:00,1.68,557.2,142674
2026-01-02 10:36:00+00:00,1.77,556.6,150103
2026-01-02 10:37:00+00:00,1.88,555.6,135933
2026-01-02 10:38:00+00:00,2.18,561.8,135551
2026-01-02 10:39:00+00:00,2.02,560.9,134715
2026-01-02 10:40:00+00:00,1.70,559.0,133043
2026-01-02 10:42:00+00:00,1.43,551.4,125572
2026-01-02 10:43:00+00:00,1.35,551.9,135303
2026-01-02 10:44:00+00:00,0.21,559.2,271540
2026-01-02 10:45:00+00:00,0.81,572.5,378736
2026-01-02 10:46:00+00:00,0.99,538.0,131507
2026-01-02 10:47:00+00:00,1.29,553.4,294082
2026-01-02 10:48:00+00:00,1.71,559.4,240667
2026-01-02 10:49:00+00:00,1.71,555.8,137145
2026-01-02 10:50:00+00:00,1.68,555.5,204462
2026-01-02 10:51:00+00:00,1.41,540.4,142987
2026-01-02 10:52:00+00:00,1.36,543.9,157265
2026-01-02 10:53:00+00:00,1.18,537.9,142935
2026-01-02 10:54:00+00:00,1.26,533.6,110677
2026-01-02 10:55:00+00:00,1.75,557.4,222422
2026-01-02 10:56:00+00:00,1.57,557.4,237248
2026-01-02 10:57:00+00:00,1.93,561.3,256653
2026-01-02 10:58:00+00:00,2.29,578.0,325369
2026-01-02 10:59:00+00:00,2.23,576.7,321409
2026-01-02 11:00:00+00:00,1.36,559.3,265957
2026-01-02 11:01:00+00:00,1.84,547.4,256180
2026-01-02 11:02:00+00:00,1.84,547.4,256180
2026-01-02 11:03:00+00:00,1.87,553.9,209519
2026-01-02 11:04:00+00:00,1.54,553.8,245863
2026-01-02 11:05:00+00:00,0.77,539.1,227686
2026-01-02 11:06:00+00:00,1.04,544.4,273396
2026-01-02 11:07:00+00:00,1.14,536.6,162360
2026-01-02 11:08:00+00:00,0.89,558.6,251615
2026-01-02 11:09:00+00:00,0.66,586.3,343721
2026-01-02 11:10:00+00:00,0.70,582.9,288672
2026-01-02 11:11:00+00:00,0.87,580.6,295604
2026-01-02 11:12:00+00:00,0.71,589.6,244949
2026-01-02 11:14:00+00:00,0.22,556.2,153213
2026-01-02 11:15:00+00:00,0.22,556.8,150041
2026-01-02 11:16:00+00:00,0.18,565.2,105639
2026-01-02 11:17:00+00:00,2.90,641.5,272382
2026-01-02 11:18:00+00:00,2.90,641.5,272382
2026-01-02 11:19:00+00:00,0.17,610.8,407915
2026-01-02 11:20:00+00:00,0.22,616.5,346735
2026-01-02 11:21:00+00:00,0.29,597.6,315646
2026-01-02 11:22:00+00:00,0.12,521.6,121297
2026-01-02 11:23:00+00:00,0.44,542.5,187479
2026-01-02 11:24:00+00:00,0.71,583.1,241627
2026-01-02 11:25:00+00:00,0.69,572.4,166724
2026-01-02 11:26:00+00:00,0.68,563.1,150081
2026-01-02 11:27:00+00:00,0.70,576.2,196801
2026-01-02 11:28:00+00:00,0.83,581.4,254321
2026-01-02 11:29:00+00:00,1.15,579.4,288520
2026-01-02 11:30:00+00:00,1.23,588.7,336046
2026-01-02 11:31:00+00:00,1.23,588.1,337605
2026-01-02 11:32:00+00:00,1.24,580.4,359428
2026-01-02 11:33:00+00:00,1.14,565.9,334761
2026-01-02 11:34:00+00:00,1.14,565.9,334761
2026-01-02 11:35:00+00:00,0.47,513.9,29987
2026-01-02 11:36:00+00:00,1.24,554.6,286788
2026-01-02 11:37:00+00:00,1.43,553.3,198740
2026-01-02 11:38:00+00:00,1.50,560.6,156655
2026-01-02 11:39:00+00:00,1.38,570.7,231285
2026-01-02 11:40:00+00:00,1.41,573.2,264009
2026-01-02 11:41:00+00:00,1.53,572.7,252981
2026-01-02 11:42:00+00:00,1.81,565.9,261391
2026-01-02 11:43:00+00:00,1.76,571.1,266233
2026-01-02 11:44:00+00:00,1.35,582.1,322216
2026-01-02 11:45:00+00:00,0.55,583.9,449541
2026-01-02 11:47:00+00:00,1.28,561.0,270184
2026-01-02 11:48:00+00:00,1.28,561.0,270184
2026-01-02 11:49:00+00:00,0.78,552.0,121748
2026-01-02 11:50:00+00:00,0.78,552.0,121748
2026-01-02 11:51:00+00:00,1.39,559.0,191853
2026-01-02 11:52:00+00:00,1.69,575.9,158358
2026-01-02 11:53:00+00:00,3.48,573.1,88136
2026-01-02 11:54:00+00:00,3.12,585.8,105591
2026-01-02 11:55:00+00:00,2.29,583.4,129934
2026-01-02 11:56:00+00:00,1.98,576.2,125350
2026-01-02 11:57:00+00:00,1.41,556.7,108573
2026-01-02 11:58:00+00:00,1.48,547.4,105409
2026-01-02 11:59:00+00:00,3.34,571.4,112650
2026-01-02 12:00:00+00:00,5.33,584.2,105529
2026-01-02 12:01:00+00:00,5.64,588.9,116340
2026-01-02 12:02:00+00:00,1.68,565.6,179542
2026-01-02 12:03:00+00:00,1.64,566.3,186727
2026-01-02 12:04:00+00:00,1.10,575.1,287315
2026-01-02 12:05:00+00:00,0.60,570.7,227737
2026-01-02 12:06:00+00:00,0.60,570.7,227737
2026-01-02 12:07:00+00:00,1.05,565.2,259732
2026-01-02 12:08:00+00:00,1.03,571.7,268054
2026-01-02 12:09:00+00:00,0.71,565.8,198285
2026-01-02 12:10:00+00:00,0.60,563.1,172159
2026-01-02 12:11:00+00:00,1.94,568.3,176056
2026-01-02 12:12:00+00:00,2.04,570.0,177614
2026-01-02 12:13:00+00:00,1.65,549.1,149350
2026-01-02 12:14:00+00:00,1.61,537.9,128610
2026-01-02 12:15:00+00:00,2.34,561.0,144624
2026-01-02 12:16:00+00:00,2.30,566.1,145161
2026-01-02 12:17:00+00:00,2.34,572.0,166803
2026-01-02 12:18:00+00:00,1.14,586.2,236962
2026-01-02 12:19:00+00:00,1.14,586.2,236962
2026-01-02 12:21:00+00:00,1.80,571.5,89931
2026-01-02 12:22:00+00:00,1.80,571.5,89931
2026-01-02 12:23:00+00:00,2.03,606.8,159829
2026-01-02 12:24:00+00:00,2.32,595.4,165900
2026-01-02 12:25:00+00:00,2.29,592.8,170724
2026-01-02 12:26:00+00:00,5.16,608.9,178816
2026-01-02 12:27:00+00:00,4.07,614.2,294541
2026-01-02 12:28:00+00:00,2.53,600.4,268050
2026-01-02 12:29:00+00:00,1.87,568.9,156544
2026-01-02 12:30:00+00:00,1.15,547.5,136499
2026-01-02 12:31:00+00:00,1.64,556.6,179557
2026-01-02 12:32:00+00:00,1.74,576.3,253807
2026-01-02 12:33:00+00:00,0.89,600.4,271039
2026-01-02 12:34:00+00:00,0.78,610.4,216315
2026-01-02 12:35:00+00:00,0.80,609.1,223301
2026-01-02 12:36:00+00:00,1.01,591.9,321104
2026-01-02 12:37:00+00:00,1.44,585.5,301127
2026-01-02 12:38:00+00:00,1.44,585.5,301127
2026-01-02 12:39:00+00:00,2.00,582.2,342880
2026-01-02 12:40:00+00:00,1.89,594.5,235740
2026-01-02 12:41:00+00:00,2.09,592.6,157901
2026-01-02 12:42:00+00:00,4.63,604.0,160498
2026-01-02 12:43:00+00:00,3.26,594.2,186945
2026-01-02 12:44:00+00:00,2.18,600.9,225744
2026-01-02 12:45:00+00:00,2.21,588.1,172530
2026-01-02 12:46:00+00:00,3.09,562.1,80658
2026-01-02 12:47:00+00:00,4.43,583.0,151000
2026-01-02 12:48:00+00:00,3.10,604.9,251072
2026-01-02 12:49:00+00:00,4.53,600.8,115985
2026-01-02 12:50:00+00:00,2.05,626.5,191334
2026-01-02 12:51:00+00:00,2.04,625.4,190199
2026-01-02 12:52:00+00:00,1.90,610.9,174318
2026-01-02 12:55:00+00:00,1.45,588.8,125199
2026-01-02 12:56:00+00:00,1.96,594.9,161162
2026-01-02 12:57:00+00:00,2.30,588.6,165900
2026-01-02 12:58:00+00:00,2.38,585.7,164353
2026-01-02 12:59:00+00:00,2.95,617.2,272795
2026-01-02 13:00:00+00:00,3.12,612.2,247957
2026-01-02 13:01:00+00:00,2.57,594.2,179883
2026-01-02 13:02:00+00:00,1.91,583.9,159855
2026-01-02 13:03:00+00:00,2.33,592.8,221037
2026-01-02 13:04:00+00:00,2.66,590.4,232735
2026-01-02 13:05:00+00:00,2.21,578.5,242745
2026-01-02 13:06:00+00:00,1.51,576.7,373406
2026-01-02 13:07:00+00:00,1.73,562.5,123546
2026-01-02 13:08:00+00:00,2.56,585.4,253671
2026-01-02 13:09:00+00:00,2.59,574.8,236483
2026-01-02 13:10:00+00:00,2.59,574.8,236483
2026-01-02 13:11:00+00:00,2.39,579.2,227076
2026-01-02 13:12:00+00:00,2.67,601.3,273099
2026-01-02 13:13:00+00:00,1.38,598.6,295097
2026-01-02 13:14:00+00:00,0.45,544.0,112948
2026-01-02 13:15:00+00:00,1.53,560.6,219224
2026-01-02 13:16:00+00:00,2.24,589.2,298277
2026-01-02 13:17:00+00:00,1.99,578.2,176785
2026-01-02 13:18:00+00:00,1.91,576.4,122833
2026-01-02 13:19:00+00:00,2.21,593.2,214597
2026-01-02 13:20:00+00:00,2.59,592.0,292136
2026-01-02 13:21:00+00:00,2.53,583.4,278594
2026-01-02 13:22:00+00:00,2.10,565.9,374284
2026-01-02 13:23:00+00:00,2.38,590.1,434417
2026-01-02 13:24:00+00:00,2.67,587.1,307072
2026-01-02 13:25:00+00:00,2.40,574.4,240180
2026-01-02 13:26:00+00:00,2.40,574.4,240180
2026-01-02 13:27:00+00:00,3.28,587.0,297436
2026-01-02 13:28:00+00:00,1.95,569.1,225851
2026-01-02 13:29:00+00:00,1.69,563.4,164474
2026-01-02 13:30:00+00:00,1.71,559.1,140760
2026-01-02 13:31:00+00:00,2.26,582.5,270062
2026-01-02 13:32:00+00:00,2.34,590.0,308856
2026-01-02 13:33:00+00:00,1.70,566.1,220480
2026-01-02 13:34:00+00:00,1.38,559.1,185665
2026-01-02 13:35:00+00:00,1.57,579.8,247557
2026-01-02 13:36:00+00:00,1.65,586.8,313406
2026-01-02 13:37:00+00:00,1.72,581.3,287270
2026-01-02 13:38:00+00:00,1.69,581.8,290637
2026-01-02 13:39:00+00:00,1.73,581.7,292150
2026-01-02 13:40:00+00:00,2.31,580.3,313331
2026-01-02 13:41:00+00:00,2.16,568.9,203806
2026-01-02 13:42:00+00:00,1.98,578.3,305369
2026-01-02 13:43:00+00:00,2.11,594.2,340861
2026-01-02 13:44:00+00:00,2.23,615.7,310569
2026-01-02 13:45:00+00:00,1.70,596.5,215339
2026-01-02 13:46:00+00:00,1.84,592.3,215418
2026-01-02 13:47:00+00:00,2.23,601.0,279889
2026-01-02 13:48:00+00:00,4.65,607.4,237405
2026-01-02 13:49:00+00:00,4.45,600.8,190878
2026-01-02 13:50:00+00:00,2.03,597.6,228238
2026-01-02 13:51:00+00:00,2.41,601.4,271900
2026-01-02 13:52:00+00:00,2.75,589.5,298090
2026-01-02 13:53:00+00:00,2.27,580.0,235580
2026-01-02 13:54:00+00:00,1.80,547.8,168137
2026-01-02 13:55:00+00:00,2.55,602.9,326537
2026-01-02 13:56:00+00:00,2.88,593.0,311622
2026-01-02 13:57:00+00:00,5.27,592.7,154779
2026-01-02 13:58:00+00:00,2.74,571.3,320773
2026-01-02 13:59:00+00:00,2.56,569.8,332630
2026-01-02 14:00:00+00:00,6.31,609.2,394524
2026-01-02 14:01:00+00:00,3.20,592.5,309378
2026-01-02 14:02:00+00:00,2.15,607.9,329611
2026-01-02 14:03:00+00:00,2.18,620.3,299244
2026-01-02 14:04:00+00:00,2.29,608.3,243178
2026-01-02 14:05:00+00:00,1.60,577.7,206444
2026-01-02 14:06:00+00:00,2.42,567.4,150941
2026-01-02 14:07:00+00:00,4.18,605.2,160597
2026-01-02 14:08:00+00:00,2.46,641.6,283914
2026-01-02 14:09:00+00:00,2.09,615.8,269484
2026-01-02 14:10:00+00:00,1.51,565.8,136525
2026-01-02 14:11:00+00:00,1.69,589.7,151497
2026-01-02 14:12:00+00:00,0.83,544.8,28842
2026-01-02 14:13:00+00:00,2.32,588.1,235370
2026-01-02 14:14:00+00:00,1.79,575.1,128474
2026-01-02 14:15:00+00:00,2.14,599.7,288478
2026-01-02 14:16:00+00:00,2.67,597.4,290441
2026-01-02 14:17:00+00:00,2.46,582.9,259168
2026-01-02 14:18:00+00:00,2.34,578.2,249962
2026-01-02 14:19:00+00:00,2.68,579.3,256129
2026-01-02 14:20:00+00:00,2.25,577.5,254411
2026-01-02 14:21:00+00:00,1.95,570.7,203435
2026-01-02 14:22:00+00:00,2.30,575.0,210600
2026-01-02 14:23:00+00:00,2.71,589.6,309291
2026-01-02 14:24:00+00:00,2.70,588.6,314596
2026-01-02 14:25:00+00:00,2.33,589.2,329252
2026-01-02 14:26:00+00:00,1.34,581.9,404767
2026-01-02 14:27:00+00:00,1.44,594.6,441038
2026-01-02 14:28:00+00:00,1.35,595.3,372937
2026-01-02 14:29:00+00:00,1.22,620.3,282317
2026-01-02 14:30:00+00:00,1.22,592.9,290578
2026-01-02 14:31:00+00:00,1.43,600.0,350241
2026-01-02 14:32:00+00:00,1.46,601.4,359329
2026-01-02 14:34:00+00:00,1.01,619.8,307280
2026-01-02 14:35:00+00:00,0.97,610.1,260271
2026-01-02 14:36:00+00:00,0.83,614.2,240166
2026-01-02 14:37:00+00:00,1.01,623.2,243598
2026-01-02 14:38:00+00:00,1.45,632.9,298797
2026-01-02 14:39:00+00:00,1.29,625.5,310763
2026-01-02 14:40:00+00:00,0.77,591.1,159242
2026-01-02 14:41:00+00:00,1.01,607.3,178697
2026-01-02 14:42:00+00:00,1.58,580.9,172566
2026-01-02 14:43:00+00:00,7.54,732.9,476425
2026-01-02 14:44:00+00:00,2.95,608.7,282250
2026-01-02 14:45:00+00:00,2.52,600.6,187770
2026-01-02 14:46:00+00:00,0.96,571.5,149156
2026-01-02 14:47:00+00:00,1.39,600.2,438275
2026-01-02 14:48:00+00:00,1.45,590.1,347958
2026-01-02 14:49:00+00:00,1.87,584.3,266700
2026-01-02 14:50:00+00:00,2.25,588.9,274334
2026-01-02 14:51:00+00:00,2.25,591.0,258793
2026-01-02 14:52:00+00:00,2.24,590.5,204827
2026-01-02 14:53:00+00:00,2.01,589.4,213069
2026-01-02 14:54:00+00:00,1.80,591.8,294133
2026-01-02 14:55:00+00:00,1.84,595.1,345265
2026-01-02 14:56:00+00:00,1.55,591.1,321460
2026-01-02 14:57:00+00:00,1.42,587.4,253857
2026-01-02 14:58:00+00:00,0.98,569.1,197403
2026-01-02 14:59:00+00:00,1.56,601.9,366573
2026-01-02 15:00:00+00:00,2.10,587.7,339324
2026-01-02 15:01:00+00:00,2.22,601.1,295470
2026-01-02 15:02:00+00:00,1.67,557.6,182236
2026-01-02 15:03:00+00:00,0.57,527.1,64491
2026-01-02 15:04:00+00:00,1.89,590.5,266705
2026-01-02 15:05:00+00:00,2.26,607.4,321476
2026-01-02 15:06:00+00:00,2.21,590.7,271916
2026-01-02 15:07:00+00:00,2.00,583.2,239492
2026-01-02 15:08:00+00:00,1.73,575.0,206564
2026-01-02 15:09:00+00:00,1.48,578.4,255738
2026-01-02 15:10:00+00:00,1.33,585.5,323251
2026-01-02 15:11:00+00:00,1.76,598.5,324213
2026-01-02 15:12:00+00:00,1.83,595.2,310507
2026-01-02 15:13:00+00:00,1.79,579.6,256051
2026-01-02 15:14:00+00:00,1.03,560.9,214741
2026-01-02 15:15:00+00:00,2.19,607.0,374195
2026-01-02 15:16:00+00:00,2.12,576.1,264143
2026-01-02 15:17:00+00:00,2.13,597.3,286307
2026-01-02 15:18:00+00:00,0.97,564.2,204886
2026-01-02 15:19:00+00:00,1.52,599.5,462186
2026-01-02 15:20:00+00:00,1.41,611.5,475766
2026-01-02 15:21:00+00:00,1.09,615.5,435297
2026-01-02 15:22:00+00:00,1.13,633.6,353049
2026-01-02 15:23:00+00:00,1.46,649.1,402241
2026-01-02 15:24:00+00:00,0.82,589.4,231410
2026-01-02 15:25:00+00:00,1.00,569.9,77051
2026-01-02 15:26:00+00:00,1.29,585.3,90191
2026-01-02 15:27:00+00:00,0.29,581.5,124953
2026-01-02 15:28:00+00:00,0.42,648.0,312244
2026-01-02 15:29:00+00:00,0.50,629.2,333742
2026-01-02 15:30:00+00:00,0.56,625.5,354232
2026-01-02 15:31:00+00:00,0.68,655.8,325710
2026-01-02 15:32:00+00:00,1.32,644.4,319605
2026-01-02 15:33:00+00:00,1.62,639.0,315221
2026-01-02 15:34:00+00:00,1.95,666.1,244531
2026-01-02 15:35:00+00:00,2.11,686.0,234536
2026-01-02 15:36:00+00:00,0.74,649.4,310085
2026-01-02 15:37:00+00:00,0.99,644.0,429875
2026-01-02 15:38:00+00:00,1.21,645.7,466498
2026-01-02 15:40:00+00:00,3.38,620.1,265930
2026-01-02 15:41:00+00:00,2.45,617.2,266479
2026-01-02 15:42:00+00:00,1.73,633.8,351646
2026-01-02 15:43:00+00:00,2.45,663.7,440391
2026-01-02 15:44:00+00:00,3.03,656.2,332025
2026-01-02 15:45:00+00:00,3.60,635.7,254269
2026-01-02 15:46:00+00:00,4.17,637.4,307218
2026-01-02 15:47:00+00:00,4.22,654.3,360466
2026-01-02 15:48:00+00:00,3.01,619.0,258321
2026-01-02 15:49:00+00:00,3.42,628.7,277403
2026-01-02 15:50:00+00:00,3.42,628.7,277403
2026-01-02 15:51:00+00:00,3.11,604.8,212003
2026-01-02 15:52:00+00:00,2.97,639.3,453590
2026-01-02 15:53:00+00:00,3.18,611.6,343871
2026-01-02 15:54:00+00:00,3.36,624.0,287005
2026-01-02 15:55:00+00:00,3.50,621.4,344877
2026-01-02 15:56:00+00:00,2.84,636.5,335572
2026-01-02 15:57:00+00:00,2.10,650.6,290593
2026-01-02 15:58:00+00:00,1.99,641.5,285409
2026-01-02 16:02:00+00:00,3.67,662.4,340731
2026-01-02 16:03:00+00:00,4.10,683.8,444087
2026-01-02 16:04:00+00:00,1.93,632.9,197498
2026-01-02 16:05:00+00:00,2.90,677.3,358533
2026-01-02 16:06:00+00:00,1.21,616.5,311607
2026-01-02 16:07:00+00:00,1.69,615.7,202877
2026-01-02 16:08:00+00:00,3.45,660.7,365797
2026-01-02 16:09:00+00:00,3.20,656.0,505523
2026-01-02 16:10:00+00:00,12.43,806.3,1085344
2026-01-02 16:11:00+00:00,17.17,884.4,1357992
2026-01-02 16:12:00+00:00,2.16,651.3,588579
2026-01-02 16:13:00+00:00,2.11,624.6,418102
2026-01-02 16:14:00+00:00,2.25,613.3,296124
2026-01-02 16:15:00+00:00,2.62,633.7,419236
2026-01-02 16:16:00+00:00,2.68,614.2,424034
2026-01-02 16:17:00+00:00,2.19,613.2,365655
2026-01-02 16:18:00+00:00,1.28,620.1,335486
2026-01-02 16:19:00+00:00,0.29,527.4,46919
2026-01-02 16:20:00+00:00,3.28,671.1,391842
2026-01-02 16:21:00+00:00,0.63,557.8,63052
2026-01-02 16:22:00+00:00,1.04,599.3,331373
2026-01-02 16:23:00+00:00,0.19,536.3,74496
2026-01-02 16:24:00+00:00,2.76,679.1,286646
2026-01-02 16:25:00+00:00,5.43,700.0,402580
2026-01-02 16:26:00+00:00,4.54,662.8,302800
2026-01-02 16:27:00+00:00,3.83,669.1,368681
2026-01-02 16:28:00+00:00,3.45,673.5,367688
2026-01-02 16:29:00+00:00,3.05,664.6,293741
2026-01-02 16:30:00+00:00,2.27,584.2,167958
2026-01-02 16:31:00+00:00,2.18,596.4,279854
2026-01-02 16:32:00+00:00,2.21,619.7,492303
2026-01-02 16:33:00+00:00,2.47,613.7,438784
2026-01-02 16:34:00+00:00,1.25,606.6,359014
2026-01-02 16:35:00+00:00,1.44,634.8,425122
2026-01-02 16:36:00+00:00,2.70,621.4,481465
2026-01-02 16:37:00+00:00,1.65,596.5,298045
2026-01-02 16:38:00+00:00,1.19,629.8,187497
2026-01-02 16:39:00+00:00,1.28,656.1,517803
2026-01-02 16:40:00+00:00,0.41,553.5,136520
2026-01-02 16:41:00+00:00,2.13,606.5,294673
2026-01-02 16:42:00+00:00,2.75,641.6,399524
2026-01-02 16:43:00+00:00,2.56,610.8,265954
2026-01-02 16:44:00+00:00,2.46,588.3,174258
2026-01-02 16:45:00+00:00,2.50,632.5,233100
2026-01-02 16:46:00+00:00,2.67,642.4,313854
2026-01-02 16:47:00+00:00,3.11,649.7,423792
2026-01-02 16:48:00+00:00,3.21,628.4,353848
2026-01-02 16:49:00+00:00,1.98,588.2,183369
2026-01-02 16:50:00+00:00,0.21,519.4,81629
2026-01-02 16:51:00+00:00,1.31,659.3,424556
2026-01-02 16:52:00+00:00,0.60,544.0,38121
2026-01-02 16:53:00+00:00,2.24,621.9,358655
2026-01-02 16:54:00+00:00,2.00,602.0,246356
2026-01-02 16:55:00+00:00,2.27,623.3,376096
2026-01-02 16:56:00+00:00,2.19,606.7,275816
2026-01-02 16:57:00+00:00,2.59,632.9,447602
2026-01-02 16:58:00+00:00,2.45,615.5,388942
2026-01-02 16:59:00+00:00,1.00,556.3,147448
2026-01-02 17:00:00+00:00,3.00,586.5,185912
2026-01-02 17:01:00+00:00,5.51,639.0,321891
2026-01-02 17:02:00+00:00,2.08,625.8,376683
2026-01-02 17:03:00+00:00,2.09,624.3,341626
2026-01-02 17:04:00+00:00,2.37,627.3,281389
2026-01-02 17:05:00+00:00,3.06,643.9,308557
2026-01-02 17:06:00+00:00,2.23,604.6,230885
2026-01-02 17:07:00+00:00,2.26,608.8,241811
2026-01-02 17:08:00+00:00,2.59,667.4,394767
2026-01-02 17:09:00+00:00,2.42,636.6,290631
2026-01-02 17:10:00+00:00,2.40,640.7,316917
2026-01-02 17:11:00+00:00,0.55,546.5,75529
2026-01-02 17:12:00+00:00,1.31,601.6,361898
2026-01-02 17:13:00+00:00,2.29,640.8,476846
2026-01-02 17:14:00+00:00,2.27,622.3,372670
2026-01-02 17:15:00+00:00,2.14,621.1,332953
2026-01-02 17:16:00+00:00,2.49,630.0,400763
2026-01-02 17:17:00+00:00,2.78,630.9,449275
2026-01-02 17:18:00+00:00,3.00,658.5,504424
2026-01-02 17:19:00+00:00,2.59,639.3,427291
2026-01-02 17:20:00+00:00,1.76,600.6,279966
2026-01-02 17:21:00+00:00,1.66,601.0,302529
2026-01-02 17:22:00+00:00,1.46,610.0,328821
2026-01-02 17:23:00+00:00,1.61,639.3,420105
2026-01-02 17:24:00+00:00,2.18,635.0,569493
2026-01-02 17:25:00+00:00,1.23,618.4,427157
2026-01-02 17:26:00+00:00,1.92,612.2,345902
2026-01-02 17:27:00+00:00,2.81,616.0,473105
2026-01-02 17:28:00+00:00,0.72,533.2,130306
2026-01-02 17:29:00+00:00,2.49,570.5,227118
2026-01-02 17:30:00+00:00,2.40,583.4,257830
2026-01-02 17:31:00+00:00,2.06,596.5,296842
2026-01-02 17:32:00+00:00,2.11,601.8,363944
2026-01-02 17:33:00+00:00,2.05,592.1,372018
2026-01-02 17:34:00+00:00,3.17,570.9,308297
2026-01-02 17:35:00+00:00,3.85,571.7,312009
2026-01-02 17:36:00+00:00,1.61,618.5,441370
2026-01-02 17:37:00+00:00,1.34,611.4,410942
2026-01-02 17:38:00+00:00,1.74,622.0,417152
2026-01-02 17:39:00+00:00,1.59,636.8,424437
2026-01-02 17:40:00+00:00,0.42,531.0,39581
2026-01-02 17:41:00+00:00,4.85,617.3,303700
2026-01-02 17:42:00+00:00,2.36,605.4,348484
2026-01-02 17:43:00+00:00,2.14,614.0,352426
2026-01-02 17:44:00+00:00,0.51,537.1,101388
2026-01-02 17:45:00+00:00,3.53,596.1,324457
2026-01-02 17:46:00+00:00,1.61,538.0,161805
2026-01-02 17:47:00+00:00,1.28,604.5,197342
2026-01-02 17:48:00+00:00,1.10,599.1,168962
2026-01-02 17:49:00+00:00,0.21,530.4,45641
2026-01-02 17:51:00+00:00,5.09,666.4,330266
2026-01-02 17:52:00+00:00,4.16,659.4,355810
2026-01-02 17:53:00+00:00,1.54,636.5,387774
2026-01-02 17:54:00+00:00,1.22,624.5,245496
2026-01-02 17:55:00+00:00,1.28,641.1,319468
2026-01-02 17:56:00+00:00,1.53,655.6,367836
2026-01-02 17:57:00+00:00,1.51,678.5,546133
2026-01-02 17:58:00+00:00,1.50,619.0,311849
2026-01-02 17:59:00+00:00,1.60,637.8,394076
2026-01-02 18:00:00+00:00,1.54,619.0,322932
2026-01-02 18:01:00+00:00,1.54,612.0,307990
2026-01-02 18:02:00+00:00,1.46,581.6,249982
2026-01-02 18:03:00+00:00,1.53,606.4,324446
2026-01-02 18:04:00+00:00,1.60,628.7,396432
2026-01-02 18:05:00+00:00,1.59,625.2,398359
2026-01-02 18:06:00+00:00,1.10,600.4,277570
2026-01-02 18:07:00+00:00,1.41,612.4,309049
2026-01-02 18:08:00+00:00,1.89,629.6,351174
2026-01-02 18:09:00+00:00,1.57,611.2,298239
2026-01-02 18:10:00+00:00,1.85,615.0,322945
2026-01-02 18:11:00+00:00,2.09,630.3,368233
2026-01-02 18:12:00+00:00,4.07,624.7,338053
2026-01-02 18:13:00+00:00,1.66,611.3,339428
2026-01-02 18:14:00+00:00,1.66,612.0,325170
2026-01-02 18:15:00+00:00,1.75,628.0,368255
2026-01-02 18:16:00+00:00,1.76,636.4,399176
2026-01-02 18:17:00+00:00,1.82,619.6,351203
2026-01-02 18:18:00+00:00,1.68,587.6,229892
2026-01-02 18:19:00+00:00,2.04,620.8,339006
2026-01-02 18:20:00+00:00,1.88,622.1,346969
2026-01-02 18:21:00+00:00,1.70,601.0,277897
2026-01-02 18:22:00+00:00,1.84,595.4,262130
2026-01-02 18:23:00+00:00,1.68,579.3,208883
2026-01-02 18:26:00+00:00,1.50,583.7,278451
2026-01-02 18:27:00+00:00,1.51,585.2,285414
2026-01-02 18:28:00+00:00,1.59,606.1,382889
2026-01-02 18:29:00+00:00,1.43,594.0,372192
2026-01-02 18:30:00+00:00,1.17,570.7,152412
2026-01-02 18:31:00+00:00,1.26,591.3,219655
2026-01-02 18:32:00+00:00,2.07,607.7,438356
2026-01-02 18:33:00+00:00,2.27,610.9,489842
2026-01-02 18:34:00+00:00,1.49,568.7,175583
2026-01-02 18:35:00+00:00,1.57,585.6,220789
2026-01-02 18:36:00+00:00,1.82,597.1,312932
2026-01-02 18:37:00+00:00,1.87,589.5,357989
2026-01-02 18:38:00+00:00,1.47,561.4,254331
2026-01-02 18:39:00+00:00,1.30,550.2,185660
2026-01-02 18:40:00+00:00,1.85,587.3,343270
2026-01-02 18:41:00+00:00,1.87,590.5,372335
2026-01-02 18:42:00+00:00,1.41,573.8,306839
2026-01-02 18:43:00+00:00,1.26,553.0,247838
2026-01-02 18:44:00+00:00,1.56,609.0,441358
2026-01-02 18:45:00+00:00,1.52,594.7,427638
2026-01-02 18:46:00+00:00,1.62,579.2,316843
2026-01-02 18:47:00+00:00,1.69,593.1,380476
2026-01-02 18:48:00+00:00,1.79,593.3,382675
2026-01-02 18:49:00+00:00,1.48,582.3,317987
2026-01-02 18:50:00+00:00,1.24,551.6,235918
2026-01-02 18:51:00+00:00,1.28,578.9,376836
2026-01-02 18:52:00+00:00,1.31,585.8,350256
2026-01-02 18:53:00+00:00,1.38,575.7,294747
2026-01-02 18:54:00+00:00,1.37,562.7,314310
2026-01-02 18:55:00+00:00,1.26,553.5,272048
2026-01-02 18:56:00+00:00,1.48,600.5,359442
2026-01-02 18:58:00+00:00,1.79,620.9,391326
2026-01-02 18:59:00+00:00,1.73,619.1,385441
2026-01-02 19:00:00+00:00,1.02,594.6,303051
2026-01-02 19:01:00+00:00,0.90,614.3,344221
2026-01-02 19:02:00+00:00,1.53,615.1,342488
2026-01-02 19:03:00+00:00,1.75,639.3,477216
2026-01-02 19:04:00+00:00,1.71,601.9,361509
2026-01-02 19:05:00+00:00,1.40,579.7,309312
2026-01-02 19:06:00+00:00,1.11,544.8,211273
2026-01-02 19:07:00+00:00,1.63,586.1,317563
2026-01-02 19:08:00+00:00,0.98,556.1,213469
2026-01-02 19:09:00+00:00,0.66,546.9,223364
2026-01-02 19:10:00+00:00,1.31,589.9,340476
2026-01-02 19:11:00+00:00,1.61,620.2,267435
2026-01-02 19:12:00+00:00,2.59,711.7,504329
2026-01-02 19:13:00+00:00,3.31,680.0,735490
2026-01-02 19:14:00+00:00,0.67,578.6,149246
2026-01-02 19:15:00+00:00,0.63,573.5,141575
2026-01-02 19:16:00+00:00,0.07,501.9,34186
2026-01-02 19:17:00+00:00,1.48,599.9,290946
2026-01-02 19:18:00+00:00,1.18,593.2,218090
2026-01-02 19:19:00+00:00,1.65,628.9,471573
2026-01-02 19:20:00+00:00,1.30,614.1,356026
2026-01-02 19:21:00+00:00,1.07,606.6,319094
2026-01-02 19:22:00+00:00,0.75,582.9,211198
2026-01-02 19:23:00+00:00,1.02,609.8,287938
2026-01-02 19:24:00+00:00,0.65,570.0,201942
2026-01-02 19:25:00+00:00,0.86,559.6,150978
2026-01-02 19:26:00+00:00,1.55,595.4,229283
2026-01-02 19:27:00+00:00,1.12,584.0,244332
2026-01-02 19:28:00+00:00,0.67,613.3,385108
2026-01-02 19:29:00+00:00,0.25,612.0,385819
2026-01-02 19:30:00+00:00,1.01,604.4,354700
2026-01-02 19:31:00+00:00,1.01,603.8,354449
2026-01-02 19:32:00+00:00,1.03,594.3,350929
2026-01-02 19:34:00+00:00,0.20,613.8,555031
2026-01-02 19:35:00+00:00,0.50,591.8,425903
2026-01-02 19:36:00+00:00,0.46,555.8,139098
2026-01-02 19:37:00+00:00,0.32,567.8,396687
2026-01-02 19:38:00+00:00,0.24,554.2,390921
2026-01-02 19:39:00+00:00,0.22,543.7,329070
2026-01-02 19:40:00+00:00,0.08,484.7,42425
2026-01-02 19:41:00+00:00,0.41,536.8,135700
2026-01-02 19:42:00+00:00,0.75,584.2,247354
2026-01-02 19:43:00+00:00,1.04,574.8,268479
2026-01-02 19:44:00+00:00,1.75,593.5,276342
2026-01-02 19:45:00+00:00,1.80,595.6,223483
2026-01-02 19:46:00+00:00,1.33,552.7,139559
2026-01-02 19:47:00+00:00,1.29,553.4,153297
2026-01-02 19:48:00+00:00,0.80,563.7,345621
2026-01-02 19:49:00+00:00,1.38,559.1,223459
2026-01-02 19:50:00+00:00,0.12,486.0,42867
2026-01-02 19:51:00+00:00,0.33,601.4,427876
2026-01-02 19:52:00+00:00,0.72,599.7,282114
2026-01-02 19:53:00+00:00,0.34,625.4,527772
2026-01-02 19:54:00+00:00,0.23,635.1,378088
2026-01-02 19:55:00+00:00,0.27,659.1,336360
2026-01-02 19:56:00+00:00,0.58,634.8,333554
2026-01-02 19:57:00+00:00,0.86,596.4,266173
2026-01-02 19:58:00+00:00,0.83,581.1,238995
2026-01-02 19:59:00+00:00,0.54,537.1,160348
2026-01-02 20:00:00+00:00,0.31,517.5,111436
2026-01-02 20:01:00+00:00,0.99,604.6,319468
2026-01-02 20:02:00+00:00,0.96,600.3,325777
2026-01-02 20:03:00+00:00,1.28,594.9,321256
2026-01-02 20:04:00+00:00,1.28,594.9,321256
2026-01-02 20:05:00+00:00,1.23,613.2,329148
2026-01-02 20:06:00+00:00,1.59,604.7,334410
2026-01-02 20:07:00+00:00,1.62,624.9,366423
2026-01-02 20:08:00+00:00,0.49,534.6,114071
2026-01-02 20:09:00+00:00,0.21,511.2,49766
2026-01-02 20:10:00+00:00,1.71,599.5,311552
2026-01-02 20:11:00+00:00,1.74,612.4,348364
2026-01-02 20:12:00+00:00,1.84,622.4,364702
2026-01-02 20:13:00+00:00,1.91,623.6,357524
2026-01-02 20:14:00+00:00,1.59,544.3,164912
2026-01-02 20:15:00+00:00,1.53,569.3,217907
2026-01-02 20:16:00+00:00,1.58,623.7,352914
2026-01-02 20:17:00+00:00,1.86,621.6,382852
2026-01-02 20:18:00+00:00,1.17,561.5,178012
2026-01-02 20:19:00+00:00,1.06,543.4,135908
2026-01-02 20:20:00+00:00,0.09,496.2,39461
2026-01-02 20:21:00+00:00,1.52,604.2,222404
2026-01-02 20:22:00+00:00,1.95,618.7,294186
2026-01-02 20:23:00+00:00,2.10,634.9,359101
2026-01-02 20:24:00+00:00,1.98,627.6,349539
2026-01-02 20:25:00+00:00,1.97,625.2,341461
2026-01-02 20:26:00+00:00,1.72,590.4,241155
2026-01-02 20:27:00+00:00,1.86,615.6,311888
2026-01-02 20:28:00+00:00,1.98,627.1,344857
2026-01-02 20:29:00+00:00,1.99,620.4,326847
2026-01-02 20:30:00+00:00,2.99,600.4,310984
2026-01-02 20:31:00+00:00,4.38,556.6,247249
2026-01-02 20:32:00+00:00,1.82,625.8,423252
2026-01-02 20:33:00+00:00,1.82,625.8,423252
2026-01-02 20:34:00+00:00,8.87,588.5,131215
2026-01-02 20:35:00+00:00,8.87,588.5,131215
2026-01-02 20:39:00+00:00,0.94,543.3,146126
2026-01-02 20:40:00+00:00,1.25,586.8,356489
2026-01-02 20:41:00+00:00,1.14,572.0,336443
2026-01-02 20:42:00+00:00,1.07,562.7,310029
2026-01-02 20:43:00+00:00,0.89,556.6,232737
2026-01-02 20:44:00+00:00,0.79,551.4,152743
2026-01-02 20:45:00+00:00,0.87,545.0,107134
2026-01-02 20:46:00+00:00,1.12,544.3,147797
2026-01-02 20:47:00+00:00,1.27,547.0,175742
2026-01-02 20:48:00+00:00,1.38,552.0,214713
2026-01-02 20:49:00+00:00,1.41,564.7,282480
2026-01-02 20:50:00+00:00,1.36,565.5,299505
2026-01-02 20:51:00+00:00,1.21,557.6,186357
2026-01-02 20:52:00+00:00,1.64,559.3,238116
2026-01-02 20:54:00+00:00,1.77,587.0,330504
2026-01-02 20:55:00+00:00,1.68,584.0,281733
2026-01-02 20:56:00+00:00,1.37,565.4,168414
2026-01-02 20:57:00+00:00,1.30,560.9,141960
2026-01-02 20:58:00+00:00,1.62,567.2,227237
2026-01-02 20:59:00+00:00,1.70,571.6,257498
2026-01-02 21:00:00+00:00,1.72,579.8,287848
2026-01-02 21:01:00+00:00,1.69,584.4,296753
2026-01-02 21:02:00+00:00,1.16,611.3,305640
2026-01-02 21:03:00+00:00,1.36,608.3,308956
2026-01-02 21:04:00+00:00,1.92,610.1,337919
2026-01-02 21:05:00+00:00,2.36,631.1,399327
2026-01-02 21:06:00+00:00,1.66,596.3,468527
2026-01-02 21:07:00+00:00,1.66,596.3,468527
2026-01-02 21:10:00+00:00,2.21,586.8,244399
2026-01-02 21:11:00+00:00,1.38,606.2,295946
2026-01-02 21:12:00+00:00,1.28,607.7,336252
2026-01-02 21:13:00+00:00,1.29,607.3,344346
2026-01-02 21:14:00+00:00,1.40,614.6,404245
2026-01-02 21:15:00+00:00,1.27,616.8,356783
2026-01-02 21:16:00+00:00,1.27,623.6,289825
2026-01-02 21:17:00+00:00,1.35,628.3,258924
2026-01-02 21:18:00+00:00,1.29,624.7,284778
2026-01-02 21:19:00+00:00,1.44,623.9,315778
2026-01-02 21:20:00+00:00,1.67,616.1,366934
2026-01-02 21:21:00+00:00,1.49,601.6,345220
2026-01-02 21:22:00+00:00,1.41,611.0,369770
2026-01-02 21:23:00+00:00,1.33,607.7,320298
2026-01-02 21:24:00+00:00,1.42,595.2,346926
2026-01-02 21:25:00+00:00,1.28,577.7,287015
2026-01-02 21:26:00+00:00,1.34,563.6,232498
2026-01-02 21:27:00+00:00,1.53,571.6,284619
2026-01-02 21:28:00+00:00,1.42,565.1,243516
2026-01-02 21:29:00+00:00,1.39,563.1,231085
2026-01-02 21:30:00+00:00,0.98,618.1,274872
2026-01-02 21:31:00+00:00,0.98,618.2,292948
2026-01-02 21:32:00+00:00,1.24,602.2,315977
2026-01-02 21:33:00+00:00,1.47,588.1,325582
2026-01-02 21:34:00+00:00,1.47,576.2,299102
2026-01-02 21:35:00+00:00,1.48,575.6,297634
2026-01-02 21:36:00+00:00,1.49,575.9,292951
2026-01-02 21:37:00+00:00,1.41,580.5,288147
2026-01-02 21:38:00+00:00,1.70,606.4,412953
2026-01-02 21:39:00+00:00,1.64,606.7,399912
2026-01-02 21:40:00+00:00,0.80,609.9,217332
2026-01-02 21:43:00+00:00,1.66,582.7,332083
2026-01-02 21:44:00+00:00,1.40,576.2,269378
2026-01-02 21:45:00+00:00,1.34,574.6,253702
2026-01-02 21:46:00+00:00,1.19,574.1,216662
2026-01-02 21:47:00+00:00,1.25,583.6,261319
2026-01-02 21:48:00+00:00,1.33,588.8,282556
2026-01-02 21:49:00+00:00,1.37,587.8,275088
2026-01-02 21:50:00+00:00,1.35,588.6,281704
2026-01-02 21:51:00+00:00,1.42,577.6,290205
2026-01-02 21:52:00+00:00,1.54,558.7,303374
2026-01-02 21:53:00+00:00,1.52,567.5,292833
2026-01-02 21:54:00+00:00,1.17,590.9,287260
2026-01-02 21:55:00+00:00,1.17,589.9,287489
2026-01-02 21:56:00+00:00,1.27,576.6,290700
2026-01-02 21:57:00+00:00,1.38,584.0,264840
2026-01-02 21:58:00+00:00,1.27,577.8,269960
2026-01-02 22:09:00+00:00,1.60,564.1,296539
2026-01-02 22:10:00+00:00,1.56,563.4,289634
2026-01-02 22:11:00+00:00,1.30,558.3,244435
2026-01-02 22:12:00+00:00,1.64,553.7,240018
2026-01-02 22:16:00+00:00,1.73,557.5,374836
2026-01-02 22:17:00+00:00,1.73,557.5,374836
2026-01-02 22:18:00+00:00,1.30,540.2,171010
2026-01-02 22:19:00+00:00,1.45,554.8,243870
2026-01-02 22:20:00+00:00,1.55,564.5,292444
2026-01-02 22:22:00+00:00,1.39,570.3,250935
2026-01-02 22:23:00+00:00,1.36,571.5,284070
2026-01-02 22:24:00+00:00,1.30,574.1,350339
2026-01-02 22:26:00+00:00,1.70,588.3,225615
2026-01-02 22:27:00+00:00,1.64,586.9,225246
2026-01-02 22:28:00+00:00,0.74,567.4,220082
2026-01-02 22:30:00+00:00,0.32,637.4,267859
2026-01-02 22:31:00+00:00,0.67,590.6,339070
2026-01-02 22:32:00+00:00,0.95,593.6,313892
2026-01-02 22:33:00+00:00,1.01,596.1,304859
2026-01-02 22:34:00+00:00,0.97,604.1,293180
2026-01-02 22:35:00+00:00,1.28,624.5,305268
2026-01-02 22:36:00+00:00,1.31,634.4,280244
2026-01-02 22:37:00+00:00,1.15,631.2,251296
2026-01-02 22:38:00+00:00,1.27,604.1,269279
2026-01-02 22:39:00+00:00,1.37,606.1,284562
2026-01-02 22:40:00+00:00,1.57,610.2,315129
2026-01-02 22:42:00+00:00,1.66,600.9,318263
2026-01-02 22:43:00+00:00,1.67,602.5,320134
2026-01-02 22:44:00+00:00,1.83,624.3,346332
2026-01-02 22:46:00+00:00,2.47,630.9,567254
2026-01-02 22:50:00+00:00,1.45,595.8,425203
2026-01-02 22:51:00+00:00,1.10,575.5,349603
2026-01-02 22:52:00+00:00,0.87,562.0,299203
2026-01-02 22:54:00+00:00,0.85,551.4,239993
2026-01-02 22:55:00+00:00,0.88,550.7,243757
2026-01-02 22:56:00+00:00,0.94,549.1,251286
2026-01-02 22:58:00+00:00,0.77,549.6,285091
2026-01-02 22:59:00+00:00,0.77,550.4,283028
2026-01-02 23:00:00+00:00,0.81,560.8,254148
2026-01-02 23:02:00+00:00,0.64,551.6,295291
2026-01-02 23:03:00+00:00,0.76,552.1,335591
2026-01-02 23:04:00+00:00,0.65,549.5,212639
2026-01-02 23:05:00+00:00,0.61,548.9,180351
2026-01-02 23:06:00+00:00,1.30,542.2,191699
2026-01-02 23:07:00+00:00,0.96,545.4,328519
2026-01-02 23:08:00+00:00,0.73,547.5,419731
2026-01-02 23:10:00+00:00,1.34,548.0,346258
2026-01-02 23:11:00+00:00,1.19,555.8,366587
2026-01-02 23:12:00+00:00,0.88,571.5,407244
2026-01-02 23:14:00+00:00,1.64,578.1,356553
2026-01-02 23:15:00+00:00,1.63,577.5,349172
2026-01-02 23:16:00+00:00,1.35,568.3,245842
2026-01-02 23:18:00+00:00,1.62,567.5,329632
2026-01-02 23:19:00+00:00,1.61,585.7,293848
2026-01-02 23:20:00+00:00,2.14,600.5,344312
2026-01-02 23:21:00+00:00,2.28,603.5,358304
2026-01-02 23:22:00+00:00,1.02,528.0,147673
2026-01-02 23:23:00+00:00,1.18,544.2,203450
2026-01-02 23:24:00+00:00,1.37,566.4,239397
2026-01-02 23:25:00+00:00,1.44,576.4,238313
2026-01-02 23:26:00+00:00,1.53,575.2,264255
2026-01-02 23:27:00+00:00,1.12,542.7,188974
2026-01-02 23:28:00+00:00,0.30,477.8,38412
2026-01-02 23:30:00+00:00,0.42,540.1,378363
2026-01-02 23:31:00+00:00,0.42,540.3,369644
2026-01-02 23:32:00+00:00,0.38,543.0,247579
2026-01-02 23:35:00+00:00,0.68,574.3,303906
2026-01-02 23:36:00+00:00,0.72,584.6,382759
2026-01-02 23:37:00+00:00,0.73,587.2,402473
2026-01-02 23:38:00+00:00,0.94,583.6,367053
2026-01-02 23:39:00+00:00,1.19,580.8,320486
2026-01-02 23:40:00+00:00,1.13,579.2,266897
2026-01-02 23:41:00+00:00,0.93,579.5,247170
2026-01-02 23:42:00+00:00,1.29,551.3,419862
2026-01-02 23:43:00+00:00,1.33,554.9,385501
2026-01-02 23:44:00+00:00,1.41,561.9,316778
2026-01-02 23:46:00+00:00,1.44,586.4,415649
2026-01-02 23:47:00+00:00,1.39,584.1,404358
2026-01-02 23:48:00+00:00,0.66,552.2,246283
2026-01-02 23:50:00+00:00,0.67,545.4,197585
2026-01-02 23:51:00+00:00,0.32,548.0,268107
2026-01-02 23:52:00+00:00,0.29,556.7,252109
2026-01-02 23:53:00+00:00,0.29,558.8,245397
2026-01-02 23:56:00+00:00,1.31,601.0,324783
2026-01-02 23:57:00+00:00,1.39,606.8,383022
2026-01-02 23:58:00+00:00,1.47,613.4,449581
2026-01-02 23:59:00+00:00,0.29,547.4,293171
2026-01-03 00:00:00+00:00,0.26,547.6,352169
2026-01-03 00:01:00+00:00,0.18,548.0,514413
2026-01-03 00:03:00+00:00,0.47,537.5,231371
2026-01-03 00:04:00+00:00,0.47,537.5,231371
2026-01-03 00:05:00+00:00,0.78,537.0,201186
2026-01-03 00:06:00+00:00,0.78,537.0,201186
2026-01-03 00:07:00+00:00,0.53,528.8,177657
2026-01-03 00:08:00+00:00,0.34,537.6,312947
2026-01-03 00:09:00+00:00,0.29,543.1,382944
2026-01-03 00:10:00+00:00,0.29,544.3,396098
2026-01-03 00:11:00+00:00,0.88,568.4,309034
2026-01-03 00:12:00+00:00,0.70,563.2,258102
2026-01-03 00:13:00+00:00,0.53,558.7,213535
2026-01-03 00:15:00+00:00,0.66,526.3,166260
2026-01-03 00:16:00+00:00,0.71,534.4,208012
2026-01-03 00:17:00+00:00,0.84,556.7,322830
2026-01-03 00:19:00+00:00,0.84,559.2,284506
2026-01-03 00:20:00+00:00,0.84,559.2,284506
2026-01-03 00:21:00+00:00,1.00,565.6,370102
2026-01-03 00:22:00+00:00,1.00,565.6,370102
2026-01-03 00:23:00+00:00,0.56,542.8,218212
2026-01-03 00:24:00+00:00,0.36,551.5,268243
2026-01-03 00:25:00+00:00,0.44,546.8,289534
2026-01-03 00:26:00+00:00,0.48,544.3,292728
2026-01-03 00:28:00+00:00,0.36,575.5,298412
2026-01-03 00:29:00+00:00,0.38,580.4,344380
2026-01-03 00:30:00+00:00,0.41,586.1,396915
2026-01-03 00:31:00+00:00,0.16,570.6,354167
2026-01-03 00:32:00+00:00,0.18,566.9,325652
2026-01-03 00:33:00+00:00,0.26,556.9,247236
2026-01-03 00:35:00+00:00,0.41,543.3,242619
2026-01-03 00:36:00+00:00,0.41,543.3,242619
2026-01-03 00:37:00+00:00,0.02,472.8,30075
2026-01-03 00:38:00+00:00,0.02,472.8,30075
2026-01-03 00:40:00+00:00,0.43,544.6,323042
2026-01-03 00:41:00+00:00,0.37,531.8,234798
2026-01-03 00:42:00+00:00,0.35,527.2,202709
2026-01-03 00:43:00+00:00,0.99,558.8,223865
2026-01-03 00:44:00+00:00,0.94,567.5,274383
2026-01-03 00:45:00+00:00,0.91,576.4,343293
2026-01-03 00:46:00+00:00,0.93,578.0,371528
2026-01-03 00:47:00+00:00,1.16,575.9,296891
2026-01-03 00:48:00+00:00,0.87,546.9,227256
2026-01-03 00:49:00+00:00,0.09,467.1,35758
2026-01-03 00:51:00+00:00,0.98,569.8,284925
2026-01-03 00:52:00+00:00,0.98,569.8,284925
2026-01-03 00:53:00+00:00,1.31,566.2,251064
2026-01-03 00:54:00+00:00,1.31,566.2,251064
2026-01-03 00:55:00+00:00,1.16,573.4,268999
2026-01-03 00:56:00+00:00,1.04,566.1,235879
2026-01-03 00:57:00+00:00,1.12,572.8,287229
2026-01-03 00:58:00+00:00,1.15,575.8,308912
2026-01-03 00:59:00+00:00,0.91,560.6,237407
2026-01-03 01:00:00+00:00,0.91,560.6,237407
2026-01-03 01:01:00+00:00,0.24,506.2,57760
2026-01-03 01:02:00+00:00,0.24,506.2,57760
2026-01-03 01:03:00+00:00,0.50,541.1,196570
2026-01-03 01:04:00+00:00,0.65,544.1,192997
2026-01-03 01:05:00+00:00,1.06,552.5,183170
2026-01-03 01:07:00+00:00,1.29,579.1,238436
2026-01-03 01:08:00+00:00,1.29,579.1,238436
2026-01-03 01:09:00+00:00,0.32,557.9,236980
2026-01-03 01:10:00+00:00,0.32,557.9,236980
2026-01-03 01:11:00+00:00,0.28,539.9,261453
2026-01-03 01:12:00+00:00,0.32,563.4,321781
2026-01-03 01:13:00+00:00,0.26,554.6,208728
2026-01-03 01:14:00+00:00,0.24,549.3,162134
2026-01-03 01:15:00+00:00,0.45,555.5,180965
2026-01-03 01:16:00+00:00,0.55,570.8,224827
2026-01-03 01:17:00+00:00,0.69,584.9,226098
2026-01-03 01:18:00+00:00,0.73,585.9,183687
2026-01-03 01:19:00+00:00,0.80,574.5,232743
2026-01-03 01:20:00+00:00,0.84,566.1,215422
2026-01-03 01:21:00+00:00,0.97,542.9,167789
2026-01-03 01:23:00+00:00,1.16,605.9,197254
2026-01-03 01:24:00+00:00,1.16,605.9,197254
2026-01-03 01:25:00+00:00,1.85,613.7,376267
2026-01-03 01:26:00+00:00,1.85,613.7,376267
2026-01-03 01:28:00+00:00,0.60,553.1,181925
2026-01-03 01:29:00+00:00,0.71,555.0,210629
2026-01-03 01:30:00+00:00,0.75,555.6,221067
2026-01-03 01:31:00+00:00,0.40,565.4,295208
2026-01-03 01:32:00+00:00,0.39,568.6,274289
2026-01-03 01:33:00+00:00,0.38,571.5,255985
2026-01-03 01:35:00+00:00,0.23,566.9,437311
2026-01-03 01:36:00+00:00,0.40,573.3,392577
2026-01-03 01:37:00+00:00,0.85,591.1,269560
2026-01-03 01:39:00+00:00,0.70,561.6,189768
2026-01-03 01:40:00+00:00,0.70,561.6,189768
2026-01-03 01:41:00+00:00,0.44,563.8,244384
2026-01-03 01:42:00+00:00,0.44,563.8,244384
2026-01-03 01:44:00+00:00,0.56,562.8,219720
2026-01-03 01:45:00+00:00,0.72,560.4,260352
2026-01-03 01:46:00+00:00,0.78,559.5,275128
2026-01-03 01:47:00+00:00,0.99,571.5,201318
2026-01-03 01:48:00+00:00,1.08,578.2,234244
2026-01-03 01:49:00+00:00,1.16,588.8,261349
2026-01-03 01:50:00+00:00,1.14,594.3,259399
2026-01-03 01:51:00+00:00,0.64,568.1,294296
2026-01-03 01:52:00+00:00,0.60,571.1,319146
2026-01-03 01:53:00+00:00,0.50,579.2,387484
2026-01-03 01:55:00+00:00,0.10,495.1,44719
2026-01-03 01:56:00+00:00,0.10,495.1,44719
2026-01-03 01:57:00+00:00,1.14,615.5,387463
2026-01-03 01:58:00+00:00,1.14,615.5,387463
2026-01-03 01:59:00+00:00,0.69,621.7,348879
2026-01-03 02:00:00+00:00,0.66,582.1,259478
2026-01-03 02:01:00+00:00,0.67,576.3,333654
2026-01-03 02:02:00+00:00,0.68,577.8,368754
2026-01-03 02:03:00+00:00,0.84,564.7,275955
2026-01-03 02:04:00+00:00,0.92,556.6,209538
2026-01-03 02:05:00+00:00,0.98,549.4,151424
2026-01-03 02:07:00+00:00,0.67,598.7,306646
2026-01-03 02:08:00+00:00,0.71,590.8,289335
2026-01-03 02:09:00+00:00,0.83,569.3,241729
2026-01-03 02:11:00+00:00,0.97,590.3,331975
2026-01-03 02:12:00+00:00,0.97,590.3,331975
2026-01-03 02:13:00+00:00,0.86,591.6,341160
2026-01-03 02:14:00+00:00,0.86,591.6,341160
2026-01-03 02:16:00+00:00,0.76,566.1,257109
2026-01-03 02:17:00+00:00,1.06,590.6,323099
2026-01-03 02:18:00+00:00,1.16,599.5,347096
2026-01-03 02:19:00+00:00,1.16,602.0,277282
2026-01-03 02:20:00+00:00,1.30,603.1,322182
2026-01-03 02:21:00+00:00,1.45,605.5,387594
2026-01-03 02:22:00+00:00,1.49,607.1,417450
2026-01-03 02:23:00+00:00,1.62,657.6,575859
2026-01-03 02:24:00+00:00,1.32,648.1,527633
2026-01-03 02:25:00+00:00,0.51,622.2,395013
2026-01-03 02:27:00+00:00,0.87,621.3,248146
2026-01-03 02:28:00+00:00,0.87,621.3,248146
2026-01-03 02:29:00+00:00,0.95,637.3,505156
2026-01-03 02:30:00+00:00,0.95,637.3,505156
2026-01-03 02:32:00+00:00,1.33,643.4,483615
2026-01-03 02:33:00+00:00,1.18,648.0,395960
2026-01-03 02:34:00+00:00,1.13,649.7,364085
2026-01-03 02:35:00+00:00,0.75,566.6,274154
2026-01-03 02:36:00+00:00,0.70,568.2,351068
2026-01-03 02:37:00+00:00,0.68,569.8,426568
2026-01-03 02:38:00+00:00,0.72,570.1,435939
2026-01-03 02:40:00+00:00,0.98,575.7,406415
2026-01-03 02:41:00+00:00,0.98,575.7,406415
2026-01-03 02:43:00+00:00,1.54,585.7,343274
2026-01-03 02:44:00+00:00,1.54,585.7,343274
2026-01-03 02:45:00+00:00,1.10,563.7,214537
2026-01-03 02:46:00+00:00,1.10,563.7,214537
2026-01-03 02:48:00+00:00,0.77,585.8,348422
2026-01-03 02:49:00+00:00,0.76,597.5,430394
2026-01-03 02:50:00+00:00,0.75,601.7,460202
2026-01-03 02:51:00+00:00,1.07,594.7,305204
2026-01-03 02:52:00+00:00,1.09,597.8,297134
2026-01-03 02:53:00+00:00,1.04,592.6,322493
2026-01-03 02:54:00+00:00,0.97,583.7,359547
2026-01-03 02:55:00+00:00,0.93,609.3,338913
2026-01-03 02:56:00+00:00,0.97,605.9,341432
2026-01-03 02:57:00+00:00,1.10,596.4,348360
2026-01-03 02:59:00+00:00,0.66,609.3,257277
2026-01-03 03:00:00+00:00,0.66,609.3,257277
2026-01-03 03:01:00+00:00,1.17,639.9,334675
2026-01-03 03:02:00+00:00,1.17,639.9,334675
2026-01-03 03:03:00+00:00,0.96,610.7,300086
2026-01-03 03:04:00+00:00,0.94,594.7,339791
2026-01-03 03:05:00+00:00,1.21,607.9,379778
2026-01-03 03:06:00+00:00,1.30,614.2,390709
2026-01-03 03:07:00+00:00,1.13,576.3,283227
2026-01-03 03:08:00+00:00,1.09,571.1,280303
2026-01-03 03:09:00+00:00,1.13,571.8,305496
2026-01-03 03:10:00+00:00,1.22,578.0,337213
2026-01-03 03:11:00+00:00,0.93,581.0,325845
2026-01-03 03:12:00+00:00,0.93,581.0,325845
2026-01-03 03:15:00+00:00,0.82,578.2,318783
2026-01-03 03:16:00+00:00,0.82,578.2,318783
2026-01-03 03:17:00+00:00,0.84,605.8,360395
2026-01-03 03:18:00+00:00,0.84,605.8,360395
2026-01-03 03:20:00+00:00,1.13,602.0,356739
2026-01-03 03:21:00+00:00,0.49,601.6,357807
2026-01-03 03:22:00+00:00,0.26,601.5,358195
2026-01-03 03:23:00+00:00,0.58,564.5,164070
2026-01-03 03:24:00+00:00,0.62,558.5,198341
2026-01-03 03:25:00+00:00,0.74,557.4,252479
2026-01-03 03:26:00+00:00,0.84,562.1,280080
2026-01-03 03:27:00+00:00,0.90,560.6,314104
2026-01-03 03:28:00+00:00,0.95,564.6,306637
2026-01-03 03:29:00+00:00,1.35,577.4,283453
2026-01-03 03:30:00+00:00,2.44,584.1,272848
2026-01-03 03:31:00+00:00,0.90,555.4,274510
2026-01-03 03:32:00+00:00,0.90,555.4,274510
2026-01-03 03:33:00+00:00,0.96,560.0,282586
2026-01-03 03:34:00+00:00,0.96,560.0,282586
2026-01-03 03:36:00+00:00,0.91,565.4,247086
2026-01-03 03:37:00+00:00,1.23,578.8,272433
2026-01-03 03:38:00+00:00,1.34,583.7,281650
2026-01-03 03:39:00+00:00,0.97,550.5,158477
2026-01-03 03:40:00+00:00,0.99,567.0,287900
2026-01-03 03:41:00+00:00,1.12,586.2,425755
2026-01-03 03:42:00+00:00,1.26,591.4,453881
2026-01-03 03:43:00+00:00,1.06,607.0,314240
2026-01-03 03:44:00+00:00,0.85,617.9,311604
2026-01-03 03:45:00+00:00,0.30,647.8,304356
2026-01-03 03:47:00+00:00,0.95,596.2,319384
2026-01-03 03:48:00+00:00,0.95,596.2,319384
2026-01-03 03:49:00+00:00,1.04,586.0,228048
2026-01-03 03:50:00+00:00,1.04,586.0,228048
2026-01-03 03:52:00+00:00,0.74,610.6,258746
2026-01-03 03:53:00+00:00,0.91,598.3,242262
2026-01-03 03:54:00+00:00,0.98,593.9,236268
2026-01-03 03:55:00+00:00,0.93,606.0,323364
2026-01-03 03:56:00+00:00,0.89,601.0,307029
2026-01-03 03:57:00+00:00,0.93,595.8,311635
2026-01-03 04:03:00+00:00,0.83,579.3,231387
2026-01-03 04:04:00+00:00,0.83,579.3,231387
2026-01-03 04:05:00+00:00,0.92,605.3,292223
2026-01-03 04:06:00+00:00,0.92,605.3,292223
2026-01-03 04:08:00+00:00,0.74,609.8,277465
2026-01-03 04:09:00+00:00,0.74,609.8,277465
2026-01-03 04:11:00+00:00,0.86,578.6,280679
2026-01-03 04:12:00+00:00,0.85,575.1,240265
2026-01-03 04:13:00+00:00,0.83,572.1,204902
2026-01-03 04:15:00+00:00,0.77,605.8,323190
2026-01-03 04:16:00+00:00,0.77,605.8,323190
2026-01-03 04:19:00+00:00,0.78,599.5,311455
2026-01-03 04:20:00+00:00,0.78,599.5,311455
2026-01-03 04:21:00+00:00,0.76,619.6,797709
2026-01-03 04:22:00+00:00,0.76,619.6,797709
2026-01-03 04:24:00+00:00,0.95,619.2,273957
2026-01-03 04:25:00+00:00,0.32,532.6,101383
2026-01-03 04:26:00+00:00,0.09,501.0,38629
2026-01-03 04:27:00+00:00,0.83,591.2,331424
2026-01-03 04:28:00+00:00,0.62,594.1,318118
2026-01-03 04:29:00+00:00,0.44,596.7,306475
2026-01-03 04:31:00+00:00,1.21,682.7,301272
2026-01-03 04:32:00+00:00,1.16,655.9,296875
2026-01-03 04:33:00+00:00,1.02,582.2,284785
2026-01-03 04:35:00+00:00,0.94,572.0,215729
2026-01-03 04:36:00+00:00,0.94,572.0,215729
2026-01-03 04:37:00+00:00,1.21,584.7,449378
2026-01-03 04:38:00+00:00,1.21,584.7,449378
2026-01-03 04:40:00+00:00,1.03,562.9,243650
2026-01-03 04:41:00+00:00,1.17,575.6,263034
2026-01-03 04:42:00+00:00,1.22,580.2,270082
2026-01-03 04:43:00+00:00,1.07,564.2,212454
2026-01-03 04:44:00+00:00,1.08,565.9,215826
2026-01-03 04:45:00+00:00,1.10,567.5,218777
2026-01-03 04:47:00+00:00,0.99,559.6,273338
2026-01-03 04:48:00+00:00,0.96,559.4,256387
2026-01-03 04:49:00+00:00,0.87,558.9,209770
2026-01-03 04:53:00+00:00,0.90,583.7,296424
2026-01-03 04:54:00+00:00,0.90,583.7,296424
2026-01-03 04:56:00+00:00,1.01,565.3,263879
2026-01-03 04:57:00+00:00,2.04,566.8,223439
2026-01-03 04:58:00+00:00,2.41,567.4,208734
2026-01-03 04:59:00+00:00,1.21,597.6,253010
2026-01-03 05:00:00+00:00,1.18,604.9,282378
2026-01-03 05:01:00+00:00,1.16,611.2,308074
2026-01-03 05:03:00+00:00,0.63,557.9,176580
2026-01-03 05:04:00+00:00,0.61,555.9,167255
2026-01-03 05:05:00+00:00,0.55,550.4,141610
2026-01-03 05:07:00+00:00,0.36,574.5,206585
2026-01-03 05:08:00+00:00,0.36,574.5,206585
2026-01-03 05:09:00+00:00,0.87,592.3,187670
2026-01-03 05:10:00+00:00,0.87,592.3,187670
2026-01-03 05:12:00+00:00,0.71,566.4,243389
2026-01-03 05:13:00+00:00,0.73,579.8,251820
2026-01-03 05:14:00+00:00,0.74,584.6,254885
2026-01-03 05:16:00+00:00,0.87,564.4,261709
2026-01-03 05:17:00+00:00,0.87,564.4,261709
2026-01-03 05:19:00+00:00,0.98,558.2,271761
2026-01-03 05:20:00+00:00,1.02,560.2,266982
2026-01-03 05:21:00+00:00,1.11,565.6,253843
2026-01-03 05:23:00+00:00,0.82,564.3,173975
2026-01-03 05:24:00+00:00,0.82,564.3,173975
2026-01-03 05:28:00+00:00,1.13,560.4,181976
2026-01-03 05:29:00+00:00,1.16,585.1,222311
2026-01-03 05:30:00+00:00,1.18,594.1,236978
2026-01-03 05:31:00+00:00,0.55,585.2,242174
2026-01-03 05:32:00+00:00,0.44,577.6,256412
2026-01-03 05:33:00+00:00,0.35,570.9,268870
2026-01-03 05:35:00+00:00,0.48,587.0,284842
2026-01-03 05:36:00+00:00,0.48,587.4,296622
2026-01-03 05:37:00+00:00,0.46,588.4,329017
2026-01-03 05:39:00+00:00,0.60,635.5,340068
2026-01-03 05:40:00+00:00,0.60,635.5,340068
2026-01-03 05:41:00+00:00,0.68,597.2,505145
2026-01-03 05:42:00+00:00,0.68,597.2,505145
2026-01-03 05:44:00+00:00,0.38,583.8,382940
2026-01-03 05:45:00+00:00,0.44,591.1,465615
2026-01-03 05:46:00+00:00,0.47,593.7,495679
2026-01-03 05:47:00+00:00,0.23,595.4,303743
2026-01-03 05:48:00+00:00,0.57,593.3,373780
2026-01-03 05:49:00+00:00,0.86,591.4,435061
2026-01-03 05:51:00+00:00,0.26,628.9,209208
2026-01-03 05:52:00+00:00,0.22,625.7,249710
2026-01-03 05:53:00+00:00,0.11,616.8,361089
2026-01-03 05:55:00+00:00,0.84,576.0,252896
2026-01-03 05:56:00+00:00,0.84,576.0,252896
2026-01-03 05:57:00+00:00,0.89,578.6,325576
2026-01-03 05:58:00+00:00,0.89,578.6,325576
2026-01-03 06:00:00+00:00,0.97,563.9,241651
2026-01-03 06:01:00+00:00,0.96,579.7,257271
2026-01-03 06:02:00+00:00,0.96,585.4,262951
2026-01-03 06:04:00+00:00,1.29,604.5,291055
2026-01-03 06:05:00+00:00,2.01,606.6,333705
2026-01-03 06:06:00+00:00,2.82,608.9,382448
2026-01-03 06:07:00+00:00,0.85,587.0,281460
2026-01-03 06:08:00+00:00,0.85,583.2,274880
2026-01-03 06:09:00+00:00,0.84,572.7,256783
2026-01-03 06:11:00+00:00,1.11,598.2,257054
2026-01-03 06:12:00+00:00,1.11,598.2,257054
2026-01-03 06:13:00+00:00,0.77,559.0,177267
2026-01-03 06:14:00+00:00,0.77,559.0,177267
2026-01-03 06:16:00+00:00,0.84,574.2,317136
2026-01-03 06:17:00+00:00,0.89,595.5,373702
2026-01-03 06:18:00+00:00,0.91,603.2,394272
2026-01-03 06:20:00+00:00,0.90,579.4,177646
2026-01-03 06:21:00+00:00,0.90,579.4,177646
2026-01-03 06:23:00+00:00,0.79,590.6,286955
2026-01-03 06:24:00+00:00,0.78,589.6,286950
2026-01-03 06:25:00+00:00,0.75,586.9,286936
2026-01-03 06:27:00+00:00,0.89,601.9,230841
2026-01-03 06:28:00+00:00,0.89,601.9,230841
2026-01-03 06:32:00+00:00,0.89,599.4,241579
2026-01-03 06:33:00+00:00,0.91,610.1,384538
2026-01-03 06:34:00+00:00,0.91,614.0,436524
2026-01-03 06:35:00+00:00,0.56,576.8,208991
2026-01-03 06:36:00+00:00,0.63,575.9,234058
2026-01-03 06:37:00+00:00,0.68,575.1,255991
2026-01-03 06:39:00+00:00,0.90,586.4,230482
2026-01-03 06:40:00+00:00,0.91,584.6,224560
2026-01-03 06:41:00+00:00,0.95,579.8,208274
2026-01-03 06:43:00+00:00,0.58,579.5,212590
2026-01-03 06:44:00+00:00,0.58,579.5,212590
2026-01-03 06:45:00+00:00,0.67,576.4,206193
2026-01-03 06:46:00+00:00,0.67,576.4,206193
2026-01-03 06:48:00+00:00,0.81,581.2,199400
2026-01-03 06:49:00+00:00,0.92,590.3,249277
2026-01-03 06:50:00+00:00,0.95,593.7,267415
2026-01-03 06:52:00+00:00,1.07,575.3,267132
2026-01-03 06:53:00+00:00,1.12,581.8,293949
2026-01-03 06:54:00+00:00,1.18,589.2,324596
2026-01-03 06:55:00+00:00,1.10,561.0,184561
2026-01-03 06:56:00+00:00,1.07,561.5,184941
2026-01-03 06:57:00+00:00,0.97,562.9,185986
2026-01-03 06:59:00+00:00,1.24,563.5,158036
2026-01-03 07:00:00+00:00,1.24,563.5,158036
2026-01-03 07:01:00+00:00,1.22,566.7,179198
2026-01-03 07:02:00+00:00,1.22,566.7,179198
2026-01-03 07:05:00+00:00,1.52,617.1,378689
2026-01-03 07:06:00+00:00,1.52,617.1,378689
2026-01-03 07:08:00+00:00,0.62,523.4,86870
2026-01-03 07:09:00+00:00,0.71,532.1,126707
2026-01-03 07:10:00+00:00,0.81,542.0,172235
2026-01-03 07:11:00+00:00,1.16,541.0,206273
2026-01-03 07:12:00+00:00,1.14,539.6,200416
2026-01-03 07:13:00+00:00,1.09,536.0,184307
2026-01-03 07:15:00+00:00,0.82,543.2,162961
2026-01-03 07:16:00+00:00,0.82,543.2,162961
2026-01-03 07:17:00+00:00,0.24,503.0,109877
2026-01-03 07:18:00+00:00,0.24,503.0,109877
2026-01-03 07:20:00+00:00,1.02,534.0,164131
2026-01-03 07:21:00+00:00,1.24,544.4,205438
2026-01-03 07:22:00+00:00,1.32,548.2,220459
2026-01-03 07:24:00+00:00,0.41,534.8,178881
2026-01-03 07:25:00+00:00,0.41,534.8,178881
2026-01-03 07:27:00+00:00,0.41,545.9,338193
2026-01-03 07:28:00+00:00,0.37,532.6,268388
2026-01-03 07:29:00+00:00,0.26,496.0,76427
2026-01-03 07:31:00+00:00,0.58,529.2,271719
2026-01-03 07:32:00+00:00,0.58,529.2,271719
2026-01-03 07:33:00+00:00,0.86,518.5,123589
2026-01-03 07:34:00+00:00,0.86,518.5,123589
2026-01-03 08:19:00+00:00,1.35,528.7,229297
2026-01-03 08:20:00+00:00,1.35,528.7,229297
2026-01-03 08:21:00+00:00,1.08,510.4,112777
2026-01-03 08:22:00+00:00,1.08,510.4,112777
2026-01-03 08:24:00+00:00,1.16,525.3,149390
2026-01-03 08:25:00+00:00,1.04,516.6,174302
2026-01-03 08:26:00+00:00,0.99,513.4,183361
2026-01-03 08:28:00+00:00,0.93,509.8,171908
2026-01-03 08:29:00+00:00,0.87,512.1,178179
2026-01-03 08:30:00+00:00,0.79,514.8,185347
2026-01-03 08:31:00+00:00,0.72,550.9,277336
2026-01-03 08:32:00+00:00,0.85,543.1,244109
2026-01-03 08:33:00+00:00,1.20,521.9,152734
2026-01-03 08:35:00+00:00,1.37,521.2,191968
2026-01-03 08:36:00+00:00,1.37,521.2,191968
2026-01-03 08:37:00+00:00,1.18,504.8,122666
2026-01-03 08:38:00+00:00,1.18,504.8,122666
2026-01-03 08:40:00+00:00,1.36,530.1,170329
2026-01-03 08:44:00+00:00,0.66,498.6,227064
2026-01-03 08:45:00+00:00,0.76,509.3,203148
2026-01-03 08:46:00+00:00,0.87,521.6,175816
2026-01-03 08:47:00+00:00,0.87,507.4,189624
2026-01-03 08:48:00+00:00,0.86,506.1,172184
2026-01-03 08:49:00+00:00,0.82,502.7,124223
2026-01-03 08:51:00+00:00,0.90,514.8,145665
2026-01-03 08:52:00+00:00,0.90,514.8,145665
2026-01-03 08:53:00+00:00,0.78,499.4,94454
2026-01-03 08:54:00+00:00,0.78,499.4,94454
2026-01-03 08:56:00+00:00,1.08,526.5,217409
2026-01-03 08:57:00+00:00,0.93,509.6,145879
2026-01-03 08:58:00+00:00,0.87,503.4,119868
2026-01-03 09:00:00+00:00,0.99,513.4,154172
2026-01-03 09:01:00+00:00,1.07,512.3,160947
2026-01-03 09:02:00+00:00,1.15,511.0,168691
2026-01-03 09:04:00+00:00,1.17,482.6,125336
2026-01-03 09:05:00+00:00,1.13,492.4,141328
2026-01-03 09:06:00+00:00,0.95,531.7,205294
2026-01-03 09:07:00+00:00,1.15,558.0,346132
2026-01-03 09:08:00+00:00,1.15,558.0,346132
2026-01-03 09:09:00+00:00,0.79,505.0,116233
2026-01-03 09:10:00+00:00,0.79,505.0,116233
2026-01-03 09:12:00+00:00,0.92,527.8,203273
2026-01-03 09:13:00+00:00,0.76,517.0,202212
2026-01-03 09:14:00+00:00,0.70,513.1,201826
2026-01-03 09:17:00+00:00,0.72,509.1,145467
2026-01-03 09:18:00+00:00,0.72,509.1,145467
2026-01-03 09:19:00+00:00,0.59,508.4,204412
2026-01-03 09:20:00+00:00,0.58,500.1,175500
2026-01-03 09:21:00+00:00,0.58,484.6,109652
2026-01-03 09:22:00+00:00,0.68,514.2,164290
2026-01-03 09:23:00+00:00,0.70,538.9,236415
2026-01-03 09:24:00+00:00,0.70,538.9,236415
2026-01-03 09:25:00+00:00,0.47,525.2,255616
2026-01-03 09:26:00+00:00,0.47,525.2,255616
2026-01-03 09:27:00+00:00,0.58,553.9,285217
2026-01-03 09:28:00+00:00,0.58,553.9,285217
2026-01-03 09:31:00+00:00,0.92,517.4,123006
2026-01-03 09:32:00+00:00,0.82,519.7,178729
2026-01-03 09:33:00+00:00,0.73,521.7,227487
2026-01-03 09:34:00+00:00,0.79,544.4,273171
2026-01-03 09:35:00+00:00,0.93,546.2,248889
2026-01-03 09:36:00+00:00,1.21,549.9,200324
2026-01-03 09:38:00+00:00,1.03,568.6,167174
2026-01-03 09:39:00+00:00,1.03,568.5,170661
2026-01-03 09:40:00+00:00,1.11,567.4,219483
2026-01-03 09:43:00+00:00,1.21,577.9,329862
2026-01-03 09:44:00+00:00,1.22,565.5,331095
2026-01-03 09:45:00+00:00,1.22,562.4,331404
2026-01-03 09:47:00+00:00,0.61,552.8,221097
2026-01-03 09:48:00+00:00,0.39,527.7,225797
2026-01-03 09:49:00+00:00,0.20,505.7,229909
2026-01-03 09:51:00+00:00,0.86,535.8,301179
2026-01-03 09:52:00+00:00,0.89,520.5,251947
2026-01-03 09:53:00+00:00,0.97,478.4,116557
2026-01-03 09:54:00+00:00,0.47,515.1,209594
2026-01-03 09:55:00+00:00,0.45,514.3,216699
2026-01-03 09:56:00+00:00,0.20,502.4,316164
2026-01-03 12:04:00+00:00,1.86,486.9,138104
2026-01-03 12:06:00+00:00,1.98,484.4,130875
2026-01-03 12:07:00+00:00,1.87,489.0,142446
2026-01-03 12:08:00+00:00,1.72,494.1,128520
2026-01-03 12:09:00+00:00,1.88,492.1,129206
2026-01-03 12:10:00+00:00,1.95,491.0,130884
2026-01-03 12:11:00+00:00,1.60,495.6,124115
2026-01-03 12:12:00+00:00,1.72,492.8,139537
2026-01-03 12:13:00+00:00,1.90,490.2,154953
2026-01-03 12:14:00+00:00,1.78,495.8,175170
2026-01-03 12:15:00+00:00,1.44,507.1,212635
2026-01-03 12:16:00+00:00,1.47,509.5,207168
2026-01-03 12:17:00+00:00,1.64,503.8,134659
2026-01-03 12:18:00+00:00,1.41,508.2,136073
2026-01-03 12:19:00+00:00,1.36,499.8,149913
2026-01-03 12:20:00+00:00,1.45,498.6,181922
2026-01-03 12:21:00+00:00,1.32,513.7,162836
2026-01-03 12:22:00+00:00,1.95,504.0,163966
2026-01-03 12:23:00+00:00,1.78,500.9,154438
2026-01-03 12:24:00+00:00,1.39,505.0,161062
2026-01-03 12:25:00+00:00,1.70,504.7,166492
2026-01-03 12:26:00+00:00,1.93,505.7,172949
2026-01-03 12:27:00+00:00,1.71,517.4,189426
2026-01-03 12:28:00+00:00,1.58,521.5,205231
2026-01-03 12:29:00+00:00,1.53,517.8,192662
2026-01-03 12:30:00+00:00,1.43,517.0,171738
2026-01-03 12:37:00+00:00,0.96,498.5,362510
2026-01-03 12:38:00+00:00,0.96,498.5,362510
2026-01-03 12:39:00+00:00,1.15,523.3,416365
2026-01-03 12:40:00+00:00,1.15,523.3,416365
2026-01-03 12:41:00+00:00,0.81,471.8,291828
2026-01-03 12:42:00+00:00,1.00,469.3,208884
2026-01-03 12:43:00+00:00,1.08,472.6,196660
2026-01-03 12:44:00+00:00,1.24,474.1,166023
2026-01-03 12:45:00+00:00,0.84,468.6,172390
2026-01-03 12:46:00+00:00,0.50,491.1,201149
2026-01-03 12:47:00+00:00,0.92,527.8,157503
2026-01-03 12:48:00+00:00,0.88,516.8,157176
2026-01-03 12:49:00+00:00,0.91,510.3,160080
2026-01-03 12:50:00+00:00,0.95,514.4,160271
2026-01-03 12:51:00+00:00,1.00,540.3,158521
2026-01-03 12:52:00+00:00,0.59,530.6,171448
2026-01-03 12:53:00+00:00,0.49,486.0,59221
2026-01-03 12:54:00+00:00,1.29,550.0,179965
2026-01-03 12:55:00+00:00,1.40,551.0,144635
2026-01-03 12:56:00+00:00,1.16,533.4,162286
2026-01-03 12:57:00+00:00,1.10,529.2,168389
2026-01-03 12:58:00+00:00,1.16,553.1,152844
2026-01-03 12:59:00+00:00,1.06,554.1,117168
2026-01-03 13:00:00+00:00,1.07,544.3,120508
2026-01-03 13:01:00+00:00,1.24,535.4,150141
2026-01-03 13:02:00+00:00,1.36,536.3,147864
2026-01-03 13:03:00+00:00,1.49,538.5,133770
2026-01-03 13:04:00+00:00,1.66,537.4,123213
2026-01-03 13:05:00+00:00,1.34,530.3,103300
2026-01-03 13:06:00+00:00,0.91,538.9,128114
2026-01-03 13:07:00+00:00,0.96,546.7,133714
2026-01-03 13:09:00+00:00,1.08,532.0,106391
2026-01-03 13:10:00+00:00,1.07,520.6,167976
2026-01-03 13:11:00+00:00,0.84,517.4,146489
2026-01-03 13:12:00+00:00,0.82,522.6,135813
2026-01-03 13:13:00+00:00,0.93,509.7,133196
2026-01-03 13:14:00+00:00,1.04,516.8,133822
2026-01-03 13:15:00+00:00,0.81,525.6,150470
2026-01-03 13:16:00+00:00,0.68,527.0,171194
2026-01-03 13:17:00+00:00,0.85,525.9,160374
2026-01-03 13:18:00+00:00,0.88,529.6,159146
2026-01-03 13:19:00+00:00,0.70,534.0,170883
2026-01-03 13:20:00+00:00,0.65,524.7,127942
2026-01-03 13:21:00+00:00,0.62,518.2,116310
2026-01-03 13:22:00+00:00,0.62,535.6,113986
2026-01-03 13:23:00+00:00,0.66,517.8,173038
2026-01-03 13:24:00+00:00,0.64,523.2,133035
2026-01-03 13:25:00+00:00,0.61,506.3,100016
2026-01-03 13:26:00+00:00,0.72,527.1,130841
2026-01-03 13:27:00+00:00,0.66,535.4,131561
2026-01-03 13:28:00+00:00,0.62,526.6,150402
2026-01-03 13:29:00+00:00,0.62,524.1,155169
2026-01-03 13:30:00+00:00,0.17,491.6,193498
2026-01-03 13:31:00+00:00,0.13,510.1,230528
2026-01-03 13:32:00+00:00,0.11,509.7,251173
2026-01-03 13:33:00+00:00,0.32,503.3,197178
2026-01-03 13:34:00+00:00,0.51,510.4,154246
2026-01-03 13:35:00+00:00,0.49,512.5,174104
2026-01-03 13:36:00+00:00,0.46,513.7,179025
2026-01-03 13:37:00+00:00,0.10,519.5,219237
2026-01-03 13:38:00+00:00,0.14,518.2,270862
2026-01-03 13:39:00+00:00,0.08,516.6,233625
2026-01-03 13:43:00+00:00,0.21,519.8,394602
2026-01-03 13:44:00+00:00,0.15,487.6,141065
2026-01-03 13:45:00+00:00,0.11,498.9,122235
2026-01-03 13:46:00+00:00,0.13,512.4,268365
2026-01-03 13:47:00+00:00,0.71,505.0,222829
2026-01-03 13:48:00+00:00,0.99,497.7,126400
2026-01-03 13:49:00+00:00,0.87,508.8,122073
2026-01-03 13:50:00+00:00,1.04,519.7,146762
2026-01-03 13:51:00+00:00,1.16,503.8,146178
2026-01-03 13:52:00+00:00,0.69,469.8,105991
2026-01-03 13:53:00+00:00,0.50,456.8,74817
2026-01-03 13:54:00+00:00,0.65,491.3,158069
2026-01-03 13:55:00+00:00,0.63,482.7,198698
2026-01-03 13:56:00+00:00,0.48,486.7,261800
2026-01-03 13:57:00+00:00,0.66,441.2,105789
2026-01-03 13:58:00+00:00,0.78,464.0,251341
2026-01-03 13:59:00+00:00,0.94,478.4,349458
2026-01-03 14:00:00+00:00,0.47,433.8,86720
2026-01-03 14:01:00+00:00,0.35,422.2,17661
2026-01-03 14:02:00+00:00,1.48,485.5,176361
2026-01-03 14:03:00+00:00,1.01,471.4,225956
2026-01-03 14:04:00+00:00,0.90,467.0,202495
2026-01-03 14:05:00+00:00,1.08,471.4,153037
2026-01-03 14:06:00+00:00,1.72,499.6,158298
2026-01-03 14:07:00+00:00,1.76,509.3,169167
2026-01-03 14:08:00+00:00,1.83,528.7,190904
2026-01-03 14:09:00+00:00,1.72,515.3,130877
2026-01-03 14:10:00+00:00,1.75,517.1,139996
2026-01-03 14:11:00+00:00,1.91,527.8,196776
2026-01-03 14:12:00+00:00,1.65,515.3,161880
2026-01-03 14:16:00+00:00,0.76,492.9,91824
2026-01-03 14:17:00+00:00,1.27,500.2,161954
2026-01-03 14:18:00+00:00,1.46,502.9,187456
2026-01-03 14:19:00+00:00,2.77,543.7,180702
2026-01-03 14:20:00+00:00,2.23,538.6,212717
2026-01-03 14:21:00+00:00,1.81,516.0,218764
2026-01-03 14:22:00+00:00,2.00,505.6,186677
2026-01-03 14:23:00+00:00,2.24,527.0,179704
2026-01-03 14:24:00+00:00,2.26,537.9,181118
2026-01-03 14:25:00+00:00,2.03,530.8,166553
2026-01-03 14:26:00+00:00,1.65,509.6,167722
2026-01-03 14:27:00+00:00,2.08,511.7,151917
2026-01-03 14:28:00+00:00,4.61,505.1,109132
2026-01-03 14:30:00+00:00,1.86,541.3,215225
2026-01-03 14:31:00+00:00,3.23,545.8,108597
2026-01-03 14:32:00+00:00,4.19,549.2,190091
2026-01-03 14:33:00+00:00,2.48,509.6,152098
2026-01-03 14:35:00+00:00,1.16,469.6,100834
2026-01-03 14:36:00+00:00,1.21,478.6,100796
2026-01-03 14:37:00+00:00,0.96,483.5,86668
2026-01-03 14:38:00+00:00,0.63,480.1,70559
2026-01-03 14:39:00+00:00,0.70,493.7,137573
2026-01-03 14:40:00+00:00,0.85,502.7,125744
2026-01-03 14:41:00+00:00,1.27,527.6,93217
2026-01-03 14:42:00+00:00,1.30,540.5,130997
2026-01-03 14:43:00+00:00,1.24,542.8,137722
2026-01-03 14:44:00+00:00,0.36,576.0,231877
2026-01-03 14:45:00+00:00,0.28,555.3,203765
2026-01-03 14:46:00+00:00,1.73,516.1,100309
2026-01-03 14:47:00+00:00,1.83,513.4,92919
2026-01-03 14:48:00+00:00,1.37,490.2,33879
2026-01-03 14:49:00+00:00,1.71,503.6,108991
2026-01-03 14:50:00+00:00,1.60,501.2,121471
2026-01-03 14:51:00+00:00,1.42,506.8,124285
2026-01-03 14:52:00+00:00,1.43,514.9,136657
2026-01-03 14:53:00+00:00,5.36,475.1,159118
2026-01-03 14:54:00+00:00,9.80,427.7,179237
2026-01-03 14:55:00+00:00,,,
2026-01-03 14:56:00+00:00,2.86,538.0,664165
2026-01-03 14:57:00+00:00,2.86,538.0,664165
2026-01-03 14:58:00+00:00,1.53,471.6,63076
2026-01-03 14:59:00+00:00,1.50,472.8,68878
2026-01-03 15:00:00+00:00,1.09,489.2,150109
2026-01-03 15:01:00+00:00,,,
2026-01-03 15:02:00+00:00,4.43,678.9,795998
2026-01-03 15:03:00+00:00,1.91,563.2,336042
2026-01-03 15:04:00+00:00,0.98,507.0,231277
2026-01-03 15:05:00+00:00,0.53,511.8,277727
2026-01-03 15:06:00+00:00,0.41,517.0,297709
2026-01-03 15:07:00+00:00,9.09,411.7,131226
2026-01-03 15:08:00+00:00,4.66,441.5,196792
2026-01-03 15:09:00+00:00,0.79,467.5,254162
2026-01-03 15:10:00+00:00,,,
2026-01-03 15:14:00+00:00,10.88,455.9,178768
2026-01-03 15:15:00+00:00,10.88,455.9,178768
2026-01-03 15:18:00+00:00,3.01,391.3,64860
2026-01-03 15:19:00+00:00,0.67,477.1,332912
2026-01-03 15:20:00+00:00,0.31,490.3,374150
2026-01-03 15:24:00+00:00,0.34,528.5,330866
2026-01-03 15:25:00+00:00,0.19,471.2,182985
2026-01-03 15:26:00+00:00,2.13,397.5,25381
2026-01-03 15:27:00+00:00,5.29,385.2,42483
2026-01-03 15:28:00+00:00,0.60,629.1,781437
2026-01-03 15:29:00+00:00,0.53,610.0,698727
2026-01-03 15:30:00+00:00,0.24,535.2,380951
2026-01-03 15:31:00+00:00,0.21,544.7,465883
2026-01-03 15:33:00+00:00,,,
2026-01-03 15:34:00+00:00,,,
2026-01-03 15:35:00+00:00,,,
2026-01-03 15:36:00+00:00,,,
2026-01-03 15:37:00+00:00,,,
2026-01-03 15:38:00+00:00,,,
2026-01-03 15:39:00+00:00,0.23,502.9,377383
2026-01-03 15:40:00+00:00,1.84,482.8,230418
2026-01-03 15:41:00+00:00,2.31,475.9,111571
2026-01-03 15:42:00+00:00,1.58,494.5,294754
2026-01-03 15:43:00+00:00,1.83,499.3,425412
2026-01-03 15:44:00+00:00,1.36,489.9,170602
2026-01-03 15:45:00+00:00,9.05,438.0,1100131
2026-01-03 15:46:00+00:00,8.08,446.5,977293
2026-01-03 15:47:00+00:00,1.89,501.4,178862
2026-01-03 15:48:00+00:00,2.92,494.5,179016
2026-01-03 15:49:00+00:00,3.98,511.7,226955
2026-01-03 15:50:00+00:00,3.17,491.0,185971
2026-01-03 15:51:00+00:00,2.14,496.5,160185
2026-01-03 15:52:00+00:00,2.24,505.2,198647
2026-01-03 15:53:00+00:00,2.31,507.1,209142
2026-01-03 15:55:00+00:00,2.55,515.0,351343
2026-01-03 16:00:00+00:00,0.61,501.5,193114
2026-01-03 16:01:00+00:00,0.59,503.1,201182
2026-01-03 16:02:00+00:00,0.51,509.6,233456
2026-01-03 16:03:00+00:00,0.63,521.4,304204
2026-01-03 16:04:00+00:00,0.63,521.4,304204
2026-01-03 16:05:00+00:00,0.58,513.1,258292
2026-01-03 16:06:00+00:00,0.63,515.2,265556
2026-01-03 16:07:00+00:00,0.71,524.9,309993
2026-01-03 16:08:00+00:00,0.71,511.0,264354
2026-01-03 16:09:00+00:00,0.79,510.9,297790
2026-01-03 16:10:00+00:00,0.58,495.3,154017
2026-01-03 16:11:00+00:00,0.47,498.8,180093
2026-01-03 16:12:00+00:00,0.49,511.5,284385
2026-01-03 16:13:00+00:00,0.50,515.7,313559
2026-01-03 16:14:00+00:00,0.41,496.5,106457
2026-01-03 16:15:00+00:00,0.42,499.7,158391
2026-01-03 16:16:00+00:00,0.44,507.4,256947
2026-01-03 16:17:00+00:00,0.47,511.0,244788
2026-01-03 16:18:00+00:00,0.56,514.5,269117
2026-01-03 16:19:00+00:00,0.59,534.6,353822
2026-01-03 16:20:00+00:00,0.49,502.3,217610
2026-01-03 16:21:00+00:00,0.36,487.5,67577
2026-01-03 16:22:00+00:00,0.39,487.2,66715
2026-01-03 16:23:00+00:00,0.45,505.5,127720
2026-01-03 16:24:00+00:00,0.54,494.1,104433
2026-01-03 16:25:00+00:00,0.62,490.3,81337
2026-01-03 16:26:00+00:00,0.64,490.2,75909
2026-01-03 16:27:00+00:00,0.69,503.0,234178
2026-01-03 16:28:00+00:00,0.66,505.4,242722
2026-01-03 16:29:00+00:00,0.63,507.4,250198
2026-01-03 16:30:00+00:00,0.58,517.9,313432
2026-01-03 16:31:00+00:00,0.54,514.7,298115
2026-01-03 16:32:00+00:00,0.54,506.9,258245
2026-01-03 16:33:00+00:00,0.69,503.3,232843
2026-01-03 16:34:00+00:00,0.63,486.1,84724
2026-01-03 16:35:00+00:00,0.64,485.6,85753
2026-01-03 16:36:00+00:00,0.72,479.4,100171
2026-01-03 16:37:00+00:00,0.80,510.6,102320
2026-01-03 16:38:00+00:00,0.37,505.4,158249
2026-01-03 16:39:00+00:00,0.48,522.4,275956
2026-01-03 16:40:00+00:00,0.31,485.6,87627
2026-01-03 16:41:00+00:00,0.49,510.8,192153
2026-01-03 16:42:00+00:00,0.54,514.9,214502
2026-01-03 16:43:00+00:00,0.52,510.5,197316
2026-01-03 16:44:00+00:00,0.33,470.9,35345
2026-01-03 16:45:00+00:00,0.33,470.9,35345
2026-01-03 16:46:00+00:00,0.76,505.2,211846
2026-01-03 16:47:00+00:00,0.83,505.8,231337
2026-01-03 16:48:00+00:00,0.97,504.9,256162
2026-01-03 16:49:00+00:00,0.97,497.3,201117
2026-01-03 16:50:00+00:00,0.96,492.0,137804
2026-01-03 16:51:00+00:00,1.01,502.7,144577
2026-01-03 16:52:00+00:00,0.89,499.0,134495
2026-01-03 16:53:00+00:00,0.83,493.9,109697
2026-01-03 16:54:00+00:00,0.84,493.1,144859
2026-01-03 16:55:00+00:00,0.92,515.8,159619
2026-01-03 16:56:00+00:00,0.87,492.9,108667
2026-01-03 16:57:00+00:00,1.03,498.1,127558
2026-01-03 16:58:00+00:00,1.03,479.4,96184
2026-01-03 16:59:00+00:00,0.99,467.9,74660
2026-01-03 17:00:00+00:00,1.39,545.4,427476
2026-01-03 17:01:00+00:00,1.05,529.3,353341
2026-01-03 17:02:00+00:00,0.65,507.2,206920
2026-01-03 17:03:00+00:00,0.64,499.0,106580
2026-01-03 17:04:00+00:00,0.63,496.6,121889
2026-01-03 17:05:00+00:00,0.54,502.6,201389
2026-01-03 17:06:00+00:00,0.73,496.5,165337
2026-01-03 17:07:00+00:00,0.66,500.9,87394
2026-01-03 17:08:00+00:00,0.65,514.3,279129
2026-01-03 17:09:00+00:00,0.74,498.6,207056
2026-01-03 17:10:00+00:00,0.20,457.9,32694
2026-01-03 17:11:00+00:00,0.27,469.8,37299
2026-01-03 17:12:00+00:00,0.76,494.7,162881
2026-01-03 17:13:00+00:00,0.82,488.4,94346
2026-01-03 17:14:00+00:00,0.43,465.8,29117
2026-01-03 17:15:00+00:00,0.72,491.5,155629
2026-01-03 17:16:00+00:00,1.02,514.4,236977
2026-01-03 17:17:00+00:00,0.97,508.8,215542
2026-01-03 17:18:00+00:00,0.97,503.5,210595
2026-01-03 17:19:00+00:00,0.91,501.6,205369
2026-01-03 17:20:00+00:00,0.83,498.8,189009
2026-01-03 17:21:00+00:00,1.18,509.1,229240
2026-01-03 17:22:00+00:00,0.57,493.8,177664
2026-01-03 17:23:00+00:00,0.59,493.9,171533
2026-01-03 17:24:00+00:00,0.88,494.5,85702
2026-01-03 17:25:00+00:00,0.77,502.4,190077
2026-01-03 17:26:00+00:00,0.84,489.4,105777
2026-01-03 17:27:00+00:00,0.97,517.5,242822
2026-01-03 17:28:00+00:00,1.21,512.5,281127
2026-01-03 17:29:00+00:00,1.05,500.8,237638
2026-01-03 17:30:00+00:00,0.87,484.0,183719
2026-01-03 17:31:00+00:00,0.96,490.1,121127
2026-01-03 17:32:00+00:00,1.04,498.5,91608
2026-01-03 17:33:00+00:00,1.04,486.4,69904
2026-01-03 17:34:00+00:00,0.93,478.9,56609
2026-01-03 17:35:00+00:00,0.96,476.5,67261
2026-01-03 17:36:00+00:00,1.30,494.4,159995
2026-01-03 17:37:00+00:00,1.22,494.1,233820
2026-01-03 17:38:00+00:00,1.45,491.7,189055
2026-01-03 17:39:00+00:00,1.43,503.7,229059
2026-01-03 17:40:00+00:00,1.24,485.2,156492
2026-01-03 17:41:00+00:00,0.89,476.3,48397
2026-01-03 17:42:00+00:00,0.67,439.2,25475
2026-01-03 17:43:00+00:00,0.69,500.5,138814
2026-01-03 17:44:00+00:00,1.11,498.2,129554
2026-01-03 17:45:00+00:00,1.06,485.0,91022
2026-01-03 17:46:00+00:00,0.86,458.5,57462
2026-01-03 17:47:00+00:00,0.95,484.7,73191
2026-01-03 17:48:00+00:00,1.15,509.4,179123
2026-01-03 17:49:00+00:00,1.10,502.0,233709
2026-01-03 17:50:00+00:00,0.98,495.7,211712
2026-01-03 17:51:00+00:00,0.91,496.0,172083
2026-01-03 17:52:00+00:00,0.68,490.9,120226
2026-01-03 17:53:00+00:00,0.61,489.3,226356
2026-01-03 17:54:00+00:00,0.70,480.8,58601
2026-01-03 17:55:00+00:00,0.70,482.7,67571
2026-01-03 17:56:00+00:00,0.64,510.1,193147
2026-01-03 17:57:00+00:00,0.30,481.4,121415
2026-01-03 17:58:00+00:00,0.63,492.8,166047
2026-01-03 17:59:00+00:00,0.72,504.1,205897
2026-01-03 18:00:00+00:00,0.67,480.0,87706
2026-01-03 18:01:00+00:00,0.59,484.9,81983
2026-01-03 18:02:00+00:00,0.57,489.0,91159
2026-01-03 18:03:00+00:00,0.67,494.2,90181
2026-01-03 18:04:00+00:00,0.54,479.5,58103
2026-01-03 18:05:00+00:00,0.42,466.6,30035
2026-01-03 18:06:00+00:00,0.79,502.6,176234
2026-01-03 18:07:00+00:00,0.65,496.2,147317
2026-01-03 18:08:00+00:00,0.39,484.4,85622
2026-01-03 18:09:00+00:00,0.40,481.8,67270
2026-01-03 18:10:00+00:00,0.25,456.4,36031
2026-01-03 18:11:00+00:00,0.04,430.2,53358
2026-01-03 18:12:00+00:00,0.13,495.7,322152
2026-01-03 18:13:00+00:00,0.07,460.5,82811
2026-01-03 18:14:00+00:00,0.22,478.1,251844
2026-01-03 18:15:00+00:00,0.17,474.2,102707
2026-01-03 18:16:00+00:00,0.07,450.9,68468
2026-01-03 18:17:00+00:00,0.04,445.2,66109
2026-01-03 18:18:00+00:00,0.05,434.5,59539
2026-01-03 18:19:00+00:00,0.08,445.5,70857
2026-01-03 18:20:00+00:00,0.37,454.7,72171
2026-01-03 18:21:00+00:00,0.61,456.3,66719
2026-01-03 18:22:00+00:00,0.40,446.7,55987
2026-01-03 18:23:00+00:00,0.50,458.8,125640
2026-01-03 18:24:00+00:00,0.71,478.2,242381
2026-01-03 18:25:00+00:00,0.76,464.9,180329
2026-01-03 18:26:00+00:00,0.63,462.2,164267
2026-01-03 18:27:00+00:00,0.64,463.1,168592
2026-01-03 18:28:00+00:00,0.80,475.6,229137
2026-01-03 18:29:00+00:00,0.52,444.7,57382
2026-01-03 18:30:00+00:00,0.65,448.0,122537
2026-01-03 18:31:00+00:00,1.15,473.9,181436
2026-01-03 18:32:00+00:00,0.85,458.8,90758
2026-01-03 18:33:00+00:00,0.53,469.8,195133
2026-01-03 18:34:00+00:00,0.57,456.5,181297
2026-01-03 18:35:00+00:00,0.73,473.8,224905
2026-01-03 18:36:00+00:00,0.82,478.9,239064
2026-01-03 18:37:00+00:00,0.85,467.7,208284
2026-01-03 18:39:00+00:00,,,
2026-01-03 18:40:00+00:00,0.77,470.3,198356
2026-01-03 18:41:00+00:00,0.75,467.4,182304
2026-01-03 18:42:00+00:00,0.71,457.8,122550
2026-01-03 18:43:00+00:00,0.99,469.7,152930
2026-01-03 18:44:00+00:00,1.16,473.0,172791
2026-01-03 18:45:00+00:00,0.89,463.6,116800
2026-01-03 18:46:00+00:00,1.01,468.2,125127
2026-01-03 18:47:00+00:00,1.27,481.9,182680
2026-01-03 18:48:00+00:00,1.17,473.0,146658
2026-01-03 18:49:00+00:00,0.92,468.5,121243
2026-01-03 18:50:00+00:00,0.70,455.6,91927
2026-01-03 18:51:00+00:00,0.50,442.7,41978
2026-01-03 18:52:00+00:00,0.95,454.5,76007
2026-01-03 18:53:00+00:00,1.42,468.7,127877
2026-01-03 18:54:00+00:00,0.85,439.0,64041
2026-01-03 18:55:00+00:00,1.00,455.1,105562
2026-01-03 18:56:00+00:00,1.29,483.0,175561
2026-01-03 18:57:00+00:00,1.20,470.3,138820
2026-01-03 18:58:00+00:00,1.05,465.9,135493
2026-01-03 18:59:00+00:00,1.04,462.6,137343
2026-01-03 19:00:00+00:00,1.25,476.2,147263
2026-01-03 19:01:00+00:00,0.92,464.4,116182
2026-01-03 19:02:00+00:00,0.87,455.9,90855
2026-01-03 19:03:00+00:00,1.31,471.9,102049
2026-01-03 19:04:00+00:00,1.38,467.4,117076
2026-01-03 19:05:00+00:00,1.00,459.7,108124
2026-01-03 19:06:00+00:00,0.70,439.7,77265
2026-01-03 19:07:00+00:00,1.07,464.4,122660
2026-01-03 19:08:00+00:00,1.34,476.0,142379
2026-01-03 19:09:00+00:00,1.46,466.3,105002
2026-01-03 19:10:00+00:00,1.32,451.2,70638
2026-01-03 19:11:00+00:00,0.86,428.9,54143
2026-01-03 19:14:00+00:00,1.57,458.1,87181
2026-01-03 19:15:00+00:00,1.22,446.2,67996
2026-01-03 19:16:00+00:00,2.10,474.4,143241
2026-01-03 19:18:00+00:00,1.53,459.8,92455
2026-01-03 19:19:00+00:00,1.81,466.3,122239
2026-01-03 19:20:00+00:00,1.35,460.0,101313
2026-01-03 19:21:00+00:00,1.23,458.2,94936
2026-01-03 19:22:00+00:00,1.09,445.5,77647
2026-01-03 19:23:00+00:00,1.33,462.4,113409
2026-01-03 19:24:00+00:00,1.56,468.5,118447
2026-01-03 19:25:00+00:00,1.63,463.9,101994
2026-01-03 19:26:00+00:00,1.40,435.4,60349
2026-01-03 19:27:00+00:00,1.46,450.5,96592
2026-01-03 19:28:00+00:00,1.59,476.1,152262
2026-01-03 19:29:00+00:00,1.59,463.5,106013
2026-01-03 19:30:00+00:00,1.15,435.8,70264
2026-01-03 19:31:00+00:00,1.16,438.5,74820
2026-01-03 19:32:00+00:00,1.28,477.1,138605
2026-01-03 19:33:00+00:00,1.42,462.3,101299
2026-01-03 19:34:00+00:00,1.25,462.8,117109
2026-01-03 19:35:00+00:00,1.69,467.8,101833
2026-01-03 19:36:00+00:00,1.44,461.3,104622
2026-01-03 19:37:00+00:00,1.09,462.7,114153
2026-01-03 19:38:00+00:00,0.80,447.6,84090
2026-01-03 19:39:00+00:00,0.70,439.4,67566
2026-01-03 19:40:00+00:00,1.30,475.8,219709
2026-01-03 19:41:00+00:00,1.33,472.3,174446
2026-01-03 19:42:00+00:00,1.23,457.9,102344
2026-01-03 19:43:00+00:00,1.18,454.1,102196
2026-01-03 19:44:00+00:00,1.50,477.6,163022
2026-01-03 19:45:00+00:00,1.32,466.3,118322
2026-01-03 19:46:00+00:00,1.29,463.8,113617
2026-01-03 19:47:00+00:00,1.16,449.8,91280
2026-01-03 19:48:00+00:00,1.65,483.0,206710
2026-01-03 19:49:00+00:00,1.37,468.4,130987
2026-01-03 19:50:00+00:00,1.22,467.0,128468
2026-01-03 19:51:00+00:00,1.43,473.6,158992
2026-01-03 19:52:00+00:00,1.33,464.8,124929
2026-01-03 19:53:00+00:00,1.20,461.3,94821
2026-01-03 19:54:00+00:00,0.94,455.0,88180
2026-01-03 19:55:00+00:00,1.12,471.5,153275
2026-01-03 19:56:00+00:00,1.21,473.4,150339
2026-01-03 19:57:00+00:00,1.07,465.6,114252
2026-01-03 19:58:00+00:00,0.95,460.0,107087
2026-01-03 19:59:00+00:00,1.06,459.0,126418
2026-01-03 20:00:00+00:00,1.43,478.0,182472
2026-01-03 20:01:00+00:00,1.32,471.0,131498
2026-01-03 20:02:00+00:00,1.16,468.4,124966
2026-01-03 20:03:00+00:00,0.91,448.4,80991
2026-01-03 20:04:00+00:00,1.48,471.7,117758
2026-01-03 20:05:00+00:00,1.43,459.8,95084
2026-01-03 20:06:00+00:00,1.55,461.4,91125
2026-01-03 20:07:00+00:00,1.41,450.8,76470
2026-01-03 20:08:00+00:00,1.60,465.4,119145
2026-01-03 20:09:00+00:00,1.37,463.6,115434
2026-01-03 20:10:00+00:00,1.07,450.2,83810
2026-01-03 20:11:00+00:00,1.48,464.9,127572
2026-01-03 20:12:00+00:00,1.62,466.9,125172
2026-01-03 20:13:00+00:00,1.58,460.5,95307
2026-01-03 20:14:00+00:00,1.60,452.7,84750
2026-01-03 20:15:00+00:00,1.41,447.3,68821
2026-01-03 20:16:00+00:00,1.40,473.9,113736
2026-01-03 20:17:00+00:00,1.60,478.2,186822
2026-01-03 20:18:00+00:00,1.55,464.3,98938
2026-01-03 20:19:00+00:00,1.58,464.3,97291
2026-01-03 20:20:00+00:00,1.94,464.3,74233
2026-01-03 20:21:00+00:00,1.16,460.0,97387
2026-01-03 20:22:00+00:00,1.60,463.0,102921
2026-01-03 20:23:00+00:00,1.30,448.0,73883
2026-01-03 20:24:00+00:00,1.87,470.9,140722
2026-01-03 20:25:00+00:00,1.64,467.5,111487
2026-01-03 20:26:00+00:00,1.60,462.5,96301
2026-01-03 20:27:00+00:00,1.95,505.7,762774
2026-01-03 20:28:00+00:00,2.03,500.6,633990
2026-01-03 20:29:00+00:00,1.64,466.0,117016
2026-01-03 20:30:00+00:00,1.23,453.5,85149
2026-01-03 20:31:00+00:00,1.29,453.0,89182
2026-01-03 20:32:00+00:00,1.75,474.2,130556
2026-01-03 20:33:00+00:00,1.68,467.5,98200
2026-01-03 20:34:00+00:00,0.90,446.2,44319
2026-01-03 20:35:00+00:00,0.65,426.5,26390
2026-01-03 20:36:00+00:00,1.12,469.4,84375
2026-01-03 20:37:00+00:00,1.16,449.1,42683
2026-01-03 20:38:00+00:00,1.06,450.9,48411
2026-01-03 20:39:00+00:00,0.73,428.6,28170
2026-01-03 20:40:00+00:00,1.03,458.6,84857
2026-01-03 20:41:00+00:00,1.01,452.1,64709
2026-01-03 20:42:00+00:00,0.92,444.2,49907
2026-01-03 20:43:00+00:00,0.90,444.9,52909
2026-01-03 20:44:00+00:00,0.90,447.4,53606
2026-01-03 20:45:00+00:00,1.02,446.4,52445
2026-01-03 20:46:00+00:00,0.88,433.9,40485
2026-01-03 20:47:00+00:00,0.57,435.9,62589
2026-01-03 20:48:00+00:00,0.92,468.6,126617
2026-01-03 20:49:00+00:00,1.57,463.2,75113
2026-01-03 20:50:00+00:00,1.74,464.2,67343
2026-01-03 20:51:00+00:00,1.67,476.2,80604
2026-01-03 20:52:00+00:00,1.67,476.2,80604
2026-01-03 20:53:00+00:00,0.51,445.1,111664
2026-01-03 20:54:00+00:00,0.93,454.6,76736
2026-01-03 20:55:00+00:00,0.96,435.0,50423
2026-01-03 20:56:00+00:00,0.91,474.2,104778
2026-01-03 20:57:00+00:00,0.97,466.7,93620
2026-01-03 20:58:00+00:00,1.00,460.1,84288
2026-01-03 20:59:00+00:00,0.96,432.4,39994
2026-01-03 21:00:00+00:00,1.19,452.9,70651
2026-01-03 21:01:00+00:00,1.30,459.8,81517
2026-01-03 21:02:00+00:00,1.15,438.8,53822
2026-01-03 21:03:00+00:00,1.04,430.9,63888
2026-01-03 21:04:00+00:00,1.01,439.6,98855
2026-01-03 21:05:00+00:00,1.12,437.1,61641
2026-01-03 21:06:00+00:00,1.35,416.0,30315
2026-01-03 21:07:00+00:00,1.33,419.0,37284
2026-01-03 21:08:00+00:00,1.13,461.8,134846
2026-01-03 21:09:00+00:00,1.08,445.0,57409
2026-01-03 21:10:00+00:00,1.08,445.0,57409
2026-01-03 21:11:00+00:00,0.54,420.3,29580
2026-01-03 21:12:00+00:00,1.48,450.4,101651
2026-01-03 21:13:00+00:00,1.34,448.2,80489
2026-01-03 21:14:00+00:00,1.65,440.7,65523
2026-01-03 21:15:00+00:00,1.05,433.6,53053
2026-01-03 21:16:00+00:00,1.10,444.0,91329
2026-01-03 21:17:00+00:00,1.41,449.6,107156
2026-01-03 21:18:00+00:00,1.03,439.9,69973
2026-01-03 21:19:00+00:00,1.00,442.8,77097
2026-01-03 21:20:00+00:00,1.19,453.2,109385
2026-01-03 21:21:00+00:00,0.86,447.6,85408
2026-01-03 21:22:00+00:00,1.16,425.2,41466
2026-01-03 21:23:00+00:00,1.16,425.2,41466
2026-01-03 21:25:00+00:00,1.86,440.2,41209
2026-01-03 21:26:00+00:00,1.86,440.2,41209
2026-01-03 21:27:00+00:00,0.12,417.8,21493
2026-01-03 21:28:00+00:00,2.09,458.8,74757
2026-01-03 21:29:00+00:00,1.63,448.8,74551
2026-01-03 21:30:00+00:00,1.35,449.4,82900
2026-01-03 21:31:00+00:00,1.00,436.1,54432
2026-01-03 21:32:00+00:00,1.19,443.8,83808
2026-01-03 21:33:00+00:00,1.71,452.1,88658
2026-01-03 21:34:00+00:00,1.61,443.1,39796
2026-01-03 21:35:00+00:00,1.39,444.8,41719
2026-01-03 21:36:00+00:00,1.76,445.6,52047
2026-01-03 21:37:00+00:00,1.83,443.7,59685
2026-01-03 21:38:00+00:00,1.16,441.8,68763
2026-01-03 21:39:00+00:00,0.94,422.0,52207
2026-01-03 21:40:00+00:00,2.36,449.6,173024
2026-01-03 21:41:00+00:00,1.41,445.8,23831
2026-01-03 21:42:00+00:00,1.41,445.8,23831
2026-01-03 21:43:00+00:00,1.14,430.9,11941
2026-01-03 21:44:00+00:00,1.50,455.1,63743
2026-01-03 21:45:00+00:00,1.25,450.5,52910
2026-01-03 21:46:00+00:00,1.13,446.6,44262
2026-01-03 21:47:00+00:00,0.65,418.1,23622
2026-01-03 21:48:00+00:00,1.26,440.1,65625
2026-01-03 21:49:00+00:00,1.49,451.6,99047
2026-01-03 21:50:00+00:00,1.13,441.1,91152
2026-01-03 21:51:00+00:00,1.24,440.7,89841
2026-01-03 21:52:00+00:00,1.44,443.0,96844
2026-01-03 21:53:00+00:00,1.38,439.2,93356
2026-01-03 21:54:00+00:00,1.39,441.0,101281
2026-01-03 21:55:00+00:00,1.04,425.3,63588
2026-01-03 21:56:00+00:00,1.45,464.6,183790
2026-01-03 21:59:00+00:00,1.08,426.3,54601
2026-01-03 22:04:00+00:00,0.78,443.3,57807
2026-01-03 22:05:00+00:00,1.54,444.0,62697
2026-01-03 22:06:00+00:00,1.65,446.7,69412
2026-01-03 22:07:00+00:00,1.80,451.0,70110
2026-01-03 22:08:00+00:00,1.82,453.0,73378
2026-01-03 22:09:00+00:00,1.16,448.7,87816
2026-01-03 22:10:00+00:00,0.90,436.4,61819
2026-01-03 22:11:00+00:00,0.92,438.0,67270
2026-01-03 22:12:00+00:00,1.12,460.5,143577
2026-01-03 22:13:00+00:00,1.08,444.9,87044
2026-01-03 22:14:00+00:00,1.08,444.9,87044
2026-01-03 22:15:00+00:00,0.74,416.8,48586
2026-01-03 22:16:00+00:00,1.13,456.8,130523
2026-01-03 22:17:00+00:00,1.13,451.9,94871
2026-01-03 22:18:00+00:00,1.15,447.4,69229
2026-01-03 22:19:00+00:00,0.78,431.3,49733
2026-01-03 22:20:00+00:00,0.88,437.0,71038
2026-01-03 22:21:00+00:00,1.18,449.4,97494
2026-01-03 22:22:00+00:00,1.32,448.0,86924
2026-01-03 22:23:00+00:00,1.25,442.1,58731
2026-01-03 22:24:00+00:00,0.82,431.3,34583
2026-01-03 22:25:00+00:00,1.40,443.4,55196
2026-01-03 22:26:00+00:00,1.10,437.4,53297
2026-01-03 22:27:00+00:00,1.11,437.4,53396
2026-01-03 22:28:00+00:00,1.26,438.0,54782
2026-01-03 22:31:00+00:00,0.89,413.5,36498
2026-01-03 22:32:00+00:00,1.27,458.4,106354
2026-01-03 22:33:00+00:00,1.13,452.0,100986
2026-01-03 22:34:00+00:00,1.15,444.2,85877
2026-01-03 22:35:00+00:00,0.87,426.0,62448
2026-01-03 22:36:00+00:00,0.93,442.9,97241
2026-01-03 22:37:00+00:00,1.19,468.0,139367
2026-01-03 22:38:00+00:00,1.21,476.1,168026
2026-01-03 22:39:00+00:00,1.14,464.5,137595
2026-01-03 22:40:00+00:00,1.04,444.7,84391
2026-01-03 22:41:00+00:00,1.17,454.5,105453
2026-01-03 22:42:00+00:00,1.14,436.4,72148
2026-01-03 22:43:00+00:00,1.13,438.4,78109
2026-01-03 22:44:00+00:00,0.87,465.5,161562
2026-01-03 22:45:00+00:00,0.98,450.9,110777
2026-01-03 22:46:00+00:00,0.98,450.9,110777
2026-01-03 22:47:00+00:00,0.91,416.2,54444
2026-01-03 22:48:00+00:00,1.08,452.9,138766
2026-01-03 22:49:00+00:00,1.12,453.6,155528
2026-01-03 22:50:00+00:00,1.12,450.5,153957
2026-01-03 22:51:00+00:00,1.02,435.3,112365
2026-01-03 22:52:00+00:00,1.10,448.6,142236
2026-01-03 22:53:00+00:00,1.20,457.8,160357
2026-01-03 22:54:00+00:00,1.26,455.7,156058
2026-01-03 22:55:00+00:00,1.20,447.4,131062
2026-01-03 22:56:00+00:00,1.03,433.7,79400
2026-01-03 22:57:00+00:00,1.23,447.4,114919
2026-01-03 22:58:00+00:00,1.12,451.6,101810
2026-01-03 22:59:00+00:00,1.13,451.7,102396
2026-01-03 23:00:00+00:00,1.19,452.5,110601
2026-01-03 23:01:00+00:00,0.97,451.9,113081
2026-01-03 23:02:00+00:00,0.97,451.9,113081
2026-01-03 23:04:00+00:00,1.04,449.1,111162
2026-01-03 23:05:00+00:00,1.14,448.7,97054
2026-01-03 23:06:00+00:00,1.18,448.6,91923
2026-01-03 23:07:00+00:00,0.96,454.1,104238
2026-01-03 23:08:00+00:00,0.95,453.7,108535
2026-01-03 23:09:00+00:00,0.96,455.3,113918
2026-01-03 23:10:00+00:00,0.96,456.5,113242
2026-01-03 23:11:00+00:00,1.00,454.2,107232
2026-01-03 23:12:00+00:00,1.15,452.4,103042
2026-01-03 23:13:00+00:00,1.15,451.6,103693
2026-01-03 23:14:00+00:00,1.17,452.5,105305
2026-01-03 23:15:00+00:00,1.18,452.5,104510
2026-01-03 23:16:00+00:00,1.33,453.1,93381
2026-01-03 23:17:00+00:00,1.05,456.2,113794
2026-01-03 23:18:00+00:00,1.05,456.2,113794
2026-01-03 23:19:00+00:00,0.97,456.9,107276
2026-01-03 23:20:00+00:00,0.91,456.5,101828
2026-01-03 23:21:00+00:00,0.91,457.0,121293
2026-01-03 23:22:00+00:00,1.00,454.9,108568
2026-01-03 23:23:00+00:00,0.84,455.7,112369
2026-01-03 23:24:00+00:00,0.77,458.7,104067
2026-01-03 23:25:00+00:00,0.83,460.1,88666
2026-01-03 23:26:00+00:00,0.84,458.0,93616
2026-01-03 23:27:00+00:00,0.82,457.5,93333
2026-01-03 23:28:00+00:00,0.81,456.9,93335
2026-01-03 23:29:00+00:00,0.89,458.1,94895
2026-01-03 23:30:00+00:00,0.88,457.6,97543
2026-01-03 23:31:00+00:00,0.88,457.5,97567
2026-01-03 23:32:00+00:00,0.89,455.8,97907
2026-01-03 23:33:00+00:00,0.86,458.3,84901
2026-01-03 23:34:00+00:00,0.86,458.3,84901
2026-01-03 23:35:00+00:00,0.91,457.3,97046
2026-01-03 23:36:00+00:00,0.91,457.3,97046
2026-01-03 23:37:00+00:00,0.88,464.4,169345
2026-01-03 23:38:00+00:00,0.88,464.4,169345
2026-01-03 23:39:00+00:00,0.80,454.8,112848
2026-01-03 23:40:00+00:00,0.93,454.8,102330
2026-01-03 23:41:00+00:00,1.09,464.1,123913
2026-01-03 23:42:00+00:00,1.17,467.0,128275
2026-01-03 23:43:00+00:00,1.15,455.6,81754
2026-01-03 23:44:00+00:00,1.12,455.3,81802
2026-01-03 23:45:00+00:00,1.25,452.9,83523
2026-01-03 23:46:00+00:00,1.08,454.3,80869
2026-01-03 23:47:00+00:00,1.09,454.0,80361
2026-01-03 23:48:00+00:00,1.29,449.4,73239
2026-01-03 23:49:00+00:00,2.04,443.7,76373
2026-01-03 23:50:00+00:00,2.04,443.7,76373
2026-01-03 23:51:00+00:00,1.43,447.8,85657
2026-01-03 23:52:00+00:00,1.56,445.5,85629
2026-01-03 23:53:00+00:00,1.64,444.8,83997
2026-01-03 23:54:00+00:00,1.65,444.7,83406
2026-01-03 23:55:00+00:00,1.64,444.7,94070
2026-01-03 23:56:00+00:00,1.47,445.6,97551
2026-01-03 23:57:00+00:00,1.49,454.3,122228
2026-01-03 23:58:00+00:00,1.39,458.0,124285
2026-01-03 23:59:00+00:00,0.98,449.5,95338
2026-01-04 00:00:00+00:00,0.96,449.1,110865
2026-01-04 00:01:00+00:00,0.85,451.1,125794
2026-01-04 00:02:00+00:00,0.93,449.1,113385
2026-01-04 00:03:00+00:00,0.93,449.1,113641
2026-01-04 00:04:00+00:00,1.01,450.2,117212
2026-01-04 00:05:00+00:00,0.95,451.2,109352
2026-01-04 00:06:00+00:00,0.95,451.2,109352
2026-01-04 00:07:00+00:00,1.03,447.3,97781
2026-01-04 00:08:00+00:00,1.09,448.0,102720
2026-01-04 00:09:00+00:00,1.11,448.2,103954
2026-01-04 00:11:00+00:00,1.02,451.4,95476
2026-01-04 00:12:00+00:00,0.94,450.8,92735
2026-01-04 00:13:00+00:00,0.91,451.1,96616
2026-01-04 00:14:00+00:00,1.03,449.3,102903
2026-01-04 00:15:00+00:00,1.11,446.0,101799
2026-01-04 00:16:00+00:00,1.01,448.3,103939
2026-01-04 00:17:00+00:00,0.92,449.1,108564
2026-01-04 00:18:00+00:00,0.98,450.1,98613
2026-01-04 00:19:00+00:00,0.98,450.3,98383
2026-01-04 00:20:00+00:00,0.99,452.8,95169
2026-01-04 00:21:00+00:00,0.82,450.4,112135
2026-01-04 00:22:00+00:00,0.82,450.4,112135
2026-01-04 00:23:00+00:00,0.64,449.1,134687
2026-01-04 00:24:00+00:00,0.81,451.1,118017
2026-01-04 00:25:00+00:00,0.87,457.6,167087
2026-01-04 00:26:00+00:00,0.87,459.8,186446
2026-01-04 00:27:00+00:00,0.72,450.0,112206
2026-01-04 00:28:00+00:00,0.75,451.2,118325
2026-01-04 00:29:00+00:00,0.77,454.3,126532
2026-01-04 00:30:00+00:00,0.76,456.1,128469
2026-01-04 00:31:00+00:00,0.75,454.4,134715
2026-01-04 00:32:00+00:00,0.75,452.9,151144
2026-01-04 00:33:00+00:00,0.75,455.3,161390
2026-01-04 00:34:00+00:00,0.80,461.2,193722
2026-01-04 00:35:00+00:00,0.78,449.4,135632
2026-01-04 00:36:00+00:00,0.77,450.9,141543
2026-01-04 00:37:00+00:00,0.77,446.8,122326
2026-01-04 00:38:00+00:00,0.77,446.8,122326
2026-01-04 00:39:00+00:00,0.93,443.8,119429
2026-01-04 00:40:00+00:00,0.97,442.2,110065
2026-01-04 00:43:00+00:00,1.02,446.5,121024
2026-01-04 00:44:00+00:00,0.93,448.8,124022
2026-01-04 00:45:00+00:00,0.79,447.0,118444
2026-01-04 00:46:00+00:00,0.77,445.2,113339
2026-01-04 00:47:00+00:00,0.88,449.0,126164
2026-01-04 00:48:00+00:00,0.91,448.5,136218
2026-01-04 00:49:00+00:00,0.89,447.3,128541
2026-01-04 00:50:00+00:00,0.90,446.3,113947
2026-01-04 00:51:00+00:00,0.89,446.7,116225
2026-01-04 00:52:00+00:00,0.70,451.4,148120
2026-01-04 00:53:00+00:00,0.76,446.4,137292
2026-01-04 00:54:00+00:00,0.76,446.4,137292
2026-01-04 00:55:00+00:00,0.83,446.7,123296
2026-01-04 00:56:00+00:00,1.00,444.7,116365
2026-01-04 00:57:00+00:00,0.97,449.5,160177
2026-01-04 00:58:00+00:00,0.94,451.4,176739
2026-01-04 00:59:00+00:00,1.14,444.3,108277
2026-01-04 01:00:00+00:00,1.08,445.3,117177
2026-01-04 01:01:00+00:00,1.07,450.6,142840
2026-01-04 01:02:00+00:00,1.06,452.0,146690
2026-01-04 01:03:00+00:00,0.96,446.2,123387
2026-01-04 01:04:00+00:00,0.94,445.6,126037
2026-01-04 01:05:00+00:00,0.91,443.7,124703
2026-01-04 01:06:00+00:00,1.08,439.0,119369
2026-01-04 01:07:00+00:00,1.09,438.9,117926
2026-01-04 01:08:00+00:00,1.27,438.0,97720
2026-01-04 01:09:00+00:00,0.92,442.2,115342
2026-01-04 01:10:00+00:00,0.92,442.2,115342
2026-01-04 01:11:00+00:00,0.88,441.8,117713
2026-01-04 01:12:00+00:00,0.96,441.5,113171
2026-01-04 01:13:00+00:00,1.12,443.9,136815
2026-01-04 01:14:00+00:00,1.17,444.8,145826
2026-01-04 01:16:00+00:00,0.89,443.9,119736
2026-01-04 01:17:00+00:00,0.75,442.5,117594
2026-01-04 01:18:00+00:00,0.74,441.1,115363
2026-01-04 01:19:00+00:00,0.98,441.4,124813
2026-01-04 01:20:00+00:00,1.13,440.3,130501
2026-01-04 01:21:00+00:00,1.45,437.3,95943
2026-01-04 01:22:00+00:00,0.85,444.0,127661
2026-01-04 01:23:00+00:00,0.85,443.9,127858
2026-01-04 01:24:00+00:00,0.89,442.4,130624
2026-01-04 01:25:00+00:00,0.84,442.3,142496
2026-01-04 01:26:00+00:00,0.84,442.3,142496
2026-01-04 01:27:00+00:00,1.02,439.8,113212
2026-01-04 01:28:00+00:00,0.80,443.8,143037
2026-01-04 01:29:00+00:00,0.81,442.4,142190
2026-01-04 01:30:00+00:00,0.84,441.6,139170
2026-01-04 01:31:00+00:00,0.91,442.6,128662
2026-01-04 01:32:00+00:00,0.91,440.4,123532
2026-01-04 01:33:00+00:00,1.04,441.5,125194
2026-01-04 01:34:00+00:00,1.19,445.2,132224
2026-01-04 01:35:00+00:00,1.16,438.1,102786
2026-01-04 01:36:00+00:00,1.08,439.2,109655
2026-01-04 01:37:00+00:00,0.90,442.0,116661
2026-01-04 01:38:00+00:00,1.01,440.9,75399
2026-01-04 01:39:00+00:00,0.93,439.1,115394
2026-01-04 01:40:00+00:00,1.24,436.6,105059
2026-01-04 01:41:00+00:00,1.36,434.8,113804
2026-01-04 01:42:00+00:00,1.36,434.8,113804
2026-01-04 01:43:00+00:00,1.27,438.8,100405
2026-01-04 01:44:00+00:00,1.36,434.7,87064
2026-01-04 01:45:00+00:00,1.31,434.2,97908
2026-01-04 01:46:00+00:00,1.29,434.4,103065
2026-01-04 01:47:00+00:00,1.16,436.7,117128
2026-01-04 01:48:00+00:00,1.16,436.7,117128
2026-01-04 01:49:00+00:00,0.85,427.2,20201
2026-01-04 01:50:00+00:00,0.99,432.6,51402
2026-01-04 01:51:00+00:00,1.19,440.0,95373
2026-01-04 01:52:00+00:00,1.20,438.8,89908
2026-01-04 01:53:00+00:00,1.22,439.0,90443
2026-01-04 01:54:00+00:00,1.27,437.8,92017
2026-01-04 01:55:00+00:00,1.28,437.7,91184
2026-01-04 01:56:00+00:00,1.39,436.5,79516
2026-01-04 01:57:00+00:00,1.46,435.3,70331
2026-01-04 01:58:00+00:00,1.46,435.3,70331
2026-01-04 01:59:00+00:00,1.69,432.7,66164
2026-01-04 02:00:00+00:00,1.68,435.1,67049
2026-01-04 02:01:00+00:00,1.42,437.5,99274
2026-01-04 02:02:00+00:00,1.33,438.2,110911
2026-01-04 02:03:00+00:00,1.36,436.0,92964
2026-01-04 02:04:00+00:00,1.49,434.1,78996
2026-01-04 02:05:00+00:00,1.53,433.6,66777
2026-01-04 02:06:00+00:00,1.44,434.4,70531
2026-01-04 02:07:00+00:00,1.42,435.0,76170
2026-01-04 02:08:00+00:00,1.37,437.8,78189
2026-01-04 02:09:00+00:00,1.26,438.9,83675
2026-01-04 02:10:00+00:00,1.08,440.5,93152
2026-01-04 02:11:00+00:00,1.09,440.5,92853
2026-01-04 02:12:00+00:00,1.21,439.4,88667
2026-01-04 02:13:00+00:00,1.37,437.3,68009
2026-01-04 02:14:00+00:00,1.37,437.3,68009
2026-01-04 02:15:00+00:00,1.21,439.8,102364
2026-01-04 02:16:00+00:00,1.12,437.9,115674
2026-01-04 02:17:00+00:00,1.13,439.2,118923
2026-01-04 02:18:00+00:00,1.14,439.8,118894
2026-01-04 02:19:00+00:00,1.11,440.3,81193
2026-01-04 02:20:00+00:00,1.20,439.5,81824
2026-01-04 02:21:00+00:00,1.28,438.9,82376
2026-01-04 02:23:00+00:00,1.14,438.6,69383
2026-01-04 02:24:00+00:00,1.11,438.8,70417
2026-01-04 02:25:00+00:00,1.11,440.8,76958
2026-01-04 02:26:00+00:00,1.31,445.2,88202
2026-01-04 02:27:00+00:00,0.98,439.6,65386
2026-01-04 02:28:00+00:00,1.08,437.1,68804
2026-01-04 02:29:00+00:00,1.11,436.6,65853
2026-01-04 02:30:00+00:00,1.11,436.6,65853
2026-01-04 02:31:00+00:00,1.11,437.4,58480
2026-01-04 02:32:00+00:00,1.10,436.4,54165
2026-01-04 02:33:00+00:00,1.10,435.6,61013
2026-01-04 02:34:00+00:00,1.09,435.4,63895
2026-01-04 02:35:00+00:00,1.14,436.9,60359
2026-01-04 02:36:00+00:00,1.08,438.2,62717
2026-01-04 02:37:00+00:00,1.08,444.3,75331
2026-01-04 02:38:00+00:00,1.03,446.5,76617
2026-01-04 02:39:00+00:00,0.94,440.3,63287
2026-01-04 02:40:00+00:00,1.14,438.3,67073
2026-01-04 02:41:00+00:00,1.10,437.5,61521
2026-01-04 02:42:00+00:00,0.98,436.3,60184
2026-01-04 02:43:00+00:00,1.08,439.7,62935
2026-01-04 02:44:00+00:00,1.07,437.5,69355
2026-01-04 02:45:00+00:00,1.06,437.9,70231
2026-01-04 02:46:00+00:00,1.06,437.9,70231
2026-01-04 02:47:00+00:00,1.15,437.9,65178
2026-01-04 02:48:00+00:00,1.10,438.2,70536
2026-01-04 02:49:00+00:00,1.27,435.7,68961
2026-01-04 02:50:00+00:00,1.34,434.8,67901
2026-01-04 02:51:00+00:00,1.32,435.5,54992
2026-01-04 02:52:00+00:00,1.36,434.4,60736
2026-01-04 02:53:00+00:00,1.39,433.4,65762
2026-01-04 02:55:00+00:00,1.80,431.2,60507
2026-01-04 02:56:00+00:00,1.97,430.7,57874
2026-01-04 02:57:00+00:00,2.42,429.5,50635
2026-01-04 02:58:00+00:00,2.29,428.4,59299
2026-01-04 02:59:00+00:00,2.26,428.6,60445
2026-01-04 03:00:00+00:00,1.92,430.9,76478
2026-01-04 03:01:00+00:00,1.78,431.2,64927
2026-01-04 03:02:00+00:00,1.78,431.2,64927
2026-01-04 03:03:00+00:00,1.96,431.6,66446
2026-01-04 03:04:00+00:00,1.98,430.0,60753
2026-01-04 03:05:00+00:00,1.99,431.6,70874
2026-01-04 03:06:00+00:00,1.99,432.4,75072
2026-01-04 03:07:00+00:00,1.85,430.1,57952
2026-01-04 03:08:00+00:00,1.80,430.0,60505
2026-01-04 03:09:00+00:00,1.50,432.1,56012
2026-01-04 03:10:00+00:00,1.22,434.5,48325
2026-01-04 03:11:00+00:00,1.86,433.2,63190
2026-01-04 03:12:00+00:00,1.88,432.5,62035
2026-01-04 03:13:00+00:00,1.86,430.3,59943
2026-01-04 03:14:00+00:00,1.50,429.1,64446
2026-01-04 03:15:00+00:00,1.40,430.6,64977
2026-01-04 03:16:00+00:00,1.61,429.4,57903
2026-01-04 03:17:00+00:00,1.41,431.8,54580
2026-01-04 03:18:00+00:00,1.41,431.8,54580
2026-01-04 03:19:00+00:00,1.70,430.9,61607
2026-01-04 03:20:00+00:00,1.66,429.6,55386
2026-01-04 03:21:00+00:00,1.84,425.7,53298
2026-01-04 03:22:00+00:00,1.90,424.3,53104
2026-01-04 03:23:00+00:00,1.84,427.7,58184
2026-01-04 03:24:00+00:00,1.76,429.2,61316
2026-01-04 03:25:00+00:00,1.60,432.0,70111
2026-01-04 03:26:00+00:00,1.50,433.8,77031
2026-01-04 03:28:00+00:00,0.83,427.6,54026
2026-01-04 03:29:00+00:00,0.79,426.4,51255
2026-01-04 03:30:00+00:00,0.62,423.3,43499
2026-01-04 03:31:00+00:00,0.73,432.9,64773
2026-01-04 03:32:00+00:00,1.04,427.4,59689
2026-01-04 03:33:00+00:00,0.84,434.4,55671
2026-01-04 03:34:00+00:00,0.84,434.4,55671
2026-01-04 03:35:00+00:00,0.53,436.1,66177
2026-01-04 03:36:00+00:00,0.51,436.7,66006
2026-01-04 03:37:00+00:00,0.43,436.4,70976
2026-01-04 03:38:00+00:00,0.41,436.3,72799
2026-01-04 03:39:00+00:00,0.42,436.9,59567
2026-01-04 03:40:00+00:00,0.43,436.3,55671
2026-01-04 03:41:00+00:00,0.43,434.7,48708
2026-01-04 03:42:00+00:00,0.43,433.6,56113
2026-01-04 03:43:00+00:00,0.56,432.7,70968
2026-01-04 03:44:00+00:00,0.84,429.1,67202
2026-01-04 03:45:00+00:00,1.00,426.3,71403
2026-01-04 03:46:00+00:00,0.88,430.5,79217
2026-01-04 03:47:00+00:00,0.52,430.8,86000
2026-01-04 03:48:00+00:00,0.58,429.2,76887
2026-01-04 03:49:00+00:00,0.81,437.8,159766
2026-01-04 03:50:00+00:00,0.81,437.8,159766
2026-01-04 03:51:00+00:00,0.20,460.5,174296
2026-01-04 03:52:00+00:00,0.52,446.8,101475
2026-01-04 03:53:00+00:00,0.40,448.4,136207
2026-01-04 03:54:00+00:00,0.32,450.2,155457
2026-01-04 03:55:00+00:00,0.29,449.6,153600
2026-01-04 03:56:00+00:00,0.32,452.2,134378
2026-01-04 03:57:00+00:00,0.34,454.2,132580
2026-01-04 03:58:00+00:00,0.38,451.2,125195
2026-01-04 04:02:00+00:00,0.35,446.1,161142
2026-01-04 04:03:00+00:00,0.35,446.0,159791
2026-01-04 04:04:00+00:00,0.42,444.6,140885
2026-01-04 04:05:00+00:00,0.45,454.1,236508
2026-01-04 04:06:00+00:00,0.45,454.1,236508
2026-01-04 04:07:00+00:00,0.34,449.5,156981
2026-01-04 04:08:00+00:00,0.33,449.5,172409
2026-01-04 04:09:00+00:00,0.33,449.5,176266
2026-01-04 04:11:00+00:00,0.66,441.7,143069
2026-01-04 04:12:00+00:00,0.63,444.7,138348
2026-01-04 04:13:00+00:00,0.60,447.4,134217
2026-01-04 04:14:00+00:00,0.86,437.6,121448
2026-01-04 04:15:00+00:00,0.94,434.1,118129
2026-01-04 04:16:00+00:00,1.08,427.1,108856
2026-01-04 04:17:00+00:00,0.98,426.6,101613
2026-01-04 04:18:00+00:00,0.77,429.9,107645
2026-01-04 04:19:00+00:00,0.73,431.6,111639
2026-01-04 04:20:00+00:00,0.17,455.9,167558
2026-01-04 04:21:00+00:00,0.21,470.9,242955
2026-01-04 04:22:00+00:00,0.21,470.9,242955
2026-01-04 04:23:00+00:00,0.19,458.0,149152
2026-01-04 04:24:00+00:00,0.22,457.4,156062
2026-01-04 04:25:00+00:00,0.27,466.8,229888
2026-01-04 04:26:00+00:00,0.28,470.3,256106
2026-01-04 04:27:00+00:00,0.14,476.8,144912
2026-01-04 04:28:00+00:00,0.08,442.0,96037
2026-01-04 04:29:00+00:00,0.02,411.6,53271
2026-01-04 04:31:00+00:00,0.03,486.2,427260
2026-01-04 04:32:00+00:00,0.03,486.2,427260
2026-01-04 04:34:00+00:00,0.13,476.9,130163
2026-01-04 04:35:00+00:00,0.12,476.6,149261
2026-01-04 04:36:00+00:00,0.03,472.3,416626
2026-01-04 04:37:00+00:00,0.32,452.9,154184
2026-01-04 04:38:00+00:00,0.32,452.9,154184
2026-01-04 04:39:00+00:00,0.01,417.1,32361
2026-01-04 04:40:00+00:00,0.01,416.9,30320
2026-01-04 04:41:00+00:00,0.38,441.9,21881
2026-01-04 04:42:00+00:00,0.52,451.0,18998
2026-01-04 04:43:00+00:00,0.04,461.9,316629
2026-01-04 04:44:00+00:00,0.15,457.4,214126
2026-01-04 04:45:00+00:00,0.24,453.6,124436
2026-01-04 04:47:00+00:00,0.19,471.4,148610
2026-01-04 04:48:00+00:00,0.19,471.7,140135
2026-01-04 04:49:00+00:00,0.17,472.6,116829
2026-01-04 04:50:00+00:00,0.01,408.8,30341
2026-01-04 04:51:00+00:00,0.02,412.9,37643
2026-01-04 04:52:00+00:00,0.18,470.5,139865
2026-01-04 04:53:00+00:00,0.18,480.4,128561
2026-01-04 04:54:00+00:00,0.18,480.4,128561
2026-01-04 04:55:00+00:00,0.04,472.6,215882
2026-01-04 04:56:00+00:00,0.18,466.3,131918
2026-01-04 04:57:00+00:00,0.23,472.3,151472
2026-01-04 04:58:00+00:00,0.23,475.0,166215
2026-01-04 04:59:00+00:00,0.50,433.5,136037
2026-01-04 05:00:00+00:00,0.49,423.5,97331
2026-01-04 05:01:00+00:00,0.48,414.7,63464
2026-01-04 05:02:00+00:00,0.42,430.7,167757
2026-01-04 05:03:00+00:00,0.41,426.6,125774
2026-01-04 05:04:00+00:00,0.41,418.6,41807
2026-01-04 05:07:00+00:00,0.63,426.5,148285
2026-01-04 05:08:00+00:00,0.63,426.5,148285
2026-01-04 05:09:00+00:00,0.30,417.9,48826
2026-01-04 05:10:00+00:00,0.30,417.9,48826
2026-01-04 05:11:00+00:00,0.36,433.3,159065
2026-01-04 05:12:00+00:00,0.43,430.9,145993
2026-01-04 05:13:00+00:00,0.48,436.7,179117
2026-01-04 05:14:00+00:00,0.50,439.0,192350
2026-01-04 05:15:00+00:00,0.58,428.3,163072
2026-01-04 05:16:00+00:00,0.62,427.4,140199
2026-01-04 05:17:00+00:00,0.65,426.7,120185
2026-01-04 05:19:00+00:00,0.64,416.1,40811
2026-01-04 05:20:00+00:00,0.64,418.2,60023
2026-01-04 05:21:00+00:00,0.65,424.0,112857
2026-01-04 05:22:00+00:00,0.80,421.8,84060
2026-01-04 05:23:00+00:00,0.80,421.3,80900
2026-01-04 05:24:00+00:00,0.82,415.2,36646
2026-01-04 05:25:00+00:00,0.83,414.5,39484
2026-01-04 05:26:00+00:00,0.83,414.5,39484
2026-01-04 05:27:00+00:00,0.53,415.5,53284
2026-01-04 05:28:00+00:00,0.63,415.9,42762
2026-01-04 05:29:00+00:00,0.71,423.1,65426
2026-01-04 05:30:00+00:00,0.73,425.7,74624
2026-01-04 05:31:00+00:00,0.56,418.5,43752
2026-01-04 05:32:00+00:00,0.66,420.4,64334
2026-01-04 05:33:00+00:00,0.75,422.1,82342
2026-01-04 05:35:00+00:00,0.64,416.1,46164
2026-01-04 05:36:00+00:00,0.66,415.8,45816
2026-01-04 05:37:00+00:00,0.70,415.0,44858
2026-01-04 05:38:00+00:00,0.63,415.0,38899
2026-01-04 05:39:00+00:00,0.63,415.0,38899
2026-01-04 05:41:00+00:00,0.48,417.5,37804
2026-01-04 05:42:00+00:00,0.48,417.5,37804
2026-01-04 05:43:00+00:00,0.34,412.8,38966
2026-01-04 05:44:00+00:00,0.52,414.3,38155
2026-01-04 05:45:00+00:00,0.48,415.6,36960
2026-01-04 05:46:00+00:00,0.45,415.9,36599
2026-01-04 05:47:00+00:00,0.50,415.2,49797
2026-01-04 05:48:00+00:00,0.42,415.6,45469
2026-01-04 05:49:00+00:00,0.35,415.9,41682
2026-01-04 05:50:00+00:00,0.54,427.2,146104
2026-01-04 05:51:00+00:00,0.54,427.5,140846
2026-01-04 05:52:00+00:00,0.56,427.4,129456
2026-01-04 05:53:00+00:00,0.64,425.7,127059
2026-01-04 05:54:00+00:00,0.50,427.7,138255
2026-01-04 05:55:00+00:00,0.49,427.8,139953
2026-01-04 05:56:00+00:00,0.40,429.5,163728
2026-01-04 05:57:00+00:00,0.52,429.4,180749
2026-01-04 05:58:00+00:00,0.52,429.4,180749
2026-01-04 05:59:00+00:00,0.38,429.3,169245
2026-01-04 06:00:00+00:00,0.44,430.0,155602
2026-01-04 06:01:00+00:00,0.50,437.4,175538
2026-01-04 06:02:00+00:00,0.51,440.0,184029
2026-01-04 06:03:00+00:00,0.35,433.3,192678
2026-01-04 06:04:00+00:00,0.36,433.4,195940
2026-01-04 06:05:00+00:00,0.43,429.7,140066
2026-01-04 06:06:00+00:00,0.52,427.7,104755
2026-01-04 06:07:00+00:00,0.51,431.7,154466
2026-01-04 06:08:00+00:00,0.42,432.5,163562
2026-01-04 06:09:00+00:00,0.35,433.0,177569
2026-01-04 06:10:00+00:00,0.23,413.6,43945
2026-01-04 06:11:00+00:00,0.22,413.4,44053
2026-01-04 06:12:00+00:00,0.21,410.3,45575
2026-01-04 06:15:00+00:00,0.26,427.3,159090
2026-01-04 06:16:00+00:00,0.30,430.5,169098
2026-01-04 06:17:00+00:00,0.34,438.5,193517
2026-01-04 06:18:00+00:00,0.35,441.2,201486
2026-01-04 06:19:00+00:00,0.26,432.1,185280
2026-01-04 06:20:00+00:00,0.28,433.3,183374
2026-01-04 06:21:00+00:00,0.33,438.4,198634
2026-01-04 06:22:00+00:00,0.35,443.0,217980
2026-01-04 06:23:00+00:00,0.36,431.5,151231
2026-01-04 06:24:00+00:00,0.36,431.2,149171
2026-01-04 06:25:00+00:00,0.34,430.5,143506
2026-01-04 06:26:00+00:00,0.32,431.0,149926
2026-01-04 06:27:00+00:00,0.32,430.9,151010
2026-01-04 06:28:00+00:00,0.31,430.1,166197
2026-01-04 06:29:00+00:00,0.29,433.3,210249
2026-01-04 06:30:00+00:00,0.29,433.3,210249
2026-01-04 06:31:00+00:00,0.30,429.4,167495
2026-01-04 06:32:00+00:00,0.34,425.9,202129
2026-01-04 06:33:00+00:00,0.37,428.6,224664
2026-01-04 06:34:00+00:00,0.37,429.9,229710
2026-01-04 06:35:00+00:00,0.34,423.2,198264
2026-01-04 06:36:00+00:00,0.32,416.3,117050
2026-01-04 06:37:00+00:00,0.30,410.3,45989
2026-01-04 06:39:00+00:00,0.26,421.7,161518
2026-01-04 06:40:00+00:00,0.27,420.5,169147
2026-01-04 06:41:00+00:00,0.31,417.1,190127
2026-01-04 06:42:00+00:00,0.25,422.1,140620
2026-01-04 06:43:00+00:00,0.25,421.4,134333
2026-01-04 06:44:00+00:00,0.21,411.8,46315
2026-01-04 06:47:00+00:00,0.23,424.0,171753
2026-01-04 06:48:00+00:00,0.18,414.2,68630
2026-01-04 06:49:00+00:00,0.16,411.6,40007
2026-01-04 06:50:00+00:00,0.16,411.6,38973
2026-01-04 06:51:00+00:00,0.18,411.5,36660
2026-01-04 06:52:00+00:00,0.19,411.6,37135
2026-01-04 06:53:00+00:00,0.19,411.7,37550
2026-01-04 06:55:00+00:00,0.17,412.2,38509
2026-01-04 06:56:00+00:00,0.19,414.8,62140
2026-01-04 06:57:00+00:00,0.25,421.8,127124
2026-01-04 06:58:00+00:00,0.13,408.5,44874
2026-01-04 06:59:00+00:00,0.13,408.5,44676
2026-01-04 07:00:00+00:00,0.14,409.5,41896
2026-01-04 07:01:00+00:00,0.14,426.4,203884
2026-01-04 07:02:00+00:00,0.14,426.4,203884
2026-01-04 07:03:00+00:00,0.14,410.5,40875
2026-01-04 07:04:00+00:00,0.13,410.9,44155
2026-01-04 07:05:00+00:00,0.17,415.3,55355
2026-01-04 07:06:00+00:00,0.19,416.9,59130
2026-01-04 07:07:00+00:00,0.14,437.5,227546
2026-01-04 07:08:00+00:00,0.16,439.0,248846
2026-01-04 07:09:00+00:00,0.16,430.8,178714
2026-01-04 07:10:00+00:00,0.15,419.9,77263
2026-01-04 07:11:00+00:00,0.19,434.1,224959
2026-01-04 07:12:00+00:00,0.20,433.4,219026
2026-01-04 07:13:00+00:00,0.21,431.4,202711
2026-01-04 07:14:00+00:00,0.21,432.1,221323
2026-01-04 07:15:00+00:00,0.21,432.2,220484
2026-01-04 07:16:00+00:00,0.18,433.7,208726
2026-01-04 07:20:00+00:00,0.23,430.2,165854
2026-01-04 07:21:00+00:00,0.23,426.0,146674
2026-01-04 07:22:00+00:00,0.23,424.5,139699
2026-01-04 07:23:00+00:00,0.17,401.6,47891
2026-01-04 07:24:00+00:00,0.21,416.9,121312
2026-01-04 07:25:00+00:00,0.25,433.6,206735
2026-01-04 07:26:00+00:00,0.27,437.2,230942
2026-01-04 07:27:00+00:00,0.26,423.1,162812
2026-01-04 07:28:00+00:00,0.25,424.2,163174
2026-01-04 07:29:00+00:00,0.25,427.1,164168
2026-01-04 07:30:00+00:00,0.27,422.3,169156
2026-01-04 07:31:00+00:00,0.27,422.3,169156
2026-01-04 08:19:00+00:00,0.23,438.2,186247
2026-01-04 08:20:00+00:00,0.23,438.2,186247
2026-01-04 08:21:00+00:00,0.46,437.6,96145
2026-01-04 08:22:00+00:00,0.46,437.6,96145
2026-01-04 08:23:00+00:00,0.59,462.5,215927
2026-01-04 08:24:00+00:00,0.45,443.0,135152
2026-01-04 08:25:00+00:00,0.41,438.2,114958
2026-01-04 08:27:00+00:00,0.31,429.8,92187
2026-01-04 08:28:00+00:00,0.33,431.6,87383
2026-01-04 08:29:00+00:00,0.34,434.7,86757
2026-01-04 08:30:00+00:00,0.33,436.5,90847
2026-01-04 08:31:00+00:00,0.32,436.4,114588
2026-01-04 08:32:00+00:00,0.33,436.3,109676
2026-01-04 08:33:00+00:00,0.37,436.8,98260
2026-01-04 08:34:00+00:00,0.38,439.8,106624
2026-01-04 08:35:00+00:00,0.44,461.1,187588
2026-01-04 08:36:00+00:00,0.44,461.1,187588
2026-01-04 08:37:00+00:00,0.22,434.5,137386
2026-01-04 08:38:00+00:00,0.22,434.5,137386
2026-01-04 08:39:00+00:00,0.27,452.9,231359
2026-01-04 08:40:00+00:00,0.20,441.6,182056
2026-01-04 08:41:00+00:00,0.14,434.0,211328
2026-01-04 08:42:00+00:00,0.12,432.2,226454
2026-01-04 08:43:00+00:00,0.07,398.4,30756
2026-01-04 08:44:00+00:00,0.12,414.8,117586
2026-01-04 08:45:00+00:00,0.12,416.7,120122
2026-01-04 08:46:00+00:00,0.07,402.4,36191
2026-01-04 08:47:00+00:00,0.09,404.0,22908
2026-01-04 08:48:00+00:00,0.12,412.4,54897
2026-01-04 08:49:00+00:00,0.22,437.4,159300
2026-01-04 08:50:00+00:00,0.26,444.0,213884
2026-01-04 08:51:00+00:00,0.18,433.2,143204
2026-01-04 08:52:00+00:00,0.13,435.6,168643
2026-01-04 08:53:00+00:00,0.16,433.1,192485
2026-01-04 08:54:00+00:00,0.16,433.1,192485
2026-01-04 08:55:00+00:00,0.18,447.1,241390
2026-01-04 08:56:00+00:00,0.18,436.9,189026
2026-01-04 08:59:00+00:00,0.41,458.7,181112
2026-01-04 09:00:00+00:00,0.30,441.9,134426
2026-01-04 09:01:00+00:00,0.20,431.9,99749
2026-01-04 09:02:00+00:00,0.20,437.2,106804
2026-01-04 09:03:00+00:00,0.15,433.1,186915
2026-01-04 09:04:00+00:00,0.15,430.9,183327
2026-01-04 09:05:00+00:00,0.15,427.7,183882
2026-01-04 09:06:00+00:00,0.17,439.3,225559
2026-01-04 09:07:00+00:00,0.16,442.7,235468
2026-01-04 09:08:00+00:00,0.16,442.7,235468
2026-01-04 09:09:00+00:00,0.36,430.2,96344
2026-01-04 09:10:00+00:00,0.36,430.2,96344
2026-01-04 09:11:00+00:00,0.20,432.1,157215
2026-01-04 09:12:00+00:00,0.24,422.0,163641
2026-01-04 09:13:00+00:00,0.25,427.9,212035
2026-01-04 09:14:00+00:00,0.25,431.0,229049
2026-01-04 09:15:00+00:00,0.28,450.1,358692
2026-01-04 09:16:00+00:00,0.25,449.1,305468
2026-01-04 09:17:00+00:00,0.19,439.6,218946
2026-01-04 09:18:00+00:00,0.15,429.6,173289
2026-01-04 09:19:00+00:00,0.12,385.9,49276
2026-01-04 09:20:00+00:00,0.13,397.4,103858
2026-01-04 09:21:00+00:00,0.17,429.7,256882
2026-01-04 09:22:00+00:00,0.16,432.1,268566
2026-01-04 09:23:00+00:00,0.21,425.8,327771
2026-01-04 09:24:00+00:00,0.21,425.8,327771
2026-01-04 09:25:00+00:00,0.24,415.7,232518
2026-01-04 09:26:00+00:00,0.27,418.4,328955
2026-01-04 09:27:00+00:00,0.38,421.2,371773
2026-01-04 09:28:00+00:00,0.17,391.5,120300
2026-01-04 09:29:00+00:00,0.13,386.2,64740
2026-01-04 09:30:00+00:00,0.14,387.1,67901
2026-01-04 09:32:00+00:00,0.30,396.0,105225
2026-01-04 09:33:00+00:00,0.24,389.1,82489
2026-01-04 09:34:00+00:00,0.18,381.2,56504
2026-01-04 09:35:00+00:00,0.14,414.7,220772
2026-01-04 09:36:00+00:00,0.15,405.9,177793
2026-01-04 09:37:00+00:00,0.16,379.9,52305
2026-01-04 09:38:00+00:00,0.12,373.5,23118
2026-01-04 09:39:00+00:00,0.14,379.5,40477
2026-01-04 09:40:00+00:00,0.14,379.5,40477
2026-01-04 09:41:00+00:00,0.13,393.0,142004
2026-01-04 09:42:00+00:00,0.13,393.0,142004
2026-01-04 09:43:00+00:00,0.55,407.7,202215
2026-01-04 09:44:00+00:00,0.29,384.2,96250
2026-01-04 09:45:00+00:00,0.21,376.9,64131
2026-01-04 09:46:00+00:00,0.20,376.4,62084
2026-01-04 09:47:00+00:00,0.19,386.6,110214
2026-01-04 09:48:00+00:00,0.18,379.5,88196
2026-01-04 09:49:00+00:00,0.19,384.0,109639
2026-01-04 09:50:00+00:00,0.22,396.3,156163
2026-01-04 09:51:00+00:00,0.22,396.2,114998
2026-01-04 09:52:00+00:00,0.21,388.9,98998
2026-01-04 09:53:00+00:00,0.18,371.2,56819
2026-01-04 09:54:00+00:00,0.19,381.2,64108
2026-01-04 09:55:00+00:00,0.19,415.1,300534
2026-01-04 09:56:00+00:00,0.19,415.1,300534
2026-01-04 09:57:00+00:00,0.25,415.0,254052
2026-01-04 10:01:00+00:00,0.14,417.3,193879
2026-01-04 10:02:00+00:00,0.19,417.3,193879
2026-01-04 10:03:00+00:00,0.19,421.9,240878
2026-01-04 10:04:00+00:00,0.19,421.9,240878
2026-01-04 10:07:00+00:00,0.22,440.1,336399
2026-01-04 10:08:00+00:00,0.21,434.9,319675
2026-01-04 10:09:00+00:00,0.19,420.5,273686
2026-01-04 10:11:00+00:00,0.13,377.5,36360
2026-01-04 10:12:00+00:00,0.13,377.5,36360
2026-01-04 10:13:00+00:00,0.12,381.5,46783
2026-01-04 10:14:00+00:00,0.12,381.5,46783
2026-01-04 10:15:00+00:00,0.28,405.1,223282
2026-01-04 10:16:00+00:00,0.28,407.5,243047
2026-01-04 10:17:00+00:00,0.27,392.9,181674
2026-01-04 10:18:00+00:00,0.26,387.4,157561
2026-01-04 10:19:00+00:00,0.17,382.0,45163
2026-01-04 10:20:00+00:00,0.30,392.5,98768
2026-01-04 10:21:00+00:00,0.41,401.7,145673
2026-01-04 10:23:00+00:00,0.32,409.2,189455
2026-01-04 10:24:00+00:00,0.34,406.8,180152
2026-01-04 10:25:00+00:00,0.41,400.0,154568
2026-01-04 10:27:00+00:00,0.29,402.4,181138
2026-01-04 10:28:00+00:00,0.29,402.4,181138
2026-01-04 10:29:00+00:00,0.25,378.4,39840
2026-01-04 10:30:00+00:00,0.25,378.4,39840
2026-01-04 10:31:00+00:00,0.21,429.9,295963
2026-01-04 10:32:00+00:00,0.20,439.5,254257
2026-01-04 10:33:00+00:00,0.16,420.5,168155
2026-01-04 10:34:00+00:00,0.15,412.8,140637
2026-01-04 10:35:00+00:00,0.17,443.3,146834
2026-01-04 10:36:00+00:00,0.16,443.2,152281
2026-01-04 10:37:00+00:00,0.14,443.1,157048
2026-01-04 10:39:00+00:00,0.16,445.1,146250
2026-01-04 10:40:00+00:00,0.16,443.8,157052
2026-01-04 10:41:00+00:00,0.16,440.4,186758
2026-01-04 10:43:00+00:00,0.15,441.5,161797
2026-01-04 10:44:00+00:00,0.15,441.5,161797
2026-01-04 10:45:00+00:00,0.19,447.7,150678
2026-01-04 10:46:00+00:00,0.19,447.7,150678
2026-01-04 10:47:00+00:00,0.17,445.8,149048
2026-01-04 10:48:00+00:00,0.17,445.3,144522
2026-01-04 10:49:00+00:00,0.17,435.7,126318
2026-01-04 10:50:00+00:00,0.16,432.3,120110
2026-01-04 10:51:00+00:00,0.18,435.3,159579
2026-01-04 10:52:00+00:00,0.19,443.8,157546
2026-01-04 10:53:00+00:00,0.19,442.6,129400
2026-01-04 10:54:00+00:00,0.17,432.9,99267
2026-01-04 10:55:00+00:00,0.16,443.8,146580
2026-01-04 10:56:00+00:00,0.18,441.5,140563
2026-01-04 10:57:00+00:00,0.25,435.1,124015
2026-01-04 10:59:00+00:00,0.12,445.0,127746
2026-01-04 11:00:00+00:00,0.12,445.0,127746
2026-01-04 11:01:00+00:00,0.21,437.1,115509
2026-01-04 11:02:00+00:00,0.21,437.1,115509
2026-01-04 11:04:00+00:00,0.14,448.6,86520
2026-01-04 11:05:00+00:00,0.21,427.8,78784
2026-01-04 11:06:00+00:00,0.23,420.2,75971
2026-01-04 11:07:00+00:00,0.18,444.1,108146
2026-01-04 11:08:00+00:00,0.20,425.8,144598
2026-01-04 11:09:00+00:00,0.22,409.9,176493
2026-01-04 11:11:00+00:00,0.30,421.5,193874
2026-01-04 11:12:00+00:00,0.33,420.9,176719
2026-01-04 11:13:00+00:00,0.41,419.4,129544
2026-01-04 11:15:00+00:00,0.27,418.3,140996
2026-01-04 11:16:00+00:00,0.27,418.3,140996
2026-01-04 11:17:00+00:00,0.45,408.2,144827
2026-01-04 11:18:00+00:00,0.45,408.2,144827
2026-01-04 11:19:00+00:00,0.36,415.4,157174
2026-01-04 11:20:00+00:00,0.30,416.9,168730
2026-01-04 11:21:00+00:00,0.26,408.1,124113
2026-01-04 11:22:00+00:00,0.25,404.7,106838
2026-01-04 11:23:00+00:00,0.31,420.2,153229
2026-01-04 11:24:00+00:00,0.29,421.0,156316
2026-01-04 11:25:00+00:00,0.27,421.8,159016
2026-01-04 11:27:00+00:00,0.24,427.3,153567
2026-01-04 11:28:00+00:00,0.22,429.9,149047
2026-01-04 11:29:00+00:00,0.20,437.0,136618
2026-01-04 11:31:00+00:00,0.20,431.0,139032
2026-01-04 11:32:00+00:00,0.20,431.0,139032
2026-01-04 11:33:00+00:00,0.29,423.0,126652
2026-01-04 11:34:00+00:00,0.29,423.0,126652
2026-01-04 11:35:00+00:00,0.28,423.7,133529
2026-01-04 11:36:00+00:00,0.25,420.7,140207
2026-01-04 11:37:00+00:00,0.25,418.1,119573
2026-01-04 11:38:00+00:00,0.25,417.5,111463
2026-01-04 11:39:00+00:00,0.29,418.0,145409
2026-01-04 11:40:00+00:00,0.27,421.0,144568
2026-01-04 11:41:00+00:00,0.25,423.6,143832
2026-01-04 11:44:00+00:00,0.25,420.8,157591
2026-01-04 11:45:00+00:00,0.25,420.8,157591
2026-01-04 11:47:00+00:00,0.28,426.5,149432
2026-01-04 11:48:00+00:00,0.28,426.5,149432
2026-01-04 11:49:00+00:00,0.25,428.0,162137
2026-01-04 11:50:00+00:00,0.25,428.0,162137
2026-01-04 11:51:00+00:00,0.28,421.6,174814
2026-01-04 11:52:00+00:00,0.24,418.1,167193
2026-01-04 11:53:00+00:00,0.18,425.9,134464
2026-01-04 11:54:00+00:00,0.17,429.0,123256
2026-01-04 11:55:00+00:00,0.30,420.6,157752
2026-01-04 11:56:00+00:00,0.28,419.5,163413
2026-01-04 11:57:00+00:00,0.26,418.6,168365
2026-01-04 11:59:00+00:00,0.23,422.9,171230
2026-01-04 12:00:00+00:00,0.24,420.4,172644
2026-01-04 12:01:00+00:00,0.27,413.3,176534
2026-01-04 12:03:00+00:00,0.19,423.6,153170
2026-01-04 12:04:00+00:00,0.19,423.6,153170
2026-01-04 12:05:00+00:00,0.21,425.0,182365
2026-01-04 12:06:00+00:00,0.21,425.0,182365
2026-01-04 12:08:00+00:00,0.22,419.4,168492
2026-01-04 12:09:00+00:00,0.20,424.2,159400
2026-01-04 12:10:00+00:00,0.19,426.0,156094
2026-01-04 12:11:00+00:00,0.26,419.0,203498
2026-01-04 12:12:00+00:00,0.25,419.9,213586
2026-01-04 12:13:00+00:00,0.21,423.4,179833
2026-01-04 12:14:00+00:00,0.17,426.7,131170
2026-01-04 12:15:00+00:00,0.21,432.4,214620
2026-01-04 12:16:00+00:00,0.21,432.4,214620
2026-01-04 12:19:00+00:00,0.19,427.9,125023
2026-01-04 12:20:00+00:00,0.19,427.9,125023
2026-01-04 12:21:00+00:00,0.25,432.9,124228
2026-01-04 12:22:00+00:00,0.25,432.9,124228
2026-01-04 12:23:00+00:00,0.25,433.5,112130
2026-01-04 12:24:00+00:00,0.27,430.0,114068
2026-01-04 12:25:00+00:00,0.25,426.3,135193
2026-01-04 12:26:00+00:00,0.24,425.3,142699
2026-01-04 12:27:00+00:00,0.23,436.0,124162
2026-01-04 12:28:00+00:00,0.24,438.0,115147
2026-01-04 12:29:00+00:00,0.25,439.6,107259
2026-01-04 12:31:00+00:00,0.20,443.1,74690
2026-01-04 12:32:00+00:00,0.21,437.9,101283
2026-01-04 12:33:00+00:00,0.24,423.8,174413
2026-01-04 12:35:00+00:00,0.17,444.2,143483
2026-01-04 12:36:00+00:00,0.17,444.2,143483
2026-01-04 12:37:00+00:00,0.29,429.7,172490
2026-01-04 12:38:00+00:00,0.29,429.7,172490
2026-01-04 12:40:00+00:00,0.23,443.7,170760
2026-01-04 12:41:00+00:00,0.15,445.7,119420
2026-01-04 12:42:00+00:00,0.12,446.4,100752
2026-01-04 12:43:00+00:00,0.22,428.7,180191
2026-01-04 12:44:00+00:00,0.20,428.5,164409
2026-01-04 12:45:00+00:00,0.16,427.9,129317
2026-01-04 12:46:00+00:00,0.13,427.5,104995
2026-01-04 12:47:00+00:00,0.13,439.7,108193
2026-01-04 12:48:00+00:00,0.13,439.7,106339
2026-01-04 12:49:00+00:00,0.14,439.5,101239
2026-01-04 12:51:00+00:00,0.16,427.3,135291
2026-01-04 12:52:00+00:00,0.16,427.3,135291
2026-01-04 12:53:00+00:00,0.23,425.0,142821
2026-01-04 12:54:00+00:00,0.23,425.0,142821
2026-01-04 12:56:00+00:00,0.15,439.9,83827
2026-01-04 12:57:00+00:00,0.15,446.1,112207
2026-01-04 12:58:00+00:00,0.16,448.4,122528
2026-01-04 12:59:00+00:00,0.18,444.7,110835
2026-01-04 13:00:00+00:00,0.23,435.2,106401
2026-01-04 13:01:00+00:00,0.28,426.9,102521
2026-01-04 13:03:00+00:00,0.03,454.8,178626
2026-01-04 13:04:00+00:00,0.03,454.0,196548
2026-01-04 13:05:00+00:00,0.03,451.5,245832
2026-01-04 13:07:00+00:00,0.20,452.6,74338
2026-01-04 13:08:00+00:00,0.20,452.6,74338
2026-01-04 13:09:00+00:00,0.02,461.7,307514
2026-01-04 13:10:00+00:00,0.02,461.7,307514
2026-01-04 13:11:00+00:00,0.14,453.8,105843
2026-01-04 13:12:00+00:00,0.15,454.5,88438
2026-01-04 13:13:00+00:00,0.05,429.6,127244
2026-01-04 13:14:00+00:00,0.01,420.4,142937
2026-01-04 13:15:00+00:00,0.13,454.4,72585
2026-01-04 13:16:00+00:00,0.07,454.3,166953
2026-01-04 13:17:00+00:00,0.02,454.2,249525
2026-01-04 13:19:00+00:00,0.08,454.9,148809
2026-01-04 13:20:00+00:00,0.07,454.7,172130
2026-01-04 13:21:00+00:00,0.03,454.4,236262
2026-01-04 13:23:00+00:00,0.07,448.3,209172
2026-01-04 13:24:00+00:00,0.07,448.3,209172
2026-01-04 13:25:00+00:00,0.30,459.2,82494
2026-01-04 13:26:00+00:00,0.30,459.2,82494
2026-01-04 13:28:00+00:00,0.14,443.2,108869
2026-01-04 13:29:00+00:00,0.39,442.1,61170
2026-01-04 13:30:00+00:00,0.48,441.7,43824
2026-01-04 13:31:00+00:00,0.24,450.9,167911
2026-01-04 13:32:00+00:00,0.26,444.9,179900
2026-01-04 13:33:00+00:00,0.28,429.0,169793
2026-01-04 13:34:00+00:00,0.29,416.8,146254
2026-01-04 13:35:00+00:00,0.18,443.8,157934
2026-01-04 13:36:00+00:00,0.21,446.9,145455
2026-01-04 13:37:00+00:00,0.28,455.4,111139
2026-01-04 13:39:00+00:00,0.26,465.8,102783
2026-01-04 13:40:00+00:00,0.26,465.8,102783
2026-01-04 13:41:00+00:00,0.52,453.5,69957
2026-01-04 13:42:00+00:00,0.52,453.5,69957
2026-01-04 13:43:00+00:00,0.68,444.4,34607
2026-01-04 13:44:00+00:00,0.72,439.9,31047
2026-01-04 13:45:00+00:00,0.42,447.4,68641
2026-01-04 13:46:00+00:00,0.31,450.6,82635
2026-01-04 13:47:00+00:00,0.50,454.8,222325
2026-01-04 13:48:00+00:00,0.43,461.8,162398
2026-01-04 13:49:00+00:00,0.38,468.0,109962
2026-01-04 13:51:00+00:00,0.52,449.8,112147
2026-01-04 13:52:00+00:00,0.50,457.0,116421
2026-01-04 13:53:00+00:00,0.44,476.7,128174
2026-01-04 13:54:00+00:00,,,
2026-01-04 13:55:00+00:00,,,
2026-01-04 13:59:00+00:00,0.56,476.5,170077
2026-01-04 14:00:00+00:00,0.53,465.9,143258
2026-01-04 14:01:00+00:00,0.54,450.3,73115
2026-01-04 14:02:00+00:00,0.54,445.6,50047
2026-01-04 14:03:00+00:00,0.17,455.9,86121
2026-01-04 14:04:00+00:00,0.15,452.0,117922
2026-01-04 14:05:00+00:00,0.12,450.3,112694
2026-01-04 14:06:00+00:00,0.17,454.7,67569
2026-01-04 14:07:00+00:00,0.23,460.1,80368
2026-01-04 14:08:00+00:00,0.22,461.1,106104
2026-01-04 14:09:00+00:00,0.22,454.8,45872
2026-01-04 14:10:00+00:00,0.07,452.9,86244
2026-01-04 14:11:00+00:00,0.07,452.9,87738
2026-01-04 14:12:00+00:00,0.08,453.7,108643
2026-01-04 14:13:00+00:00,0.02,405.3,88718
2026-01-04 14:14:00+00:00,0.02,405.3,88718
2026-01-04 14:15:00+00:00,0.01,406.9,66015
2026-01-04 14:16:00+00:00,0.12,447.0,57545
2026-01-04 14:17:00+00:00,0.15,457.1,55428
2026-01-04 14:19:00+00:00,0.14,473.6,68271
2026-01-04 14:20:00+00:00,0.08,449.7,78710
2026-01-04 14:21:00+00:00,0.10,443.5,77254
2026-01-04 14:22:00+00:00,0.19,460.4,65152
2026-01-04 14:23:00+00:00,0.08,448.5,106687
2026-01-04 14:24:00+00:00,0.07,447.9,98718
2026-01-04 14:25:00+00:00,0.03,446.2,76801
2026-01-04 14:27:00+00:00,0.14,451.2,45296
2026-01-04 14:28:00+00:00,0.14,451.2,45296
2026-01-04 14:32:00+00:00,0.04,453.0,124885
2026-01-04 14:33:00+00:00,0.12,458.0,72984
2026-01-04 14:34:00+00:00,0.14,459.8,54111
2026-01-04 14:35:00+00:00,0.09,458.0,48859
2026-01-04 14:36:00+00:00,0.09,459.8,58604
2026-01-04 14:37:00+00:00,0.10,461.4,67130
2026-01-04 14:38:00+00:00,0.15,460.5,48302
2026-01-04 14:39:00+00:00,0.15,459.5,49195
2026-01-04 14:40:00+00:00,0.15,457.9,47951
2026-01-04 14:41:00+00:00,0.18,459.1,39624
2026-01-04 14:42:00+00:00,,,
2026-01-04 14:43:00+00:00,0.22,457.4,47511
2026-01-04 14:44:00+00:00,0.22,457.4,47511
2026-01-04 14:47:00+00:00,0.19,458.0,28821
2026-01-04 14:48:00+00:00,0.22,455.8,36092
2026-01-04 14:49:00+00:00,0.23,455.2,37910
2026-01-04 14:50:00+00:00,0.21,457.9,40219
2026-01-04 14:51:00+00:00,0.09,445.0,71171
2026-01-04 14:52:00+00:00,0.01,435.4,85097
2026-01-04 14:53:00+00:00,0.01,434.5,79226
2026-01-04 14:54:00+00:00,0.01,431.0,46539
2026-01-04 14:55:00+00:00,0.02,439.4,61854
2026-01-04 14:56:00+00:00,0.04,456.0,92483
2026-01-04 14:58:00+00:00,0.10,447.9,62506
2026-01-04 14:59:00+00:00,0.10,447.8,63248
2026-01-04 15:00:00+00:00,0.13,446.3,73631
2026-01-04 15:03:00+00:00,0.18,463.9,39744
2026-01-04 15:04:00+00:00,0.19,449.6,37284
2026-01-04 15:05:00+00:00,68.05,379.5,36669
2026-01-04 15:06:00+00:00,92.73,355.3,
2026-01-04 15:07:00+00:00,0.18,454.8,32399
2026-01-04 15:08:00+00:00,0.14,458.0,81593
2026-01-04 15:09:00+00:00,0.10,460.8,124637
2026-01-04 15:10:00+00:00,0.02,442.1,55773
2026-01-04 15:11:00+00:00,0.02,440.9,59173
2026-01-04 15:12:00+00:00,0.07,441.9,56184
2026-01-04 15:13:00+00:00,0.22,451.5,29267
2026-01-04 15:14:00+00:00,0.03,454.6,75036
2026-01-04 15:15:00+00:00,0.03,453.7,75537
2026-01-04 15:16:00+00:00,0.04,442.2,82543
2026-01-04 15:17:00+00:00,0.03,437.7,66718
2026-01-04 15:18:00+00:00,0.03,437.7,66718
2026-01-04 15:19:00+00:00,0.04,443.9,175387
2026-01-04 15:20:00+00:00,0.03,445.8,142068
2026-01-04 15:21:00+00:00,0.02,446.3,133738
2026-01-04 15:23:00+00:00,0.03,440.3,72366
2026-01-04 15:24:00+00:00,0.03,447.2,104536
2026-01-04 15:25:00+00:00,0.03,453.2,132686
2026-01-04 15:26:00+00:00,0.06,452.7,146426
2026-01-04 15:27:00+00:00,0.07,452.2,129181
2026-01-04 15:28:00+00:00,0.09,452.9,98225
2026-01-04 15:29:00+00:00,0.07,457.5,107949
2026-01-04 15:30:00+00:00,0.21,452.8,48930
2026-01-04 15:31:00+00:00,0.21,452.4,50361
2026-01-04 15:32:00+00:00,0.09,446.9,70385
2026-01-04 15:38:00+00:00,0.19,448.1,66446
2026-01-04 15:39:00+00:00,0.17,445.6,66733
2026-01-04 15:40:00+00:00,0.18,445.3,71873
2026-01-04 15:41:00+00:00,0.27,447.5,62588
2026-01-04 15:42:00+00:00,0.36,448.5,47029
2026-01-04 15:43:00+00:00,0.36,448.9,43904
2026-01-04 15:44:00+00:00,0.37,451.8,46077
2026-01-04 15:45:00+00:00,0.38,459.9,52052
2026-01-04 15:46:00+00:00,0.30,448.4,54909
2026-01-04 15:47:00+00:00,0.30,448.2,54369
2026-01-04 15:48:00+00:00,0.29,445.6,46807
2026-01-04 15:49:00+00:00,0.36,449.6,50602
2026-01-04 15:50:00+00:00,0.36,449.6,50602
2026-01-04 15:51:00+00:00,,,
2026-01-04 15:52:00+00:00,0.12,460.3,113501
2026-01-04 15:53:00+00:00,0.26,452.7,68232
2026-01-04 15:54:00+00:00,0.31,449.9,51770
2026-01-04 15:55:00+00:00,0.25,456.9,54806
2026-01-04 15:56:00+00:00,0.25,460.3,54323
2026-01-04 15:57:00+00:00,0.25,463.2,55305
2026-01-04 15:58:00+00:00,0.23,461.1,58971
2026-01-04 15:59:00+00:00,0.45,456.0,48467
2026-01-04 16:00:00+00:00,0.40,456.3,54845
2026-01-04 16:01:00+00:00,0.26,457.1,72383
2026-01-04 16:02:00+00:00,0.19,455.2,181812
2026-01-04 16:03:00+00:00,0.20,454.7,174097
2026-01-04 16:04:00+00:00,0.32,447.2,66082
2026-01-04 16:05:00+00:00,0.27,436.3,67534
2026-01-04 16:06:00+00:00,0.27,436.3,67534
2026-01-04 16:07:00+00:00,0.28,441.6,78307
2026-01-04 16:08:00+00:00,0.28,441.6,78307
2026-01-04 16:09:00+00:00,0.32,442.1,77237
2026-01-04 16:10:00+00:00,0.32,442.1,77237
2026-01-04 16:11:00+00:00,0.21,434.2,60220
2026-01-04 16:12:00+00:00,0.21,432.7,70239
2026-01-04 16:13:00+00:00,0.21,431.5,79006
2026-01-04 16:14:00+00:00,0.07,473.0,187235
2026-01-04 16:15:00+00:00,0.07,474.0,200644
2026-01-04 16:16:00+00:00,0.07,469.4,203994
2026-01-04 16:17:00+00:00,0.06,451.6,139462
2026-01-04 16:18:00+00:00,0.57,452.9,24633
2026-01-04 16:19:00+00:00,0.55,452.9,28073
2026-01-04 16:20:00+00:00,0.25,452.6,76236
2026-01-04 16:23:00+00:00,0.42,459.9,89562
2026-01-04 16:24:00+00:00,0.15,447.5,66076
2026-01-04 16:25:00+00:00,0.08,444.4,60205
2026-01-04 16:27:00+00:00,0.10,459.5,82012
2026-01-04 16:28:00+00:00,0.08,456.4,77571
2026-01-04 16:29:00+00:00,0.05,453.7,73684
2026-01-04 16:31:00+00:00,0.06,459.1,77098
2026-01-04 16:32:00+00:00,0.06,458.1,78135
2026-01-04 16:33:00+00:00,0.06,455.2,80987
2026-01-04 16:34:00+00:00,0.04,450.6,124113
2026-01-04 16:35:00+00:00,0.05,450.8,122355
2026-01-04 16:36:00+00:00,0.18,454.6,97743
2026-01-04 16:39:00+00:00,0.11,450.1,118181
2026-01-04 16:40:00+00:00,0.14,449.5,115047
2026-01-04 16:41:00+00:00,0.15,449.4,114264
2026-01-04 16:43:00+00:00,0.12,447.7,106609
2026-01-04 16:44:00+00:00,0.12,450.1,102219
2026-01-04 16:45:00+00:00,0.12,452.3,98378
2026-01-04 16:46:00+00:00,0.09,430.8,123261
2026-01-04 16:47:00+00:00,0.11,438.7,111996
2026-01-04 16:48:00+00:00,0.17,454.4,89467
2026-01-04 16:50:00+00:00,0.12,446.4,106270
2026-01-04 16:51:00+00:00,0.12,447.0,103991
2026-01-04 16:52:00+00:00,0.13,455.0,72075
2026-01-04 16:55:00+00:00,0.13,453.4,126546
2026-01-04 16:56:00+00:00,0.10,446.6,154604
2026-01-04 16:57:00+00:00,0.10,444.9,161619
2026-01-04 16:59:00+00:00,0.18,461.5,116948
2026-01-04 17:00:00+00:00,0.15,447.4,120899
2026-01-04 17:01:00+00:00,0.13,435.0,124356
2026-01-04 17:02:00+00:00,0.07,445.6,135291
2026-01-04 17:03:00+00:00,0.12,451.5,114768
2026-01-04 17:04:00+00:00,0.19,454.2,75895
2026-01-04 17:05:00+00:00,0.05,428.8,81868
2026-01-04 17:06:00+00:00,0.11,455.6,116999
2026-01-04 17:07:00+00:00,0.12,456.1,117164
2026-01-04 17:08:00+00:00,0.26,461.8,119469
2026-01-04 17:11:00+00:00,0.82,455.4,72269
2026-01-04 17:12:00+00:00,0.47,454.7,149668
2026-01-04 17:13:00+00:00,0.38,454.5,169018
2026-01-04 17:15:00+00:00,0.19,466.5,102251
2026-01-04 17:16:00+00:00,0.17,454.2,112482
2026-01-04 17:17:00+00:00,0.15,443.5,121435
2026-01-04 17:18:00+00:00,0.12,454.2,103790
2026-01-04 17:19:00+00:00,0.12,453.0,108551
2026-01-04 17:20:00+00:00,0.13,445.4,121374
2026-01-04 17:21:00+00:00,0.14,431.1,130452
2026-01-04 17:22:00+00:00,0.10,456.1,97986
2026-01-04 17:23:00+00:00,0.10,455.9,98437
2026-01-04 17:24:00+00:00,0.11,453.9,104754
2026-01-04 17:27:00+00:00,0.33,455.2,113163
2026-01-04 17:28:00+00:00,0.21,454.4,121643
2026-01-04 17:29:00+00:00,0.18,454.2,123764
2026-01-04 17:31:00+00:00,0.11,447.4,137091
2026-01-04 17:32:00+00:00,0.13,448.7,134247
2026-01-04 17:33:00+00:00,0.16,449.8,131758
2026-01-04 17:35:00+00:00,0.11,451.6,100920
2026-01-04 17:36:00+00:00,0.11,450.3,103574
2026-01-04 17:37:00+00:00,0.11,446.8,110872
2026-01-04 17:38:00+00:00,0.09,445.3,86170
2026-01-04 17:39:00+00:00,0.09,445.8,88264
2026-01-04 17:40:00+00:00,0.14,451.5,117582
2026-01-04 17:43:00+00:00,0.54,454.0,74366
2026-01-04 17:44:00+00:00,0.49,456.2,56459
2026-01-04 17:45:00+00:00,0.48,456.8,51983
2026-01-04 17:48:00+00:00,0.44,459.4,41210
2026-01-04 17:49:00+00:00,0.44,459.4,41210
2026-01-04 17:50:00+00:00,0.41,422.1,20972
2026-01-04 17:51:00+00:00,0.43,433.2,27507
2026-01-04 17:52:00+00:00,0.43,456.9,37937
2026-01-04 17:53:00+00:00,0.32,461.3,30676
2026-01-04 17:54:00+00:00,1.43,460.5,55032
2026-01-04 17:55:00+00:00,1.39,460.3,54452
2026-01-04 17:56:00+00:00,0.76,457.0,46324
2026-01-04 17:59:00+00:00,0.64,446.7,60439
2026-01-04 18:00:00+00:00,0.43,448.3,55558
2026-01-04 18:01:00+00:00,0.38,448.6,54338
2026-01-04 18:03:00+00:00,0.26,448.4,52501
2026-01-04 18:04:00+00:00,0.21,443.2,58944
2026-01-04 18:05:00+00:00,0.17,438.7,64581
2026-01-04 18:06:00+00:00,0.04,437.4,101745
2026-01-04 18:07:00+00:00,0.12,442.3,84362
2026-01-04 18:08:00+00:00,0.30,451.2,52231
2026-01-04 18:09:00+00:00,0.33,448.8,59478
2026-01-04 18:10:00+00:00,0.68,449.2,33272
2026-01-04 18:11:00+00:00,0.65,449.1,34095
2026-01-04 18:12:00+00:00,0.26,448.2,45624
2026-01-04 18:13:00+00:00,0.27,453.6,44755
2026-01-04 18:14:00+00:00,0.27,453.6,44755
2026-01-04 18:15:00+00:00,0.40,452.6,37585
2026-01-04 18:16:00+00:00,0.34,450.5,43593
2026-01-04 18:17:00+00:00,0.33,450.0,45096
2026-01-04 18:23:00+00:00,0.38,451.9,39044
2026-01-04 18:24:00+00:00,0.39,450.5,39349
2026-01-04 18:25:00+00:00,0.40,446.5,40189
2026-01-04 18:26:00+00:00,0.22,450.9,41113
2026-01-04 18:27:00+00:00,0.22,450.8,41874
2026-01-04 18:28:00+00:00,0.22,449.7,52532
2026-01-04 18:29:00+00:00,0.27,447.5,56153
2026-01-04 18:30:00+00:00,0.27,447.5,56153
2026-01-04 18:31:00+00:00,0.23,453.3,36386
2026-01-04 18:32:00+00:00,0.24,452.4,37764
2026-01-04 18:33:00+00:00,0.25,452.2,38109
2026-01-04 18:35:00+00:00,0.54,455.8,35338
2026-01-04 18:36:00+00:00,0.51,453.8,36943
2026-01-04 18:37:00+00:00,0.48,452.0,38347
2026-01-04 18:39:00+00:00,0.20,459.5,34774
2026-01-04 18:40:00+00:00,0.22,459.9,36693
2026-01-04 18:41:00+00:00,0.27,460.9,41969
2026-01-04 18:42:00+00:00,0.19,454.7,47378
2026-01-04 18:43:00+00:00,0.19,454.7,46470
2026-01-04 18:44:00+00:00,0.20,454.8,33759
2026-01-04 18:45:00+00:00,0.16,458.6,35561
2026-01-04 18:46:00+00:00,0.16,458.6,35561
2026-01-04 18:47:00+00:00,0.38,458.4,51402
2026-01-04 18:48:00+00:00,0.11,448.2,70889
2026-01-04 18:49:00+00:00,0.04,445.7,75760
2026-01-04 18:51:00+00:00,0.24,445.2,28667
2026-01-04 18:52:00+00:00,0.25,440.5,31860
2026-01-04 18:53:00+00:00,0.26,436.3,34655
2026-01-04 18:55:00+00:00,0.33,461.4,48137
2026-01-04 18:56:00+00:00,0.32,457.2,44699
2026-01-04 18:57:00+00:00,0.28,445.6,35244
2026-01-04 18:58:00+00:00,0.18,443.6,25490
2026-01-04 18:59:00+00:00,0.18,444.0,26013
2026-01-04 19:00:00+00:00,0.19,450.0,33330
2026-01-04 19:01:00+00:00,0.33,434.4,19796
2026-01-04 19:02:00+00:00,0.33,434.4,19796
2026-01-04 19:03:00+00:00,0.04,443.6,80120
2026-01-04 19:04:00+00:00,0.05,443.8,72174
2026-01-04 19:05:00+00:00,0.05,443.9,70187
2026-01-04 19:07:00+00:00,0.38,455.6,36445
2026-01-04 19:08:00+00:00,0.23,449.1,61724
2026-01-04 19:09:00+00:00,0.10,443.5,83844
2026-01-04 19:11:00+00:00,0.46,443.6,43699
2026-01-04 19:12:00+00:00,0.45,443.2,43546
2026-01-04 19:13:00+00:00,0.39,442.0,43124
2026-01-04 19:14:00+00:00,0.37,444.5,42320
2026-01-04 19:15:00+00:00,0.38,444.2,43614
2026-01-04 19:16:00+00:00,0.48,440.3,61717
2026-01-04 19:17:00+00:00,0.49,450.2,36290
2026-01-04 19:18:00+00:00,0.49,450.2,36290
2026-01-04 19:19:00+00:00,0.89,440.6,38364
2026-01-04 19:20:00+00:00,0.45,441.6,58019
2026-01-04 19:21:00+00:00,0.25,447.2,57902
2026-01-04 19:22:00+00:00,0.22,449.2,56073
2026-01-04 19:23:00+00:00,0.34,447.0,44509
2026-01-04 19:24:00+00:00,0.33,445.7,42931
2026-01-04 19:25:00+00:00,0.32,444.6,41551
2026-01-04 19:27:00+00:00,0.26,449.5,49276
2026-01-04 19:28:00+00:00,0.26,449.5,49276
2026-01-04 19:31:00+00:00,0.33,444.0,75340
2026-01-04 19:32:00+00:00,0.33,444.0,75340
2026-01-04 19:33:00+00:00,0.24,450.8,54141
2026-01-04 19:34:00+00:00,0.24,450.8,54141
2026-01-04 19:35:00+00:00,0.32,440.9,67748
2026-01-04 19:36:00+00:00,0.28,443.4,64289
2026-01-04 19:37:00+00:00,0.27,444.0,63424
2026-01-04 19:39:00+00:00,0.41,442.6,47718
2026-01-04 19:40:00+00:00,0.41,442.4,44591
2026-01-04 19:41:00+00:00,0.40,442.2,41856
2026-01-04 19:43:00+00:00,0.25,443.1,46438
2026-01-04 19:44:00+00:00,0.26,444.2,44292
2026-01-04 19:45:00+00:00,0.30,447.4,38389
2026-01-04 19:56:00+00:00,0.38,438.1,42141
2026-01-04 19:57:00+00:00,0.43,443.7,56261
2026-01-04 19:58:00+00:00,0.48,450.0,72398
2026-01-04 20:00:00+00:00,,,
2026-01-04 20:01:00+00:00,0.30,450.0,83976
2026-01-04 20:02:00+00:00,0.30,450.0,83976
2026-01-04 20:03:00+00:00,0.19,422.7,51649
2026-01-04 20:04:00+00:00,0.19,422.7,51649
2026-01-04 20:05:00+00:00,0.16,455.4,119634
2026-01-04 20:06:00+00:00,0.19,453.7,50646
2026-01-04 20:07:00+00:00,0.19,453.6,45718
2026-01-04 20:08:00+00:00,0.37,439.1,62622
2026-01-04 20:09:00+00:00,0.39,451.8,65279
2026-01-04 20:10:00+00:00,0.39,456.5,66245
2026-01-04 20:12:00+00:00,0.21,424.5,57393
2026-01-04 20:13:00+00:00,0.31,431.4,57195
2026-01-04 20:14:00+00:00,0.43,439.2,56970
2026-01-04 20:15:00+00:00,0.42,438.2,63111
2026-01-04 20:16:00+00:00,0.42,439.0,66636
2026-01-04 20:17:00+00:00,0.42,440.3,73585
2026-01-04 20:18:00+00:00,0.33,436.6,62607
2026-01-04 20:19:00+00:00,0.21,423.7,60551
2026-01-04 20:20:00+00:00,0.21,423.7,60551
2026-01-04 20:21:00+00:00,0.57,451.1,103309
2026-01-04 20:22:00+00:00,0.28,432.3,41445
2026-01-04 20:23:00+00:00,0.40,440.1,63129
2026-01-04 20:24:00+00:00,0.42,451.1,93596
2026-01-04 20:25:00+00:00,0.43,453.4,116630
2026-01-04 20:26:00+00:00,0.43,453.4,122601
2026-01-04 20:27:00+00:00,0.47,439.6,70983
2026-01-04 20:28:00+00:00,0.67,449.3,107099
2026-01-04 20:29:00+00:00,0.74,450.3,109821
2026-01-04 20:30:00+00:00,0.63,441.7,76817
2026-01-04 20:31:00+00:00,0.25,431.9,86989
2026-01-04 20:32:00+00:00,0.25,431.9,86989
2026-01-04 20:35:00+00:00,0.28,422.6,40602
2026-01-04 20:36:00+00:00,0.28,422.6,40602
2026-01-04 20:37:00+00:00,0.39,440.0,69841
2026-01-04 20:38:00+00:00,0.33,438.8,69014
2026-01-04 20:39:00+00:00,0.32,438.7,68955
2026-01-04 20:40:00+00:00,0.23,425.4,61591
2026-01-04 20:41:00+00:00,0.28,428.6,70039
2026-01-04 20:42:00+00:00,0.30,429.7,73112
2026-01-04 20:43:00+00:00,2.36,434.1,33156
2026-01-04 20:44:00+00:00,1.36,445.9,61100
2026-01-04 20:45:00+00:00,1.00,473.0,89231
2026-01-04 20:46:00+00:00,1.57,492.1,93437
2026-01-04 20:47:00+00:00,,,
2026-01-04 20:48:00+00:00,1.49,502.5,99711
2026-01-04 20:49:00+00:00,1.60,502.2,99175
2026-01-04 20:50:00+00:00,2.04,500.8,97033
2026-01-04 20:51:00+00:00,2.03,475.3,49951
2026-01-04 20:52:00+00:00,2.03,475.3,49951
2026-01-04 20:53:00+00:00,2.54,485.3,83457
2026-01-04 20:54:00+00:00,2.21,477.6,52372
2026-01-04 20:55:00+00:00,2.19,477.0,50151
2026-01-04 20:56:00+00:00,1.65,458.8,34303
2026-01-04 20:57:00+00:00,2.70,477.8,64461
2026-01-04 20:58:00+00:00,2.20,469.1,48697
2026-01-04 20:59:00+00:00,1.77,461.3,35331
2026-01-04 21:00:00+00:00,1.74,462.0,31171
2026-01-04 21:01:00+00:00,1.64,464.4,40092
2026-01-04 21:02:00+00:00,1.54,467.2,50289
2026-01-04 21:04:00+00:00,1.34,465.4,43469
2026-01-04 21:05:00+00:00,1.34,465.4,43469
2026-01-04 21:07:00+00:00,2.44,460.2,52949
2026-01-04 21:08:00+00:00,2.44,460.2,52949
2026-01-04 21:09:00+00:00,1.11,489.8,182860
2026-01-04 21:10:00+00:00,0.99,481.1,111604
2026-01-04 21:11:00+00:00,0.98,480.5,106515
2026-01-04 21:12:00+00:00,0.93,451.0,71211
2026-01-04 21:13:00+00:00,1.69,474.0,95778
2026-01-04 21:14:00+00:00,1.60,484.5,113307
2026-01-04 21:15:00+00:00,1.42,485.5,117604
2026-01-04 21:16:00+00:00,1.49,494.5,141802
2026-01-04 21:17:00+00:00,1.30,481.8,106432
2026-01-04 21:18:00+00:00,1.08,467.2,66010
2026-01-04 21:20:00+00:00,1.07,441.5,49588
2026-01-04 21:21:00+00:00,1.17,448.7,63474
2026-01-04 21:22:00+00:00,1.54,477.4,119019
2026-01-04 21:23:00+00:00,1.44,492.8,106878
2026-01-04 21:24:00+00:00,1.44,492.8,106878
2026-01-04 21:25:00+00:00,2.77,454.2,125111
2026-01-04 21:26:00+00:00,5.01,456.7,61533
2026-01-04 21:27:00+00:00,5.17,456.9,56992
2026-01-04 21:28:00+00:00,4.83,449.5,42437
2026-01-04 21:29:00+00:00,5.14,464.9,136616
2026-01-04 21:30:00+00:00,2.82,457.9,102701
2026-01-04 21:31:00+00:00,1.61,451.6,68620
2026-01-04 21:32:00+00:00,1.80,469.1,83911
2026-01-04 21:33:00+00:00,1.49,468.0,77970
2026-01-04 21:34:00+00:00,1.14,466.8,71180
2026-01-04 21:36:00+00:00,1.43,474.9,99940
2026-01-04 21:37:00+00:00,1.36,472.2,92376
2026-01-04 21:38:00+00:00,1.09,461.4,62120
2026-01-04 21:41:00+00:00,1.09,468.1,53710
2026-01-04 21:42:00+00:00,0.63,460.8,73877
2026-01-04 21:43:00+00:00,0.59,460.3,75317
2026-01-04 21:44:00+00:00,0.48,470.6,93310
2026-01-04 21:45:00+00:00,0.89,471.7,87695
2026-01-04 21:46:00+00:00,1.04,472.1,85653
2026-01-04 21:48:00+00:00,1.79,470.9,83571
2026-01-04 21:49:00+00:00,1.29,467.8,72097
2026-01-04 21:50:00+00:00,0.72,464.2,58983
2026-01-04 21:52:00+00:00,0.62,474.1,78766
2026-01-04 21:53:00+00:00,0.51,464.6,67027
2026-01-04 21:54:00+00:00,0.06,426.4,20071
2026-01-04 21:57:00+00:00,0.08,420.1,25808
2026-01-04 22:01:00+00:00,0.18,461.3,74642
2026-01-04 22:02:00+00:00,0.25,461.3,74642
2026-01-04 22:04:00+00:00,0.26,465.2,84974
2026-01-04 22:05:00+00:00,0.26,465.2,84974
2026-01-04 22:08:00+00:00,0.18,470.3,69724
2026-01-04 22:09:00+00:00,0.18,470.3,69724
2026-01-04 22:13:00+00:00,0.17,477.3,69185
2026-01-04 22:14:00+00:00,0.17,477.3,69185
2026-01-04 22:16:00+00:00,0.24,469.1,105647
2026-01-04 22:17:00+00:00,1.25,465.3,79821
2026-01-04 22:18:00+00:00,1.61,463.8,70430
2026-01-04 22:20:00+00:00,0.32,471.4,109906
2026-01-04 22:21:00+00:00,0.32,471.4,109906
2026-01-04 22:24:00+00:00,0.28,473.0,97191
2026-01-04 22:25:00+00:00,0.28,473.0,97191
2026-01-04 22:32:00+00:00,0.22,468.8,92950
2026-01-04 22:33:00+00:00,0.42,465.6,91101
2026-01-04 22:34:00+00:00,0.49,464.4,90428
2026-01-04 22:36:00+00:00,4.86,475.9,74132
2026-01-04 22:37:00+00:00,4.86,475.9,74132
2026-01-04 22:40:00+00:00,0.95,471.4,66983
2026-01-04 22:41:00+00:00,0.95,471.4,66983
2026-01-04 22:48:00+00:00,0.94,481.6,68367
2026-01-04 22:49:00+00:00,1.20,481.3,61721
2026-01-04 22:50:00+00:00,1.30,481.2,59304
2026-01-04 22:52:00+00:00,1.41,471.4,73571
2026-01-04 22:53:00+00:00,1.41,471.4,73571
2026-01-04 22:56:00+00:00,0.86,466.6,71086
2026-01-04 22:57:00+00:00,0.86,466.6,71086
2026-01-04 23:01:00+00:00,1.27,477.7,56853
2026-01-04 23:02:00+00:00,1.27,477.7,56853
2026-01-04 23:04:00+00:00,0.93,468.8,69830
2026-01-04 23:05:00+00:00,1.10,483.8,116357
2026-01-04 23:06:00+00:00,1.16,489.2,133276
2026-01-04 23:08:00+00:00,0.20,463.1,65240
2026-01-04 23:09:00+00:00,0.19,461.6,64797
2026-01-04 23:10:00+00:00,0.18,460.0,64291
2026-01-04 23:12:00+00:00,0.41,473.4,110770
2026-01-04 23:13:00+00:00,0.41,473.4,110770
2026-01-04 23:17:00+00:00,0.86,463.7,98136
2026-01-04 23:18:00+00:00,0.86,463.7,98136
2026-01-04 23:20:00+00:00,1.64,464.9,67442
2026-01-04 23:21:00+00:00,1.62,475.9,87877
2026-01-04 23:22:00+00:00,1.61,479.9,95309
2026-01-04 23:24:00+00:00,0.92,454.7,92365
2026-01-04 23:25:00+00:00,0.92,454.7,92365
2026-01-04 23:28:00+00:00,0.69,486.0,218912
2026-01-04 23:29:00+00:00,0.69,486.0,218912
2026-01-04 23:33:00+00:00,0.43,415.7,20966
2026-01-04 23:34:00+00:00,0.43,415.7,20966
2026-01-04 23:36:00+00:00,0.57,480.0,212437
2026-01-04 23:37:00+00:00,2.42,448.2,161425
2026-01-04 23:38:00+00:00,3.09,436.7,142876
2026-01-04 23:40:00+00:00,2.61,446.2,155008
2026-01-04 23:41:00+00:00,2.61,446.2,155008
2026-01-04 23:44:00+00:00,5.10,450.7,109191
2026-01-04 23:45:00+00:00,5.10,450.7,109191
2026-01-04 23:49:00+00:00,5.02,462.8,102275
2026-01-04 23:50:00+00:00,5.02,462.8,102275
2026-01-04 23:52:00+00:00,4.10,473.9,166798
2026-01-04 23:53:00+00:00,4.04,480.7,215664
2026-01-04 23:54:00+00:00,4.02,483.2,233434
2026-01-04 23:56:00+00:00,3.77,467.2,140790
2026-01-04 23:57:00+00:00,3.77,467.2,140790
2026-01-05 00:00:00+00:00,2.63,455.9,114948
2026-01-05 00:01:00+00:00,2.63,455.9,114948
2026-01-05 00:05:00+00:00,2.74,446.4,124099
2026-01-05 00:06:00+00:00,2.74,446.4,124099
2026-01-05 00:09:00+00:00,2.81,455.0,146636
2026-01-05 00:10:00+00:00,2.81,455.0,146636
2026-01-05 00:12:00+00:00,2.30,455.1,116701
2026-01-05 00:13:00+00:00,2.47,463.3,154538
2026-01-05 00:14:00+00:00,2.67,472.8,197780
2026-01-05 00:16:00+00:00,2.61,455.5,98841
2026-01-05 00:17:00+00:00,2.61,455.5,98841
2026-01-05 00:25:00+00:00,2.87,469.8,134506
2026-01-05 00:26:00+00:00,2.87,469.8,134506
2026-01-05 00:28:00+00:00,2.70,459.0,109482
2026-01-05 00:29:00+00:00,2.70,459.0,109482
2026-01-05 00:32:00+00:00,3.30,451.5,151874
2026-01-05 00:33:00+00:00,3.30,451.5,151874
2026-01-05 00:37:00+00:00,3.03,447.0,89161
2026-01-05 00:38:00+00:00,3.03,447.0,89161
2026-01-05 00:40:00+00:00,2.38,450.8,137517
2026-01-05 00:41:00+00:00,2.47,456.2,160806
2026-01-05 00:42:00+00:00,2.50,458.2,169274
2026-01-05 00:44:00+00:00,2.40,448.8,122555
2026-01-05 00:45:00+00:00,2.40,448.8,122555
2026-01-05 00:48:00+00:00,2.55,449.5,113687
2026-01-05 00:49:00+00:00,2.55,449.5,113687
2026-01-05 00:53:00+00:00,4.14,436.2,78449
2026-01-05 00:54:00+00:00,4.14,436.2,78449
2026-01-05 00:56:00+00:00,4.34,445.8,99607
2026-01-05 00:57:00+00:00,4.34,445.8,99607
2026-01-05 01:00:00+00:00,2.10,452.6,182358
2026-01-05 01:01:00+00:00,2.01,458.1,173193
2026-01-05 01:02:00+00:00,1.91,464.3,162718
2026-01-05 01:04:00+00:00,3.25,433.5,120890
2026-01-05 01:05:00+00:00,3.25,433.5,120890
2026-01-05 01:09:00+00:00,3.47,435.0,94201
2026-01-05 01:10:00+00:00,3.47,435.0,94201
2026-01-05 01:13:00+00:00,2.69,444.3,72929
2026-01-05 01:14:00+00:00,2.69,444.3,72929
2026-01-05 01:16:00+00:00,0.42,484.5,127281
2026-01-05 01:17:00+00:00,0.97,494.1,147283
2026-01-05 01:18:00+00:00,1.59,505.1,170142
2026-01-05 01:20:00+00:00,0.98,487.7,90277
2026-01-05 01:21:00+00:00,0.98,487.7,90277
2026-01-05 01:25:00+00:00,1.26,482.1,80807
2026-01-05 01:26:00+00:00,1.26,482.1,80807
2026-01-05 01:28:00+00:00,1.72,482.0,73583
2026-01-05 01:29:00+00:00,1.84,490.7,108257
2026-01-05 01:30:00+00:00,1.88,493.8,120866
2026-01-05 01:32:00+00:00,3.44,474.8,75879
2026-01-05 01:33:00+00:00,3.44,474.8,75879
2026-01-05 01:36:00+00:00,1.01,485.2,80964
2026-01-05 01:37:00+00:00,1.01,485.2,80964
2026-01-05 01:41:00+00:00,0.09,444.1,98414
2026-01-05 01:42:00+00:00,0.09,444.1,98414
2026-01-05 01:44:00+00:00,0.79,467.7,63467
2026-01-05 01:45:00+00:00,0.77,475.0,70191
2026-01-05 01:46:00+00:00,0.76,477.7,72636
2026-01-05 01:48:00+00:00,0.88,445.9,88642
2026-01-05 01:49:00+00:00,0.88,445.9,88642
2026-01-05 01:52:00+00:00,0.78,477.5,80996
2026-01-05 01:53:00+00:00,0.78,477.5,80996
2026-01-05 01:57:00+00:00,2.37,468.4,69113
2026-01-05 01:58:00+00:00,2.37,468.4,69113
2026-01-05 02:04:00+00:00,3.84,455.4,65686
2026-01-05 02:05:00+00:00,2.57,448.6,53590
2026-01-05 02:06:00+00:00,1.13,440.7,39765
2026-01-05 02:08:00+00:00,2.49,468.4,73979
2026-01-05 02:09:00+00:00,2.49,468.4,73979
2026-01-05 02:13:00+00:00,4.49,448.7,66729
2026-01-05 02:14:00+00:00,4.49,448.7,66729
2026-01-05 02:17:00+00:00,4.09,452.2,63817
2026-01-05 02:18:00+00:00,4.09,452.2,63817
2026-01-05 02:20:00+00:00,4.31,459.3,67500
2026-01-05 02:21:00+00:00,4.38,466.4,72650
2026-01-05 02:22:00+00:00,4.47,474.5,78536
2026-01-05 02:24:00+00:00,5.74,447.5,71112
2026-01-05 02:25:00+00:00,5.74,447.5,71112
2026-01-05 02:29:00+00:00,2.64,434.0,60647
2026-01-05 02:30:00+00:00,2.64,434.0,60647
2026-01-05 02:32:00+00:00,3.81,450.7,55886
2026-01-05 02:37:00+00:00,3.84,457.6,63886
2026-01-05 02:38:00+00:00,3.84,457.6,63886
2026-01-05 02:40:00+00:00,3.67,442.0,58403
2026-01-05 02:41:00+00:00,3.67,442.0,58403
2026-01-05 02:45:00+00:00,4.29,449.6,49082
2026-01-05 02:46:00+00:00,4.29,449.6,49082
2026-01-05 02:49:00+00:00,5.87,436.9,42806
2026-01-05 02:50:00+00:00,5.87,436.9,42806
2026-01-05 02:52:00+00:00,5.29,443.6,38825
2026-01-05 02:53:00+00:00,6.10,443.6,41792
2026-01-05 02:54:00+00:00,7.03,443.6,45183
2026-01-05 02:56:00+00:00,2.83,424.5,39340
2026-01-05 02:57:00+00:00,2.83,424.5,39340
2026-01-05 03:01:00+00:00,5.08,423.5,43274
2026-01-05 03:02:00+00:00,5.08,423.5,43274
2026-01-05 03:05:00+00:00,5.27,431.9,41591
2026-01-05 03:06:00+00:00,5.27,431.9,41591
2026-01-05 03:08:00+00:00,4.60,423.1,36731
2026-01-05 03:09:00+00:00,4.60,423.1,36731
2026-01-05 03:12:00+00:00,5.66,431.3,41013
2026-01-05 03:13:00+00:00,5.66,431.3,41013
2026-01-05 03:17:00+00:00,4.74,435.2,33780
2026-01-05 03:18:00+00:00,4.74,435.2,33780
2026-01-05 03:21:00+00:00,4.78,448.4,49237
2026-01-05 03:22:00+00:00,4.78,448.4,49237
2026-01-05 03:24:00+00:00,5.23,439.2,42440
2026-01-05 03:25:00+00:00,5.23,439.2,42440
2026-01-05 03:28:00+00:00,4.95,442.9,52486
2026-01-05 03:29:00+00:00,4.95,442.9,52486
2026-01-05 03:33:00+00:00,4.95,445.6,43724
2026-01-05 03:34:00+00:00,4.95,445.6,43724
2026-01-05 03:37:00+00:00,2.48,440.8,49782
2026-01-05 03:38:00+00:00,2.48,440.8,49782
2026-01-05 03:40:00+00:00,1.69,440.3,46727
2026-01-05 03:41:00+00:00,1.69,437.9,47028
2026-01-05 03:42:00+00:00,1.69,435.1,47372
2026-01-05 03:44:00+00:00,5.23,441.5,39403
2026-01-05 03:45:00+00:00,5.23,441.5,39403
2026-01-05 03:49:00+00:00,5.49,443.7,44853
2026-01-05 03:50:00+00:00,5.49,443.7,44853
2026-01-05 03:53:00+00:00,3.78,455.3,39393
2026-01-05 03:54:00+00:00,3.78,455.3,39393
2026-01-05 03:56:00+00:00,4.25,454.9,32306
2026-01-05 04:00:00+00:00,5.08,455.0,35675
2026-01-05 04:01:00+00:00,5.08,455.0,35675
2026-01-05 04:05:00+00:00,2.19,446.0,30785
2026-01-05 04:06:00+00:00,2.19,446.0,30785
2026-01-05 04:09:00+00:00,2.76,449.1,30422
2026-01-05 04:10:00+00:00,2.76,449.1,30422
2026-01-05 04:12:00+00:00,3.50,448.2,40209
2026-01-05 04:13:00+00:00,3.50,448.2,40209
2026-01-05 04:16:00+00:00,3.31,454.3,30198
2026-01-05 04:17:00+00:00,3.31,454.3,30198
2026-01-05 04:21:00+00:00,5.05,465.3,58533
2026-01-05 04:22:00+00:00,5.05,465.3,58533
2026-01-05 04:25:00+00:00,4.31,449.2,41787
2026-01-05 04:26:00+00:00,4.31,449.2,41787
2026-01-05 04:29:00+00:00,4.70,455.7,57107
2026-01-05 04:30:00+00:00,4.70,455.7,57107
2026-01-05 04:32:00+00:00,2.57,441.8,32599
2026-01-05 04:33:00+00:00,2.57,441.8,32599
2026-01-05 04:37:00+00:00,4.18,448.3,33950
2026-01-05 04:38:00+00:00,4.18,448.3,33950
2026-01-05 04:41:00+00:00,4.36,445.2,49823
2026-01-05 04:42:00+00:00,4.36,445.2,49823
2026-01-05 04:44:00+00:00,5.11,444.2,38439
2026-01-05 04:45:00+00:00,5.11,444.2,38439
2026-01-05 04:53:00+00:00,4.00,428.0,48109
2026-01-05 04:54:00+00:00,4.00,428.0,48109
2026-01-05 04:57:00+00:00,2.45,444.4,35412
2026-01-05 04:58:00+00:00,2.45,444.4,35412
2026-01-05 05:00:00+00:00,1.55,441.3,24692
2026-01-05 05:01:00+00:00,1.55,441.3,24692
2026-01-05 05:04:00+00:00,4.66,440.6,33587
2026-01-05 05:05:00+00:00,4.66,440.6,33587
2026-01-05 05:09:00+00:00,4.40,440.4,46901
2026-01-05 05:10:00+00:00,4.40,440.4,46901
2026-01-05 05:13:00+00:00,2.72,438.0,52396
2026-01-05 05:14:00+00:00,2.72,438.0,52396
2026-01-05 05:17:00+00:00,3.05,424.6,58217
2026-01-05 05:18:00+00:00,3.05,424.6,58217
2026-01-05 05:20:00+00:00,5.59,426.0,57403
2026-01-05 05:21:00+00:00,5.59,426.0,57403
2026-01-05 05:25:00+00:00,5.05,432.5,47517
2026-01-05 05:26:00+00:00,5.05,432.5,47517
2026-01-05 05:29:00+00:00,4.93,432.1,53959
2026-01-05 05:30:00+00:00,4.93,432.1,53959
2026-01-05 05:33:00+00:00,3.87,418.8,33545
2026-01-05 05:34:00+00:00,3.87,418.8,33545
2026-01-05 05:36:00+00:00,5.03,439.9,76321
2026-01-05 05:37:00+00:00,5.03,439.9,76321
2026-01-05 05:41:00+00:00,4.74,440.9,70462
2026-01-05 05:42:00+00:00,4.74,440.9,70462
2026-01-05 05:45:00+00:00,4.57,442.0,65307
2026-01-05 05:46:00+00:00,4.57,442.0,65307
2026-01-05 05:49:00+00:00,4.42,433.2,57477
2026-01-05 05:50:00+00:00,4.42,433.2,57477
2026-01-05 05:52:00+00:00,5.05,439.0,46278
2026-01-05 05:53:00+00:00,5.05,439.0,46278
2026-01-05 05:57:00+00:00,4.78,431.7,49608
2026-01-05 05:58:00+00:00,4.78,431.7,49608
2026-01-05 06:01:00+00:00,4.40,436.0,43592
2026-01-05 06:02:00+00:00,4.40,436.0,43592
2026-01-05 06:04:00+00:00,4.37,432.5,50090
2026-01-05 06:05:00+00:00,4.37,432.5,50090
2026-01-05 06:08:00+00:00,4.61,434.6,50455
2026-01-05 06:09:00+00:00,4.61,434.6,50455
2026-01-05 06:13:00+00:00,4.78,438.3,63126
2026-01-05 06:14:00+00:00,4.78,438.3,63126
2026-01-05 06:17:00+00:00,3.94,436.5,52705
2026-01-05 06:18:00+00:00,3.94,436.5,52705
2026-01-05 06:21:00+00:00,4.22,433.9,59073
2026-01-05 06:22:00+00:00,4.22,433.9,59073
2026-01-05 06:24:00+00:00,5.15,447.9,53949
2026-01-05 06:25:00+00:00,5.15,447.9,53949
2026-01-05 06:29:00+00:00,4.73,439.6,73471
2026-01-05 06:30:00+00:00,4.73,439.6,73471
2026-01-05 06:33:00+00:00,4.93,437.3,77529
2026-01-05 06:34:00+00:00,4.93,437.3,77529
2026-01-05 06:37:00+00:00,3.93,424.3,53067
2026-01-05 06:38:00+00:00,3.93,424.3,53067
2026-01-05 06:40:00+00:00,4.71,434.1,73997
2026-01-05 06:41:00+00:00,4.71,434.1,73997
2026-01-05 06:45:00+00:00,4.14,433.5,72378
2026-01-05 06:46:00+00:00,4.14,433.5,72378
2026-01-05 06:49:00+00:00,4.64,435.2,93079
2026-01-05 06:50:00+00:00,4.64,435.2,93079
2026-01-05 06:53:00+00:00,4.54,446.4,105697
2026-01-05 06:54:00+00:00,4.54,446.4,105697
2026-01-05 06:56:00+00:00,4.14,439.4,82802
2026-01-05 06:57:00+00:00,4.13,442.0,88257
2026-01-05 06:58:00+00:00,4.08,452.6,110078
2026-01-05 07:05:00+00:00,4.31,436.2,58055
2026-01-05 07:06:00+00:00,4.31,436.2,58055
2026-01-05 07:09:00+00:00,2.38,418.9,28648
2026-01-05 07:10:00+00:00,2.38,418.9,28648
2026-01-05 07:12:00+00:00,4.07,436.2,57130
2026-01-05 07:13:00+00:00,4.07,436.2,57130
2026-01-05 07:17:00+00:00,4.48,438.6,54797
2026-01-05 07:18:00+00:00,4.48,438.6,54797
2026-01-05 07:21:00+00:00,3.89,426.4,73932
2026-01-05 07:22:00+00:00,3.89,426.4,73932
2026-01-05 07:25:00+00:00,3.61,449.1,81811
2026-01-05 07:26:00+00:00,3.61,449.1,81811
2026-01-05 07:28:00+00:00,3.61,431.8,72216
2026-01-05 07:29:00+00:00,3.61,431.8,72216
2026-01-05 08:21:00+00:00,3.42,426.9,58515
2026-01-05 08:22:00+00:00,3.42,426.9,58515
2026-01-05 08:25:00+00:00,3.01,423.1,49647
2026-01-05 08:26:00+00:00,2.75,419.1,49277
2026-01-05 08:27:00+00:00,2.15,416.5,54713
2026-01-05 08:28:00+00:00,1.38,407.0,41442
2026-01-05 08:29:00+00:00,1.48,407.8,42186
2026-01-05 08:30:00+00:00,2.11,419.0,62015
2026-01-05 08:31:00+00:00,2.52,424.0,77393
2026-01-05 08:32:00+00:00,3.32,419.8,78921
2026-01-05 08:33:00+00:00,3.37,398.8,29986
2026-01-05 08:34:00+00:00,2.25,418.8,57262
2026-01-05 08:35:00+00:00,3.58,422.8,63493
2026-01-05 08:36:00+00:00,7.24,435.1,39167
2026-01-05 08:37:00+00:00,2.27,421.1,50667
2026-01-05 08:38:00+00:00,2.09,420.3,48662
2026-01-05 08:39:00+00:00,2.20,422.6,52770
2026-01-05 08:40:00+00:00,2.21,423.0,53326
2026-01-05 08:41:00+00:00,1.90,420.8,54423
2026-01-05 08:42:00+00:00,1.94,415.8,38936
2026-01-05 08:43:00+00:00,1.92,416.0,38623
2026-01-05 08:44:00+00:00,1.49,411.5,33311
2026-01-05 08:45:00+00:00,1.58,412.9,34559
2026-01-05 08:46:00+00:00,2.37,422.4,50510
2026-01-05 08:47:00+00:00,2.73,423.9,56111
2026-01-05 08:48:00+00:00,1.96,412.4,42544
2026-01-05 08:49:00+00:00,1.27,400.6,35879
2026-01-05 08:50:00+00:00,3.83,428.6,88073
2026-01-05 08:51:00+00:00,4.66,433.2,111217
2026-01-05 08:52:00+00:00,6.61,430.9,24822
2026-01-05 08:53:00+00:00,2.15,400.2,22137
2026-01-05 08:54:00+00:00,3.25,420.2,43920
2026-01-05 08:55:00+00:00,3.54,423.5,50031
2026-01-05 08:56:00+00:00,3.21,426.1,50516
2026-01-05 08:57:00+00:00,3.12,422.3,46108
2026-01-05 08:58:00+00:00,3.30,423.4,47847
2026-01-05 08:59:00+00:00,3.34,423.5,49663
2026-01-05 09:00:00+00:00,2.43,414.6,39535
2026-01-05 09:01:00+00:00,2.44,414.1,38049
2026-01-05 09:02:00+00:00,3.57,424.2,53434
2026-01-05 09:03:00+00:00,3.55,425.2,57001
2026-01-05 09:04:00+00:00,2.21,411.7,35467
2026-01-05 09:05:00+00:00,1.64,400.9,23079
2026-01-05 09:06:00+00:00,3.34,422.4,50628
2026-01-05 09:07:00+00:00,4.12,430.3,66905
2026-01-05 09:08:00+00:00,7.19,432.9,30217
2026-01-05 09:09:00+00:00,3.17,399.7,20016
2026-01-05 09:10:00+00:00,3.37,432.7,77069
2026-01-05 09:11:00+00:00,3.54,421.0,68556
2026-01-05 09:12:00+00:00,2.53,413.8,59450
2026-01-05 09:13:00+00:00,2.30,412.5,57748
2026-01-05 09:14:00+00:00,1.84,403.6,40065
2026-01-05 09:15:00+00:00,2.51,412.8,59903
2026-01-05 09:16:00+00:00,2.17,405.9,45604
2026-01-05 09:17:00+00:00,2.15,403.1,40961
2026-01-05 09:18:00+00:00,2.91,411.9,64349
2026-01-05 09:19:00+00:00,2.86,414.1,65520
2026-01-05 09:20:00+00:00,2.17,410.8,45915
2026-01-05 09:21:00+00:00,1.56,400.7,29076
2026-01-05 09:22:00+00:00,2.04,414.1,50247
2026-01-05 09:23:00+00:00,2.45,420.1,67643
2026-01-05 09:24:00+00:00,2.05,414.9,61835
2026-01-05 09:25:00+00:00,2.94,415.3,65743
2026-01-05 09:26:00+00:00,3.30,423.4,95041
2026-01-05 09:27:00+00:00,3.45,421.7,89604
2026-01-05 09:28:00+00:00,3.14,417.7,74799
2026-01-05 09:29:00+00:00,2.83,414.9,67325
2026-01-05 09:30:00+00:00,3.14,419.2,83723
2026-01-05 09:31:00+00:00,2.98,416.2,75218
2026-01-05 09:32:00+00:00,3.01,412.5,65743
2026-01-05 09:33:00+00:00,3.22,412.7,68326
2026-01-05 09:34:00+00:00,3.27,413.6,68664
2026-01-05 09:35:00+00:00,3.33,414.1,66439
2026-01-05 09:36:00+00:00,3.12,407.4,54160
2026-01-05 09:37:00+00:00,3.14,408.9,56185
2026-01-05 09:38:00+00:00,3.19,414.9,65041
2026-01-05 09:39:00+00:00,3.08,416.9,73176
2026-01-05 09:40:00+00:00,2.81,418.0,66929
2026-01-05 09:41:00+00:00,3.18,416.8,67802
2026-01-05 09:42:00+00:00,3.03,415.8,67042
2026-01-05 09:43:00+00:00,3.08,414.8,66401
2026-01-05 09:44:00+00:00,3.09,414.7,66322
2026-01-05 09:47:00+00:00,2.85,416.6,43064
2026-01-05 09:48:00+00:00,3.10,420.4,57747
2026-01-05 09:49:00+00:00,3.36,421.6,67006
2026-01-05 09:50:00+00:00,3.31,421.1,62603
2026-01-05 09:51:00+00:00,2.75,423.1,59248
2026-01-05 09:52:00+00:00,2.24,423.4,56190
2026-01-05 09:53:00+00:00,3.00,425.2,55014
2026-01-05 09:54:00+00:00,3.06,424.6,55669
2026-01-05 09:55:00+00:00,2.62,412.1,52199
2026-01-05 09:56:00+00:00,2.35,410.1,61170
2026-01-05 09:57:00+00:00,2.78,414.0,53861
2026-01-05 09:58:00+00:00,3.32,419.8,89564
2026-01-05 09:59:00+00:00,3.40,420.9,81119
2026-01-05 10:01:00+00:00,2.06,410.4,51088
2026-01-05 10:02:00+00:00,2.97,416.8,67260
2026-01-05 10:03:00+00:00,3.23,420.0,73291
2026-01-05 10:04:00+00:00,3.20,415.6,65631
2026-01-05 10:05:00+00:00,3.01,410.4,56563
2026-01-05 10:06:00+00:00,2.93,410.5,53771
2026-01-05 10:07:00+00:00,2.99,414.0,58235
2026-01-05 10:08:00+00:00,3.05,415.3,62279
2026-01-05 10:09:00+00:00,3.00,413.3,58086
2026-01-05 10:10:00+00:00,3.81,423.4,95742
2026-01-05 10:11:00+00:00,3.78,423.2,93953
2026-01-05 10:12:00+00:00,3.34,421.6,73940
2026-01-05 10:13:00+00:00,3.07,411.4,54570
2026-01-05 10:14:00+00:00,3.13,423.2,75227
2026-01-05 10:15:00+00:00,3.18,421.0,71130
2026-01-05 10:16:00+00:00,2.61,411.3,53360
2026-01-05 10:17:00+00:00,2.76,410.3,51774
2026-01-05 10:18:00+00:00,2.98,417.8,70742
2026-01-05 10:19:00+00:00,3.04,421.1,79185
2026-01-05 10:20:00+00:00,2.65,393.4,35196
2026-01-05 10:21:00+00:00,2.59,410.5,65421
2026-01-05 10:22:00+00:00,2.92,429.2,120178
2026-01-05 10:23:00+00:00,3.55,425.5,122556
2026-01-05 10:24:00+00:00,3.50,416.4,60326
2026-01-05 10:25:00+00:00,2.95,413.6,39378
2026-01-05 10:26:00+00:00,3.41,419.0,54225
2026-01-05 10:27:00+00:00,3.34,418.2,53260
2026-01-05 10:28:00+00:00,2.60,410.1,42653
2026-01-05 10:29:00+00:00,3.15,411.9,42639
2026-01-05 10:30:00+00:00,3.06,411.9,42667
2026-01-05 10:31:00+00:00,3.27,414.7,43586
2026-01-05 10:32:00+00:00,3.09,416.4,46492
2026-01-05 10:33:00+00:00,2.96,413.3,42132
2026-01-05 10:34:00+00:00,3.28,423.6,68304
2026-01-05 10:35:00+00:00,3.10,420.6,57891
2026-01-05 10:36:00+00:00,2.95,415.0,44999
2026-01-05 10:37:00+00:00,2.23,406.6,34380
2026-01-05 10:38:00+00:00,1.64,401.2,26065
2026-01-05 10:39:00+00:00,2.26,407.7,35698
2026-01-05 10:40:00+00:00,2.81,410.9,41807
2026-01-05 10:41:00+00:00,2.73,408.9,41166
2026-01-05 10:42:00+00:00,3.05,416.7,46008
2026-01-05 10:43:00+00:00,3.06,416.4,45980
2026-01-05 10:44:00+00:00,3.17,412.9,45563
2026-01-05 10:45:00+00:00,2.64,413.4,39372
2026-01-05 10:46:00+00:00,2.64,,
2026-01-05 10:47:00+00:00,3.93,421.2,68626
2026-01-05 10:48:00+00:00,2.80,415.5,47871
2026-01-05 10:49:00+00:00,2.63,412.3,39433
2026-01-05 10:50:00+00:00,3.05,416.7,56518
2026-01-05 10:51:00+00:00,3.04,415.8,52203
2026-01-05 10:52:00+00:00,2.92,413.9,44237
2026-01-05 10:53:00+00:00,3.64,419.7,57097
2026-01-05 10:54:00+00:00,3.70,421.0,59610
2026-01-05 10:55:00+00:00,3.38,418.4,53159
2026-01-05 10:56:00+00:00,2.72,411.9,37577
2026-01-05 10:57:00+00:00,3.03,414.7,44076
2026-01-05 10:58:00+00:00,3.09,410.0,39854
2026-01-05 10:59:00+00:00,2.54,411.7,36173
2026-01-05 11:00:00+00:00,3.57,423.9,51113
2026-01-05 11:01:00+00:00,3.29,413.2,39709
2026-01-05 11:02:00+00:00,3.57,415.9,42434
2026-01-05 11:03:00+00:00,3.77,415.7,48172
2026-01-05 11:04:00+00:00,2.52,414.3,34281
2026-01-05 11:05:00+00:00,2.81,411.1,35879
2026-01-05 11:06:00+00:00,3.19,417.5,48112
2026-01-05 11:07:00+00:00,3.85,421.3,56680
2026-01-05 11:08:00+00:00,3.51,415.9,48372
2026-01-05 11:09:00+00:00,2.20,402.3,27477
2026-01-05 11:10:00+00:00,1.53,396.2,18701
2026-01-05 11:11:00+00:00,2.50,407.7,34840
2026-01-05 11:12:00+00:00,3.84,417.7,49051
2026-01-05 11:13:00+00:00,3.46,412.2,37510
2026-01-05 11:14:00+00:00,3.70,412.2,34596
2026-01-05 11:15:00+00:00,3.66,412.1,34533
2026-01-05 11:16:00+00:00,3.21,410.3,33926
2026-01-05 11:17:00+00:00,3.89,415.0,38475
2026-01-05 11:18:00+00:00,3.82,418.0,37927
2026-01-05 11:19:00+00:00,4.45,418.8,41200
2026-01-05 11:20:00+00:00,4.30,418.0,46534
2026-01-05 11:21:00+00:00,3.91,412.7,38471
2026-01-05 11:22:00+00:00,4.34,417.0,49638
2026-01-05 11:23:00+00:00,4.86,418.8,53173
2026-01-05 11:24:00+00:00,3.85,414.2,42173
2026-01-05 11:25:00+00:00,2.89,411.0,34728
2026-01-05 11:26:00+00:00,5.20,425.8,76903
2026-01-05 11:27:00+00:00,4.24,418.7,56831
2026-01-05 11:28:00+00:00,2.93,409.0,25138
2026-01-05 11:29:00+00:00,4.09,417.9,39263
2026-01-05 11:30:00+00:00,4.02,408.8,48052
2026-01-05 11:31:00+00:00,3.94,408.6,46317
2026-01-05 11:32:00+00:00,3.12,406.7,27323
2026-01-05 11:33:00+00:00,3.56,407.3,32913
2026-01-05 11:34:00+00:00,3.56,,
2026-01-05 11:35:00+00:00,5.05,417.8,55472
2026-01-05 11:36:00+00:00,3.78,413.7,38841
2026-01-05 11:37:00+00:00,3.66,410.6,36122
2026-01-05 11:38:00+00:00,4.14,415.7,51583
2026-01-05 11:39:00+00:00,4.65,419.7,53390
2026-01-05 11:40:00+00:00,4.07,417.2,44014
2026-01-05 11:41:00+00:00,3.54,412.4,39187
2026-01-05 11:42:00+00:00,3.82,414.2,47044
2026-01-05 11:43:00+00:00,4.30,419.1,56843
2026-01-05 11:44:00+00:00,4.06,416.5,48595
2026-01-05 11:45:00+00:00,2.40,413.6,33055
2026-01-05 11:46:00+00:00,2.54,413.6,39213
2026-01-05 11:47:00+00:00,2.76,422.7,52494
2026-01-05 11:48:00+00:00,3.39,416.7,56383
2026-01-05 11:49:00+00:00,3.43,412.0,31513
2026-01-05 11:50:00+00:00,3.63,415.4,39043
2026-01-05 11:51:00+00:00,4.23,416.0,50113
2026-01-05 11:52:00+00:00,3.73,413.1,39992
2026-01-05 11:53:00+00:00,3.41,413.4,32742
2026-01-05 11:54:00+00:00,3.71,414.6,41601
2026-01-05 11:55:00+00:00,3.79,415.4,42114
2026-01-05 11:56:00+00:00,3.60,416.8,41283
2026-01-05 11:57:00+00:00,3.54,415.1,40332
2026-01-05 11:58:00+00:00,3.58,412.2,37696
2026-01-05 11:59:00+00:00,3.79,423.7,62232
2026-01-05 12:00:00+00:00,3.75,420.0,54222
2026-01-05 12:01:00+00:00,3.65,410.6,34675
2026-01-05 12:02:00+00:00,3.84,411.6,39309
2026-01-05 12:03:00+00:00,4.68,417.8,50596
2026-01-05 12:04:00+00:00,4.01,412.3,45941
2026-01-05 12:05:00+00:00,3.47,405.6,39781
2026-01-05 12:06:00+00:00,3.47,,
2026-01-05 12:07:00+00:00,3.91,412.4,46737
2026-01-05 12:08:00+00:00,2.91,418.1,61392
2026-01-05 12:09:00+00:00,1.47,414.5,46507
2026-01-05 12:10:00+00:00,1.44,418.2,77941
2026-01-05 12:11:00+00:00,1.63,423.1,76791
2026-01-05 12:12:00+00:00,1.32,419.2,65963
2026-01-05 12:13:00+00:00,0.72,404.6,57283
2026-01-05 12:14:00+00:00,0.46,396.0,49468
2026-01-05 12:15:00+00:00,0.72,403.9,60561
2026-01-05 12:16:00+00:00,1.25,414.8,67144
2026-01-05 12:17:00+00:00,1.96,419.4,45266
2026-01-05 12:18:00+00:00,1.88,411.1,40102
2026-01-05 12:19:00+00:00,1.92,411.6,40494
2026-01-05 12:20:00+00:00,2.41,416.1,44802
2026-01-05 12:21:00+00:00,1.94,411.4,44554
2026-01-05 12:22:00+00:00,1.32,413.4,62122
2026-01-05 12:23:00+00:00,1.47,419.8,95027
2026-01-05 12:24:00+00:00,1.75,423.9,101102
2026-01-05 12:25:00+00:00,1.81,425.8,84426
2026-01-05 12:26:00+00:00,1.41,417.7,55753
2026-01-05 12:27:00+00:00,1.56,419.8,53567
2026-01-05 12:28:00+00:00,1.90,429.0,72214
2026-01-05 12:29:00+00:00,2.00,433.6,83166
2026-01-05 12:33:00+00:00,1.72,422.9,82330
2026-01-05 12:34:00+00:00,1.65,423.6,85377
2026-01-05 12:35:00+00:00,1.30,427.6,100267
2026-01-05 12:36:00+00:00,1.41,424.3,73942
2026-01-05 12:37:00+00:00,2.10,418.0,64966
2026-01-05 12:38:00+00:00,1.75,419.5,56514
2026-01-05 12:39:00+00:00,2.43,411.6,41820
2026-01-05 12:40:00+00:00,1.72,417.9,71942
2026-01-05 12:41:00+00:00,1.43,420.2,83688
2026-01-05 12:42:00+00:00,1.70,421.0,78702
2026-01-05 12:43:00+00:00,1.73,419.0,75821
2026-01-05 12:44:00+00:00,1.05,412.7,58985
2026-01-05 12:45:00+00:00,1.29,420.2,60811
2026-01-05 12:46:00+00:00,1.64,424.3,65093
2026-01-05 12:47:00+00:00,0.76,418.5,59891
2026-01-05 12:48:00+00:00,0.41,424.0,74794
2026-01-05 12:49:00+00:00,0.76,410.3,54929
2026-01-05 12:50:00+00:00,0.66,409.6,50403
2026-01-05 12:51:00+00:00,0.67,409.5,50686
2026-01-05 12:52:00+00:00,0.82,409.3,53797
2026-01-05 12:54:00+00:00,0.64,411.4,62159
2026-01-05 12:55:00+00:00,0.63,408.7,58714
2026-01-05 12:56:00+00:00,0.58,417.1,70434
2026-01-05 12:57:00+00:00,0.49,411.4,59050
2026-01-05 12:58:00+00:00,0.46,416.7,74374
2026-01-05 12:59:00+00:00,0.52,419.7,79247
2026-01-05 13:00:00+00:00,0.63,413.4,64415
2026-01-05 13:01:00+00:00,0.74,408.5,50895
2026-01-05 13:02:00+00:00,0.81,410.0,44810
2026-01-05 13:03:00+00:00,0.83,412.1,41719
2026-01-05 13:07:00+00:00,0.95,418.6,75543
2026-01-05 13:08:00+00:00,0.94,418.5,75187
2026-01-05 13:09:00+00:00,0.81,411.2,54171
2026-01-05 13:10:00+00:00,0.88,414.1,52561
2026-01-05 13:11:00+00:00,0.97,409.4,48020
2026-01-05 13:12:00+00:00,0.55,411.2,45384
2026-01-05 13:13:00+00:00,0.52,408.0,40048
2026-01-05 13:14:00+00:00,0.55,407.1,42590
2026-01-05 13:15:00+00:00,0.61,410.9,68910
2026-01-05 13:16:00+00:00,0.59,411.3,64763
2026-01-05 13:17:00+00:00,0.57,410.3,50134
2026-01-05 13:18:00+00:00,0.51,414.7,66917
2026-01-05 13:19:00+00:00,0.30,426.3,85904
2026-01-05 13:20:00+00:00,0.23,432.1,81296
2026-01-05 13:21:00+00:00,0.37,416.2,79635
2026-01-05 13:22:00+00:00,0.38,411.1,64973
2026-01-05 13:23:00+00:00,0.56,413.3,43136
2026-01-05 13:24:00+00:00,0.54,410.8,42847
2026-01-05 13:25:00+00:00,0.39,405.6,44435
2026-01-05 13:26:00+00:00,0.66,410.2,62660
2026-01-05 13:27:00+00:00,0.53,410.3,52231
2026-01-05 13:28:00+00:00,0.35,413.8,46139
2026-01-05 13:29:00+00:00,0.27,415.7,45012
2026-01-05 13:30:00+00:00,0.26,416.0,44980
2026-01-05 13:32:00+00:00,0.96,408.9,36620
2026-01-05 13:33:00+00:00,0.96,408.9,36620
2026-01-05 13:34:00+00:00,1.04,401.9,32125
2026-01-05 13:35:00+00:00,1.04,401.9,32125
2026-01-05 13:36:00+00:00,1.22,404.9,48663
2026-01-05 13:37:00+00:00,2.20,396.0,59108
2026-01-05 13:38:00+00:00,5.73,363.7,96871
2026-01-05 13:43:00+00:00,0.81,410.5,45012
2026-01-05 13:44:00+00:00,0.81,410.5,45012
2026-01-05 13:45:00+00:00,0.86,426.1,70520
2026-01-05 13:46:00+00:00,1.59,397.8,85196
2026-01-05 13:47:00+00:00,1.57,397.2,66775
2026-01-05 13:48:00+00:00,1.56,408.7,64894
2026-01-05 13:49:00+00:00,1.72,411.7,76183
2026-01-05 13:50:00+00:00,0.89,407.6,35439
2026-01-05 13:51:00+00:00,0.89,407.6,35439
2026-01-05 13:54:00+00:00,0.45,396.5,30936
2026-01-05 13:55:00+00:00,0.45,396.5,30936
2026-01-05 13:58:00+00:00,0.24,390.1,29577
2026-01-05 13:59:00+00:00,0.19,405.1,28438
2026-01-05 14:00:00+00:00,0.66,403.6,32945
2026-01-05 14:01:00+00:00,0.74,406.3,34369
2026-01-05 14:02:00+00:00,1.13,410.9,48726
2026-01-05 14:03:00+00:00,1.32,412.6,55321
2026-01-05 14:04:00+00:00,1.56,424.6,76465
2026-01-05 14:05:00+00:00,1.56,424.6,76465
2026-01-05 14:06:00+00:00,0.43,409.3,62551
2026-01-05 14:07:00+00:00,0.46,404.4,82028
2026-01-05 14:08:00+00:00,0.48,396.9,108128
2026-01-05 14:09:00+00:00,0.49,402.3,72883
2026-01-05 14:10:00+00:00,0.84,406.6,38853
2026-01-05 14:11:00+00:00,0.50,404.4,46194
2026-01-05 14:16:00+00:00,0.75,420.1,43563
2026-01-05 14:17:00+00:00,0.75,420.1,43563
2026-01-05 14:18:00+00:00,1.52,429.4,47694
2026-01-05 14:19:00+00:00,1.52,429.4,47694
2026-01-05 14:21:00+00:00,0.82,409.3,43839
2026-01-05 14:22:00+00:00,0.85,410.9,45303
2026-01-05 14:23:00+00:00,0.90,413.2,47352
2026-01-05 14:25:00+00:00,1.02,405.5,59518
2026-01-05 14:26:00+00:00,1.00,407.9,60088
2026-01-05 14:27:00+00:00,0.90,421.3,63318
2026-01-05 14:28:00+00:00,1.16,,
2026-01-05 14:29:00+00:00,1.16,428.5,109877
2026-01-05 14:30:00+00:00,6.19,350.2,48719
2026-01-05 14:31:00+00:00,2.15,387.2,89965
2026-01-05 14:32:00+00:00,1.58,392.6,95838
2026-01-05 14:33:00+00:00,0.98,427.2,72062
2026-01-05 14:34:00+00:00,0.80,418.3,39132
2026-01-05 14:35:00+00:00,0.71,414.2,23872
2026-01-05 14:37:00+00:00,0.85,432.2,57949
2026-01-05 14:38:00+00:00,0.58,429.2,56530
2026-01-05 14:39:00+00:00,0.21,425.1,54545
2026-01-05 14:40:00+00:00,0.33,422.3,78465
2026-01-05 14:41:00+00:00,0.33,422.3,78465
2026-01-05 14:49:00+00:00,0.49,410.3,49986
2026-01-05 14:50:00+00:00,1.05,379.4,46356
2026-01-05 14:51:00+00:00,1.00,387.5,46183
2026-01-05 14:52:00+00:00,0.81,401.4,47122
2026-01-05 14:54:00+00:00,0.62,394.8,38424
2026-01-05 14:55:00+00:00,0.57,395.9,41086
2026-01-05 14:56:00+00:00,0.52,402.0,60932
2026-01-05 14:57:00+00:00,0.58,412.1,98626
2026-01-05 14:59:00+00:00,0.55,419.1,165110
2026-01-05 15:00:00+00:00,0.55,418.9,164349
2026-01-05 15:01:00+00:00,0.49,409.1,119427
2026-01-05 15:02:00+00:00,0.49,,
2026-01-05 15:03:00+00:00,0.97,367.3,65583
2026-01-05 15:04:00+00:00,0.97,367.3,65583
2026-01-05 15:05:00+00:00,0.56,411.2,142345
2026-01-05 15:06:00+00:00,2.71,367.1,75370
2026-01-05 15:07:00+00:00,1.91,369.8,76722
2026-01-05 15:08:00+00:00,2.94,380.0,56156
2026-01-05 15:09:00+00:00,2.90,387.4,29363
2026-01-05 15:10:00+00:00,0.59,407.2,62274
2026-01-05 15:11:00+00:00,0.04,420.0,96595
2026-01-05 15:12:00+00:00,0.05,422.1,92846
2026-01-05 15:13:00+00:00,0.46,407.9,55919
2026-01-05 15:14:00+00:00,0.47,407.9,65339
2026-01-05 15:15:00+00:00,0.54,407.8,118560
2026-01-05 15:16:00+00:00,0.57,410.8,116830
2026-01-05 15:21:00+00:00,0.19,461.7,91902
2026-01-05 15:22:00+00:00,0.44,420.4,71862
2026-01-05 15:23:00+00:00,0.49,402.5,49253
2026-01-05 15:24:00+00:00,0.56,404.4,55460
2026-01-05 15:25:00+00:00,0.66,405.5,67313
2026-01-05 15:26:00+00:00,1.12,396.0,47580
2026-01-05 15:27:00+00:00,1.02,406.5,48452
2026-01-05 15:28:00+00:00,0.84,426.0,50071
2026-01-05 15:29:00+00:00,1.40,408.4,47731
2026-01-05 15:30:00+00:00,1.30,409.1,46816
2026-01-05 15:31:00+00:00,0.71,414.3,48687
2026-01-05 15:32:00+00:00,0.30,422.3,126323
2026-01-05 15:35:00+00:00,0.79,380.4,97861
2026-01-05 15:36:00+00:00,0.50,392.8,63779
2026-01-05 15:37:00+00:00,0.70,401.0,53217
2026-01-05 15:38:00+00:00,0.79,402.8,52247
2026-01-05 15:41:00+00:00,0.83,417.4,47471
2026-01-05 15:42:00+00:00,0.83,417.4,47471
2026-01-05 15:44:00+00:00,0.74,403.5,48444
2026-01-05 15:45:00+00:00,0.74,403.5,48444
2026-01-05 15:47:00+00:00,1.05,380.7,66054
2026-01-05 15:48:00+00:00,1.05,380.7,66054
2026-01-05 15:50:00+00:00,0.49,400.0,47654
2026-01-05 15:51:00+00:00,0.49,400.0,47654
2026-01-05 15:55:00+00:00,,,
2026-01-05 15:56:00+00:00,1.47,458.5,64613
2026-01-05 16:00:00+00:00,0.01,397.5,71148
2026-01-05 16:01:00+00:00,0.01,397.5,71148
2026-01-05 16:02:00+00:00,0.03,407.0,32225
2026-01-05 16:03:00+00:00,0.03,406.7,31954
2026-01-05 16:04:00+00:00,0.04,404.1,29288
2026-01-05 16:05:00+00:00,0.04,408.8,47904
2026-01-05 16:06:00+00:00,0.04,,
2026-01-05 16:07:00+00:00,0.03,415.2,55647
2026-01-05 16:08:00+00:00,0.03,422.1,57502
2026-01-05 16:09:00+00:00,0.05,425.9,36060
2026-01-05 16:10:00+00:00,0.05,420.6,49687
2026-01-05 16:11:00+00:00,0.47,419.4,87204
2026-01-05 16:12:00+00:00,0.63,410.2,88541
2026-01-05 16:13:00+00:00,0.55,401.8,75483
2026-01-05 16:14:00+00:00,0.46,397.8,57337
2026-01-05 16:15:00+00:00,0.53,401.2,86671
2026-01-05 16:16:00+00:00,0.84,401.2,113436
2026-01-05 16:17:00+00:00,1.26,386.2,46191
2026-01-05 16:18:00+00:00,1.09,388.9,55610
2026-01-05 16:19:00+00:00,1.24,393.6,49939
2026-01-05 16:20:00+00:00,1.78,391.0,42221
2026-01-05 16:21:00+00:00,1.83,392.5,37457
2026-01-05 16:22:00+00:00,2.30,393.4,39913
2026-01-05 16:23:00+00:00,1.31,408.8,29592
2026-01-05 16:24:00+00:00,1.89,406.9,126685
2026-01-05 16:25:00+00:00,2.05,406.1,148791
2026-01-05 16:26:00+00:00,1.07,393.1,56720
2026-01-05 16:27:00+00:00,1.92,392.6,57399
2026-01-05 16:28:00+00:00,2.78,391.1,54317
2026-01-05 16:29:00+00:00,3.05,390.2,51451
2026-01-05 16:30:00+00:00,0.55,389.9,44769
2026-01-05 16:31:00+00:00,1.45,394.0,67340
2026-01-05 16:32:00+00:00,2.54,399.0,90472
2026-01-05 16:33:00+00:00,1.11,393.6,42639
2026-01-05 16:34:00+00:00,1.39,398.0,42557
2026-01-05 16:35:00+00:00,1.87,396.4,48842
2026-01-05 16:36:00+00:00,2.59,388.6,52053
2026-01-05 16:37:00+00:00,1.60,390.5,37692
2026-01-05 16:38:00+00:00,1.60,,
2026-01-05 16:39:00+00:00,2.34,385.4,39251
2026-01-05 16:40:00+00:00,2.63,386.7,42046
2026-01-05 16:41:00+00:00,2.69,387.1,42673
2026-01-05 16:42:00+00:00,3.08,373.3,30628
2026-01-05 16:43:00+00:00,2.85,376.2,33472
2026-01-05 16:44:00+00:00,3.18,379.6,43527
2026-01-05 16:45:00+00:00,3.57,380.9,50307
2026-01-05 16:46:00+00:00,0.76,370.6,18633
2026-01-05 16:47:00+00:00,1.49,376.4,41646
2026-01-05 16:48:00+00:00,2.86,383.8,69806
2026-01-05 16:49:00+00:00,2.86,375.4,32932
2026-01-05 16:50:00+00:00,0.49,369.1,29301
2026-01-05 16:51:00+00:00,0.52,372.5,38483
2026-01-05 16:52:00+00:00,0.90,410.0,138660
2026-01-05 16:53:00+00:00,1.29,388.1,90113
2026-01-05 16:54:00+00:00,2.36,385.0,60637
2026-01-05 16:55:00+00:00,0.87,391.3,123511
2026-01-05 16:56:00+00:00,0.80,419.8,74266
2026-01-05 16:59:00+00:00,0.35,374.8,30579
2026-01-05 17:00:00+00:00,0.44,384.4,50242
2026-01-05 17:01:00+00:00,0.59,386.2,46999
2026-01-05 17:02:00+00:00,0.87,378.8,27251
2026-01-05 17:03:00+00:00,1.20,379.4,35667
