time_tag,density,speed,temperature
2026-02-16 21:10:00+00:00,1.75,616.6,171312
2026-02-16 21:11:00+00:00,1.96,679.8,409531
2026-02-16 21:12:00+00:00,1.48,620.3,246436
2026-02-16 21:13:00+00:00,1.72,661.8,257707
2026-02-16 21:14:00+00:00,1.69,637.6,216819
2026-02-16 21:15:00+00:00,0.45,572.9,76968
2026-02-16 21:16:00+00:00,1.60,622.8,120336
2026-02-16 21:17:00+00:00,2.31,645.5,152355
2026-02-16 21:18:00+00:00,2.31,656.6,243326
2026-02-16 21:19:00+00:00,2.21,661.8,270437
2026-02-16 21:20:00+00:00,2.12,652.2,214930
2026-02-16 21:21:00+00:00,2.17,647.0,217246
2026-02-16 21:22:00+00:00,1.84,643.8,222500
2026-02-16 21:23:00+00:00,1.40,694.0,342140
2026-02-16 21:24:00+00:00,1.95,682.0,364145
2026-02-16 21:25:00+00:00,2.61,664.8,266315
2026-02-16 21:26:00+00:00,2.31,635.7,195265
2026-02-16 21:27:00+00:00,2.79,678.5,271839
2026-02-16 21:28:00+00:00,2.79,679.2,307028
2026-02-16 21:29:00+00:00,2.74,674.3,283838
2026-02-16 21:30:00+00:00,2.82,706.6,338693
2026-02-16 21:31:00+00:00,2.56,693.9,334287
2026-02-16 21:32:00+00:00,2.67,688.9,360721
2026-02-16 21:33:00+00:00,2.24,647.0,242088
2026-02-16 21:34:00+00:00,2.19,649.9,259390
2026-02-16 21:35:00+00:00,2.43,669.6,313463
2026-02-16 21:36:00+00:00,2.39,660.4,267743
2026-02-16 21:37:00+00:00,2.64,668.9,346473
2026-02-16 21:38:00+00:00,2.56,664.0,314712
2026-02-16 21:39:00+00:00,2.31,648.3,223202
2026-02-16 21:40:00+00:00,2.25,640.9,216701
2026-02-16 21:41:00+00:00,2.27,650.0,283719
2026-02-16 21:42:00+00:00,2.34,655.0,296669
2026-02-16 21:43:00+00:00,1.74,644.2,284471
2026-02-16 21:44:00+00:00,2.08,645.0,230527
2026-02-16 21:45:00+00:00,2.35,655.8,256126
2026-02-16 21:46:00+00:00,2.43,662.3,268733
2026-02-16 21:47:00+00:00,2.38,670.0,299997
2026-02-16 21:48:00+00:00,1.97,638.6,210107
2026-02-16 21:49:00+00:00,1.99,652.3,246384
2026-02-16 21:50:00+00:00,1.84,648.3,242234
2026-02-16 21:51:00+00:00,2.11,658.8,256531
2026-02-16 21:52:00+00:00,2.41,678.4,307874
2026-02-16 21:53:00+00:00,1.93,651.5,260456
2026-02-16 21:54:00+00:00,1.90,654.7,267238
2026-02-16 21:55:00+00:00,1.86,668.6,322887
2026-02-16 21:56:00+00:00,1.21,641.7,274709
2026-02-16 21:57:00+00:00,0.16,565.6,42464
2026-02-16 21:58:00+00:00,1.43,660.9,310126
2026-02-16 21:59:00+00:00,1.30,639.7,246038
2026-02-16 22:00:00+00:00,1.48,653.0,257971
2026-02-16 22:01:00+00:00,2.08,651.4,223816
2026-02-16 22:02:00+00:00,2.85,643.5,151388
2026-02-16 22:03:00+00:00,0.98,682.5,318832
2026-02-16 22:04:00+00:00,0.19,679.6,326476
2026-02-16 22:05:00+00:00,0.26,678.5,303531
2026-02-16 22:06:00+00:00,1.26,666.4,279063
2026-02-16 22:07:00+00:00,2.06,648.0,243611
2026-02-16 22:08:00+00:00,2.24,657.3,252697
2026-02-16 22:09:00+00:00,2.54,676.8,283667
2026-02-16 22:10:00+00:00,1.54,652.2,261664
2026-02-16 22:11:00+00:00,1.47,644.4,238659
2026-02-16 22:12:00+00:00,1.28,620.7,162260
2026-02-16 22:13:00+00:00,2.02,669.7,260870
2026-02-16 22:14:00+00:00,2.57,676.4,219777
2026-02-16 22:15:00+00:00,0.87,696.6,287809
2026-02-16 22:16:00+00:00,0.87,706.3,287013
2026-02-16 22:17:00+00:00,0.95,695.3,271404
2026-02-16 22:18:00+00:00,1.03,689.1,271014
2026-02-16 22:19:00+00:00,0.96,667.8,208175
2026-02-16 22:20:00+00:00,0.34,607.6,82915
2026-02-16 22:21:00+00:00,0.86,633.3,117860
2026-02-16 22:22:00+00:00,1.48,677.4,187060
2026-02-16 22:23:00+00:00,1.51,673.4,187643
2026-02-16 22:24:00+00:00,1.40,664.2,208841
2026-02-16 22:25:00+00:00,1.23,678.9,258525
2026-02-16 22:26:00+00:00,1.43,683.7,261161
2026-02-16 22:27:00+00:00,2.11,657.7,259775
2026-02-16 22:28:00+00:00,1.98,662.5,240460
2026-02-16 22:29:00+00:00,1.54,641.6,180896
2026-02-16 22:30:00+00:00,2.06,673.9,255637
2026-02-16 22:31:00+00:00,2.22,670.8,252217
2026-02-16 22:32:00+00:00,2.26,662.9,218398
2026-02-16 22:33:00+00:00,2.11,667.3,221343
2026-02-16 22:34:00+00:00,2.11,662.2,238537
2026-02-16 22:35:00+00:00,2.29,662.0,231974
2026-02-16 22:36:00+00:00,2.24,669.7,254736
2026-02-16 22:37:00+00:00,1.90,667.6,243228
2026-02-16 22:38:00+00:00,2.02,665.0,235087
2026-02-16 22:39:00+00:00,2.30,662.7,230134
2026-02-16 22:40:00+00:00,2.31,657.9,218805
2026-02-16 22:41:00+00:00,2.12,665.0,206509
2026-02-16 22:42:00+00:00,1.73,682.5,173685
2026-02-16 22:43:00+00:00,2.17,654.6,252225
2026-02-16 22:44:00+00:00,2.07,654.8,250409
2026-02-16 22:45:00+00:00,1.49,656.6,237388
2026-02-16 22:46:00+00:00,1.90,657.6,220293
2026-02-16 22:47:00+00:00,1.77,647.3,242748
2026-02-16 22:48:00+00:00,1.91,646.9,234965
2026-02-16 22:49:00+00:00,1.58,647.2,224219
2026-02-16 22:50:00+00:00,2.15,645.6,202975
2026-02-16 22:51:00+00:00,1.97,641.3,209103
2026-02-16 22:52:00+00:00,1.84,637.6,221318
2026-02-16 22:53:00+00:00,2.02,641.8,210855
2026-02-16 22:54:00+00:00,2.09,643.2,201897
2026-02-16 22:55:00+00:00,2.08,641.6,200751
2026-02-16 22:56:00+00:00,2.16,649.1,218121
2026-02-16 22:57:00+00:00,2.22,654.0,232268
2026-02-16 22:58:00+00:00,2.17,642.1,208355
2026-02-16 22:59:00+00:00,2.15,641.8,222337
2026-02-16 23:00:00+00:00,2.16,641.7,210159
2026-02-16 23:01:00+00:00,2.17,643.8,201960
2026-02-16 23:02:00+00:00,2.06,642.4,201468
2026-02-16 23:03:00+00:00,1.82,648.8,225636
2026-02-16 23:04:00+00:00,1.57,640.1,247361
2026-02-16 23:05:00+00:00,1.56,633.6,279247
2026-02-16 23:06:00+00:00,1.40,637.6,325759
2026-02-16 23:07:00+00:00,1.28,661.1,271200
2026-02-16 23:08:00+00:00,1.13,667.0,268168
2026-02-16 23:09:00+00:00,0.43,595.5,124419
2026-02-16 23:10:00+00:00,1.22,608.9,152851
2026-02-16 23:11:00+00:00,2.21,660.7,257228
2026-02-16 23:12:00+00:00,2.16,657.3,238043
2026-02-16 23:13:00+00:00,2.20,652.5,222920
2026-02-16 23:14:00+00:00,2.23,649.9,210178
2026-02-16 23:15:00+00:00,2.25,650.9,197770
2026-02-16 23:16:00+00:00,2.25,650.4,189942
2026-02-16 23:17:00+00:00,2.26,650.3,190530
2026-02-16 23:18:00+00:00,2.42,649.0,198756
2026-02-16 23:19:00+00:00,2.21,646.7,215769
2026-02-16 23:20:00+00:00,1.97,650.3,223927
2026-02-16 23:21:00+00:00,2.07,642.3,230037
2026-02-16 23:22:00+00:00,1.76,640.5,307895
2026-02-16 23:23:00+00:00,1.38,644.8,333263
2026-02-16 23:24:00+00:00,1.28,643.1,359773
2026-02-16 23:25:00+00:00,1.26,642.7,336344
2026-02-16 23:26:00+00:00,1.36,647.2,306806
2026-02-16 23:27:00+00:00,1.23,649.0,305227
2026-02-16 23:28:00+00:00,0.78,642.7,294773
2026-02-16 23:29:00+00:00,0.49,639.0,323593
2026-02-16 23:30:00+00:00,0.47,648.8,418511
2026-02-16 23:31:00+00:00,0.38,657.9,394942
2026-02-16 23:32:00+00:00,0.24,663.4,353938
2026-02-16 23:33:00+00:00,0.34,678.1,259916
2026-02-16 23:34:00+00:00,1.03,655.6,236199
2026-02-16 23:35:00+00:00,0.61,649.3,196425
2026-02-16 23:36:00+00:00,0.34,677.8,544327
2026-02-16 23:37:00+00:00,1.46,661.0,270560
2026-02-16 23:38:00+00:00,1.18,649.1,229703
2026-02-16 23:39:00+00:00,1.18,650.2,247492
2026-02-16 23:40:00+00:00,1.16,653.1,244803
2026-02-16 23:41:00+00:00,1.09,646.1,316582
2026-02-16 23:42:00+00:00,1.19,647.5,329027
2026-02-16 23:43:00+00:00,1.18,651.2,306025
2026-02-16 23:44:00+00:00,1.11,647.9,304052
2026-02-16 23:45:00+00:00,1.38,643.2,269842
2026-02-16 23:46:00+00:00,1.65,636.8,258003
2026-02-16 23:47:00+00:00,1.33,637.9,298964
2026-02-16 23:48:00+00:00,1.38,632.4,302237
2026-02-16 23:49:00+00:00,1.37,636.6,307269
2026-02-16 23:50:00+00:00,1.37,636.6,307269
2026-02-16 23:51:00+00:00,1.58,639.5,255695
2026-02-16 23:52:00+00:00,1.17,637.7,327823
2026-02-16 23:53:00+00:00,1.56,635.4,283366
2026-02-16 23:54:00+00:00,1.43,632.9,294595
2026-02-16 23:55:00+00:00,1.52,636.6,249636
2026-02-16 23:56:00+00:00,1.37,637.3,285981
2026-02-16 23:57:00+00:00,1.27,637.0,337272
2026-02-16 23:58:00+00:00,1.20,638.6,360791
2026-02-16 23:59:00+00:00,1.25,638.1,318664
2026-02-17 00:00:00+00:00,1.33,637.2,255718
2026-02-17 00:01:00+00:00,1.30,638.6,232500
2026-02-17 00:02:00+00:00,1.34,637.3,220057
2026-02-17 00:03:00+00:00,1.31,635.4,247137
2026-02-17 00:04:00+00:00,1.38,635.2,218911
2026-02-17 00:05:00+00:00,1.70,637.8,191398
2026-02-17 00:06:00+00:00,1.39,646.9,244657
2026-02-17 00:07:00+00:00,1.96,644.2,191586
2026-02-17 00:08:00+00:00,1.27,658.7,239310
2026-02-17 00:09:00+00:00,1.58,649.1,213495
2026-02-17 00:10:00+00:00,1.54,654.8,244184
2026-02-17 00:11:00+00:00,1.69,640.0,209964
2026-02-17 00:12:00+00:00,1.73,641.9,204582
2026-02-17 00:13:00+00:00,1.64,644.4,206161
2026-02-17 00:14:00+00:00,1.76,638.6,203714
2026-02-17 00:15:00+00:00,1.84,636.3,203525
2026-02-17 00:16:00+00:00,1.83,636.9,202088
2026-02-17 00:17:00+00:00,1.88,636.1,199280
2026-02-17 00:18:00+00:00,1.81,637.3,195831
2026-02-17 00:19:00+00:00,1.85,633.0,189024
2026-02-17 00:20:00+00:00,2.14,635.1,179644
2026-02-17 00:21:00+00:00,2.06,631.4,171636
2026-02-17 00:23:00+00:00,2.01,635.4,179183
2026-02-17 00:24:00+00:00,2.39,643.8,197382
2026-02-17 00:25:00+00:00,2.43,649.9,225640
2026-02-17 00:26:00+00:00,2.52,651.5,212274
2026-02-17 00:27:00+00:00,2.15,641.7,198695
2026-02-17 00:28:00+00:00,1.96,640.1,189543
2026-02-17 00:29:00+00:00,1.75,637.1,193968
2026-02-17 00:30:00+00:00,2.03,640.4,191401
2026-02-17 00:31:00+00:00,2.30,646.3,188518
2026-02-17 00:32:00+00:00,2.06,643.5,199763
2026-02-17 00:33:00+00:00,1.91,639.8,208566
2026-02-17 00:34:00+00:00,2.03,642.5,201262
2026-02-17 00:35:00+00:00,2.02,637.8,197539
2026-02-17 00:36:00+00:00,1.85,632.2,218980
2026-02-17 00:37:00+00:00,1.97,639.3,193244
2026-02-17 00:38:00+00:00,2.01,637.2,182508
2026-02-17 00:39:00+00:00,2.08,637.6,217048
2026-02-17 00:40:00+00:00,1.80,630.2,216396
2026-02-17 00:41:00+00:00,2.09,635.7,205634
2026-02-17 00:42:00+00:00,1.87,638.9,202895
2026-02-17 00:43:00+00:00,2.07,636.6,230895
2026-02-17 00:44:00+00:00,2.10,640.4,235331
2026-02-17 00:45:00+00:00,2.14,643.4,233572
2026-02-17 00:46:00+00:00,2.22,641.6,228826
2026-02-17 00:47:00+00:00,1.91,640.0,227019
2026-02-17 00:48:00+00:00,1.55,638.4,213915
2026-02-17 00:49:00+00:00,1.55,634.5,194907
2026-02-17 00:50:00+00:00,1.53,633.3,210053
2026-02-17 00:51:00+00:00,1.41,635.4,226870
2026-02-17 00:52:00+00:00,1.01,634.9,255576
2026-02-17 00:53:00+00:00,1.35,633.1,259187
2026-02-17 00:54:00+00:00,0.86,637.9,332859
2026-02-17 00:56:00+00:00,1.06,637.1,376137
2026-02-17 00:57:00+00:00,1.35,633.5,301066
2026-02-17 00:58:00+00:00,1.57,634.5,286071
2026-02-17 00:59:00+00:00,1.63,633.7,284601
2026-02-17 01:00:00+00:00,1.78,632.1,261141
2026-02-17 01:01:00+00:00,1.92,633.4,239795
2026-02-17 01:02:00+00:00,2.18,632.3,223885
2026-02-17 01:03:00+00:00,2.26,631.3,221929
2026-02-17 01:04:00+00:00,2.13,633.2,228871
2026-02-17 01:05:00+00:00,2.14,633.3,226387
2026-02-17 01:06:00+00:00,2.12,632.6,221352
2026-02-17 01:07:00+00:00,1.97,635.0,224152
2026-02-17 01:08:00+00:00,1.74,638.6,247791
2026-02-17 01:09:00+00:00,1.67,636.6,272206
2026-02-17 01:10:00+00:00,1.53,636.8,289541
2026-02-17 01:11:00+00:00,1.27,636.1,340207
2026-02-17 01:12:00+00:00,1.50,638.7,266622
2026-02-17 01:13:00+00:00,1.77,644.7,216452
2026-02-17 01:14:00+00:00,1.76,644.5,228807
2026-02-17 01:15:00+00:00,1.45,644.9,226951
2026-02-17 01:16:00+00:00,1.57,643.4,215012
2026-02-17 01:17:00+00:00,1.64,638.6,233664
2026-02-17 01:18:00+00:00,1.55,637.2,251154
2026-02-17 01:19:00+00:00,1.39,637.3,271674
2026-02-17 01:20:00+00:00,1.33,637.2,256746
2026-02-17 01:21:00+00:00,1.51,639.8,198134
2026-02-17 01:22:00+00:00,1.67,640.8,204948
2026-02-17 01:23:00+00:00,1.54,639.6,237844
2026-02-17 01:24:00+00:00,1.68,644.3,215290
2026-02-17 01:25:00+00:00,1.58,639.8,254850
2026-02-17 01:26:00+00:00,1.43,633.6,263334
2026-02-17 01:27:00+00:00,1.53,641.5,196866
2026-02-17 01:28:00+00:00,1.53,641.5,196866
2026-02-17 01:29:00+00:00,1.57,633.2,238921
2026-02-17 01:30:00+00:00,1.47,651.5,205848
2026-02-17 01:31:00+00:00,1.23,689.8,230377
2026-02-17 01:32:00+00:00,0.89,680.8,305899
2026-02-17 01:33:00+00:00,0.90,665.0,333317
2026-02-17 01:34:00+00:00,1.49,671.6,354667
2026-02-17 01:35:00+00:00,1.43,693.5,337369
2026-02-17 01:36:00+00:00,0.88,704.9,256235
2026-02-17 01:37:00+00:00,0.93,700.4,210839
2026-02-17 01:38:00+00:00,1.00,703.5,234535
2026-02-17 01:39:00+00:00,1.02,703.9,228630
2026-02-17 01:40:00+00:00,1.16,691.0,173401
2026-02-17 01:41:00+00:00,0.90,686.4,201612
2026-02-17 01:42:00+00:00,0.82,690.6,264862
2026-02-17 01:43:00+00:00,1.14,688.9,183116
2026-02-17 01:44:00+00:00,1.13,693.5,183938
2026-02-17 01:45:00+00:00,1.03,692.5,193887
2026-02-17 01:46:00+00:00,1.11,696.1,205708
2026-02-17 01:47:00+00:00,1.00,693.5,185582
2026-02-17 01:48:00+00:00,1.22,685.1,168168
2026-02-17 01:49:00+00:00,1.46,684.7,167463
2026-02-17 01:50:00+00:00,1.42,684.8,149384
2026-02-17 01:51:00+00:00,1.25,679.5,149693
2026-02-17 01:52:00+00:00,1.14,677.4,170511
2026-02-17 01:53:00+00:00,1.06,677.4,173399
2026-02-17 01:54:00+00:00,1.10,673.3,170733
2026-02-17 01:55:00+00:00,1.37,678.8,149973
2026-02-17 01:56:00+00:00,1.56,679.6,153748
2026-02-17 01:57:00+00:00,1.41,672.8,152837
2026-02-17 01:58:00+00:00,1.44,681.1,206521
2026-02-17 01:59:00+00:00,1.32,694.6,235957
2026-02-17 02:00:00+00:00,1.28,698.4,219432
2026-02-17 02:01:00+00:00,1.28,698.6,218563
2026-02-17 02:02:00+00:00,1.10,696.7,208063
2026-02-17 02:03:00+00:00,1.24,698.1,210449
2026-02-17 02:04:00+00:00,1.21,683.9,152637
2026-02-17 02:05:00+00:00,1.22,673.4,154269
2026-02-17 02:06:00+00:00,1.51,666.0,192041
2026-02-17 02:07:00+00:00,1.66,659.6,209061
2026-02-17 02:08:00+00:00,1.55,658.5,206123
2026-02-17 02:09:00+00:00,1.57,661.7,198275
2026-02-17 02:10:00+00:00,1.70,664.2,197402
2026-02-17 02:11:00+00:00,1.69,663.7,205343
2026-02-17 02:12:00+00:00,1.77,663.8,201061
2026-02-17 02:13:00+00:00,1.53,659.7,217917
2026-02-17 02:14:00+00:00,1.78,669.8,207634
2026-02-17 02:15:00+00:00,1.70,661.3,196615
2026-02-17 02:16:00+00:00,1.72,669.4,188311
2026-02-17 02:17:00+00:00,1.57,674.5,184284
2026-02-17 02:18:00+00:00,1.45,650.2,215384
2026-02-17 02:19:00+00:00,1.58,645.2,217691
2026-02-17 02:20:00+00:00,1.80,643.3,194921
2026-02-17 02:21:00+00:00,1.75,640.0,187895
2026-02-17 02:22:00+00:00,1.33,636.0,222151
2026-02-17 02:23:00+00:00,1.08,636.7,260915
2026-02-17 02:24:00+00:00,1.19,640.0,263142
2026-02-17 02:25:00+00:00,1.21,642.1,258487
2026-02-17 02:26:00+00:00,1.01,646.2,282724
2026-02-17 02:27:00+00:00,1.26,649.9,270315
2026-02-17 02:28:00+00:00,2.33,652.4,182505
2026-02-17 02:29:00+00:00,1.83,643.8,193322
2026-02-17 02:30:00+00:00,1.86,650.7,200682
2026-02-17 02:31:00+00:00,2.16,646.3,197496
2026-02-17 02:32:00+00:00,1.82,644.1,210911
2026-02-17 02:33:00+00:00,1.88,648.5,201345
2026-02-17 02:34:00+00:00,1.89,649.1,199989
2026-02-17 02:35:00+00:00,2.18,644.3,193234
2026-02-17 02:36:00+00:00,1.62,642.2,228041
2026-02-17 02:37:00+00:00,1.60,641.7,233225
2026-02-17 02:38:00+00:00,1.70,650.7,236948
2026-02-17 02:39:00+00:00,1.63,655.4,233331
2026-02-17 02:40:00+00:00,1.65,649.9,225023
2026-02-17 02:41:00+00:00,1.66,641.6,240987
2026-02-17 02:42:00+00:00,1.54,632.1,260456
2026-02-17 02:43:00+00:00,1.55,630.5,261871
2026-02-17 02:44:00+00:00,1.57,637.6,239728
2026-02-17 02:45:00+00:00,1.44,636.4,200018
2026-02-17 02:46:00+00:00,1.68,651.2,202505
2026-02-17 02:47:00+00:00,2.05,674.8,249962
2026-02-17 02:48:00+00:00,1.81,657.8,280864
2026-02-17 02:49:00+00:00,1.24,640.2,248973
2026-02-17 02:50:00+00:00,1.27,640.3,249223
2026-02-17 02:51:00+00:00,1.08,641.6,244268
2026-02-17 02:52:00+00:00,1.47,647.3,230161
2026-02-17 02:53:00+00:00,1.89,654.2,231603
2026-02-17 02:54:00+00:00,1.81,652.9,245880
2026-02-17 02:55:00+00:00,1.51,650.8,251334
2026-02-17 02:56:00+00:00,1.60,648.6,242898
2026-02-17 02:57:00+00:00,1.58,651.7,258002
2026-02-17 02:58:00+00:00,1.13,664.4,271505
2026-02-17 02:59:00+00:00,1.71,656.4,195702
2026-02-17 03:00:00+00:00,1.84,649.1,185122
2026-02-17 03:01:00+00:00,1.99,648.7,167331
2026-02-17 03:02:00+00:00,1.80,645.8,157397
2026-02-17 03:03:00+00:00,1.62,642.2,204909
2026-02-17 03:04:00+00:00,1.54,643.0,202724
2026-02-17 03:05:00+00:00,1.64,645.1,207181
2026-02-17 03:06:00+00:00,1.75,645.9,191289
2026-02-17 03:07:00+00:00,1.77,646.0,187586
2026-02-17 03:08:00+00:00,1.22,647.1,258507
2026-02-17 03:09:00+00:00,1.14,648.8,258315
2026-02-17 03:10:00+00:00,1.00,649.6,282784
2026-02-17 03:11:00+00:00,1.03,647.8,268381
2026-02-17 03:12:00+00:00,1.12,646.5,250674
2026-02-17 03:13:00+00:00,0.95,648.2,291677
2026-02-17 03:14:00+00:00,0.82,649.0,308417
2026-02-17 03:15:00+00:00,1.14,644.5,264968
2026-02-17 03:16:00+00:00,1.65,646.1,194940
2026-02-17 03:17:00+00:00,1.83,653.2,196972
2026-02-17 03:18:00+00:00,1.61,640.9,211804
2026-02-17 03:19:00+00:00,1.94,653.3,185934
2026-02-17 03:20:00+00:00,1.71,650.0,199724
2026-02-17 03:21:00+00:00,1.86,648.3,215967
2026-02-17 03:22:00+00:00,1.63,657.0,188569
2026-02-17 03:23:00+00:00,1.74,649.5,224715
2026-02-17 03:24:00+00:00,1.61,647.6,286498
2026-02-17 03:25:00+00:00,1.42,654.2,258526
2026-02-17 03:26:00+00:00,1.25,650.2,224988
2026-02-17 03:27:00+00:00,1.41,648.0,210030
2026-02-17 03:28:00+00:00,1.68,650.0,211770
2026-02-17 03:29:00+00:00,1.49,645.8,249307
2026-02-17 03:30:00+00:00,1.28,652.7,256937
2026-02-17 03:31:00+00:00,1.72,673.3,209000
2026-02-17 03:32:00+00:00,1.55,672.4,237692
2026-02-17 03:33:00+00:00,1.42,687.3,263556
2026-02-17 03:34:00+00:00,1.45,678.1,256064
2026-02-17 03:35:00+00:00,1.39,698.6,234173
2026-02-17 03:36:00+00:00,1.42,678.5,217812
2026-02-17 03:37:00+00:00,1.38,680.8,218900
2026-02-17 03:38:00+00:00,1.53,663.0,225441
2026-02-17 03:39:00+00:00,1.66,642.8,188810
2026-02-17 03:40:00+00:00,1.69,637.4,176130
2026-02-17 03:41:00+00:00,1.66,637.1,171650
2026-02-17 03:42:00+00:00,1.68,636.6,169496
2026-02-17 03:43:00+00:00,1.77,637.5,169255
2026-02-17 03:44:00+00:00,1.74,636.1,167737
2026-02-17 03:45:00+00:00,1.66,635.5,165569
2026-02-17 03:46:00+00:00,1.80,641.8,166602
2026-02-17 03:47:00+00:00,1.83,641.4,161176
2026-02-17 03:48:00+00:00,1.72,642.0,172352
2026-02-17 03:49:00+00:00,1.69,647.9,183317
2026-02-17 03:50:00+00:00,1.78,644.6,161503
2026-02-17 03:51:00+00:00,1.83,639.8,156799
2026-02-17 03:52:00+00:00,1.84,640.2,162872
2026-02-17 03:53:00+00:00,1.78,641.1,163512
2026-02-17 03:54:00+00:00,1.88,639.1,158158
2026-02-17 03:55:00+00:00,1.83,642.1,161465
2026-02-17 03:56:00+00:00,1.78,639.3,149479
2026-02-17 03:57:00+00:00,1.74,637.1,144269
2026-02-17 03:58:00+00:00,1.66,633.3,147202
2026-02-17 04:00:00+00:00,0.70,631.5,278747
2026-02-17 04:01:00+00:00,0.80,631.1,260681
2026-02-17 04:02:00+00:00,1.04,629.5,215880
2026-02-17 04:03:00+00:00,1.19,627.9,187769
2026-02-17 04:04:00+00:00,1.30,629.6,186024
2026-02-17 04:05:00+00:00,1.53,637.6,169055
2026-02-17 04:06:00+00:00,1.65,648.7,169528
2026-02-17 04:07:00+00:00,1.79,645.1,188561
2026-02-17 04:08:00+00:00,1.96,647.1,168426
2026-02-17 04:09:00+00:00,1.69,640.6,162524
2026-02-17 04:10:00+00:00,1.75,643.2,167209
2026-02-17 04:11:00+00:00,1.48,629.6,159751
2026-02-17 04:12:00+00:00,1.49,629.6,159851
2026-02-17 04:13:00+00:00,1.54,631.9,161234
2026-02-17 04:14:00+00:00,1.62,637.0,173124
2026-02-17 04:15:00+00:00,1.83,643.0,209723
2026-02-17 04:16:00+00:00,1.91,651.7,211461
2026-02-17 04:17:00+00:00,1.66,648.5,162528
2026-02-17 04:18:00+00:00,1.40,634.7,201068
2026-02-17 04:19:00+00:00,0.69,619.3,229687
2026-02-17 04:20:00+00:00,0.27,587.4,60512
2026-02-17 04:21:00+00:00,0.91,634.5,183456
2026-02-17 04:22:00+00:00,1.67,633.8,166295
2026-02-17 04:23:00+00:00,1.58,630.4,166766
2026-02-17 04:24:00+00:00,1.36,631.4,171355
2026-02-17 04:25:00+00:00,1.24,656.8,185492
2026-02-17 04:26:00+00:00,1.18,665.2,200197
2026-02-17 04:27:00+00:00,1.32,661.1,168960
2026-02-17 04:28:00+00:00,1.00,656.9,192953
2026-02-17 04:29:00+00:00,0.84,653.6,188395
2026-02-17 04:30:00+00:00,0.87,658.9,197124
2026-02-17 04:31:00+00:00,0.86,656.5,215864
2026-02-17 04:32:00+00:00,0.76,646.8,209578
2026-02-17 04:33:00+00:00,0.75,650.2,196007
2026-02-17 04:34:00+00:00,0.94,658.9,184267
2026-02-17 04:35:00+00:00,0.93,654.5,170869
2026-02-17 04:36:00+00:00,1.03,654.4,176183
2026-02-17 04:37:00+00:00,0.77,664.7,195072
2026-02-17 04:38:00+00:00,0.65,672.2,185253
2026-02-17 04:39:00+00:00,0.75,676.7,178625
2026-02-17 04:40:00+00:00,0.49,675.3,206399
2026-02-17 04:41:00+00:00,0.56,671.3,151438
2026-02-17 04:42:00+00:00,0.51,666.1,196658
2026-02-17 04:43:00+00:00,0.91,663.7,169571
2026-02-17 04:44:00+00:00,0.64,672.9,190292
2026-02-17 04:45:00+00:00,0.55,668.3,184860
2026-02-17 04:46:00+00:00,0.60,662.7,171778
2026-02-17 04:47:00+00:00,1.53,624.8,142847
2026-02-17 04:48:00+00:00,1.57,631.1,155656
2026-02-17 04:49:00+00:00,1.46,632.8,176554
2026-02-17 04:50:00+00:00,1.19,628.3,186864
2026-02-17 04:51:00+00:00,1.47,649.5,189546
2026-02-17 04:52:00+00:00,1.96,646.5,154126
2026-02-17 04:53:00+00:00,1.79,635.7,146757
2026-02-17 04:54:00+00:00,1.70,632.7,138965
2026-02-17 04:55:00+00:00,1.43,635.6,137959
2026-02-17 04:56:00+00:00,1.62,635.7,136284
2026-02-17 04:57:00+00:00,1.39,623.6,141496
2026-02-17 04:58:00+00:00,1.06,623.5,176767
2026-02-17 04:59:00+00:00,1.59,632.8,151738
2026-02-17 05:00:00+00:00,1.79,640.5,142105
2026-02-17 05:01:00+00:00,1.69,639.2,137169
2026-02-17 05:02:00+00:00,1.50,633.8,132503
2026-02-17 05:03:00+00:00,1.44,630.8,132524
2026-02-17 05:04:00+00:00,1.54,631.3,133419
2026-02-17 05:05:00+00:00,1.53,633.3,134031
2026-02-17 05:06:00+00:00,1.47,636.0,137657
2026-02-17 05:07:00+00:00,1.66,639.5,145597
2026-02-17 05:08:00+00:00,1.51,639.8,148637
2026-02-17 05:09:00+00:00,1.29,630.5,107035
2026-02-17 05:10:00+00:00,1.39,622.0,126555
2026-02-17 05:11:00+00:00,1.27,621.4,167764
2026-02-17 05:12:00+00:00,0.98,618.2,167585
2026-02-17 05:13:00+00:00,0.82,619.8,206706
2026-02-17 05:14:00+00:00,1.00,622.7,180381
2026-02-17 05:15:00+00:00,0.84,616.1,195508
2026-02-17 05:16:00+00:00,0.80,620.0,200609
2026-02-17 05:17:00+00:00,0.91,616.2,195222
2026-02-17 05:18:00+00:00,1.10,614.1,185701
2026-02-17 05:19:00+00:00,1.21,615.9,180109
2026-02-17 05:20:00+00:00,1.03,610.6,185797
2026-02-17 05:21:00+00:00,0.96,610.3,181217
2026-02-17 05:22:00+00:00,0.82,610.3,178752
2026-02-17 05:23:00+00:00,0.80,612.3,195957
2026-02-17 05:24:00+00:00,0.77,616.1,202637
2026-02-17 05:25:00+00:00,0.91,612.5,198570
2026-02-17 05:26:00+00:00,0.98,617.3,172449
2026-02-17 05:27:00+00:00,1.03,623.8,180590
2026-02-17 05:28:00+00:00,1.34,622.5,204702
2026-02-17 05:29:00+00:00,1.20,616.6,174968
2026-02-17 05:30:00+00:00,1.46,622.5,153165
2026-02-17 05:31:00+00:00,1.49,624.0,130767
2026-02-17 05:32:00+00:00,1.25,621.4,146128
2026-02-17 05:33:00+00:00,1.25,619.3,133665
2026-02-17 05:34:00+00:00,1.39,621.6,121381
2026-02-17 05:35:00+00:00,1.41,625.0,139997
2026-02-17 05:36:00+00:00,1.46,627.3,149236
2026-02-17 05:37:00+00:00,1.53,629.3,136631
2026-02-17 05:38:00+00:00,1.49,629.2,133712
2026-02-17 05:39:00+00:00,1.48,628.5,128101
2026-02-17 05:40:00+00:00,1.41,629.6,143015
2026-02-17 05:41:00+00:00,1.21,623.0,159644
2026-02-17 05:42:00+00:00,1.39,625.9,117645
2026-02-17 05:43:00+00:00,1.41,630.1,114741
2026-02-17 05:44:00+00:00,1.48,627.0,113699
2026-02-17 05:45:00+00:00,1.38,625.1,107540
2026-02-17 05:46:00+00:00,1.50,623.2,108616
2026-02-17 05:47:00+00:00,1.69,628.1,124807
2026-02-17 05:48:00+00:00,1.56,626.2,125343
2026-02-17 05:49:00+00:00,1.40,619.8,118578
2026-02-17 05:50:00+00:00,1.49,616.2,128546
2026-02-17 05:51:00+00:00,1.51,615.1,142272
2026-02-17 05:52:00+00:00,1.41,614.6,145739
2026-02-17 05:53:00+00:00,0.83,605.5,193705
2026-02-17 05:54:00+00:00,0.89,605.8,185884
2026-02-17 05:55:00+00:00,1.01,607.4,167254
2026-02-17 05:56:00+00:00,0.98,612.0,162313
2026-02-17 05:57:00+00:00,1.51,622.0,110517
2026-02-17 05:58:00+00:00,1.55,623.5,108038
2026-02-17 05:59:00+00:00,1.45,618.8,109084
2026-02-17 06:00:00+00:00,1.45,632.0,115420
2026-02-17 06:01:00+00:00,1.53,626.6,114155
2026-02-17 06:02:00+00:00,1.61,623.5,104565
2026-02-17 06:03:00+00:00,1.57,619.7,106277
2026-02-17 06:04:00+00:00,1.49,622.1,104791
2026-02-17 06:05:00+00:00,1.46,622.2,106063
2026-02-17 06:06:00+00:00,1.45,618.5,101845
2026-02-17 06:07:00+00:00,1.46,618.3,102441
2026-02-17 06:08:00+00:00,1.48,620.2,106351
2026-02-17 06:09:00+00:00,1.51,621.0,107353
2026-02-17 06:10:00+00:00,1.62,622.0,115153
2026-02-17 06:11:00+00:00,1.66,618.6,117216
2026-02-17 06:12:00+00:00,1.26,614.2,111348
2026-02-17 06:13:00+00:00,1.47,617.2,101066
2026-02-17 06:14:00+00:00,1.47,619.4,103352
2026-02-17 06:15:00+00:00,1.42,615.5,95287
2026-02-17 06:16:00+00:00,1.48,619.8,100291
2026-02-17 06:17:00+00:00,1.46,619.0,98945
2026-02-17 06:18:00+00:00,1.46,619.5,102378
2026-02-17 06:19:00+00:00,1.50,620.6,102286
2026-02-17 06:20:00+00:00,1.53,620.3,104640
2026-02-17 06:21:00+00:00,1.55,620.0,104672
2026-02-17 06:22:00+00:00,1.63,617.9,113049
2026-02-17 06:23:00+00:00,1.52,617.5,112545
2026-02-17 06:24:00+00:00,1.55,616.2,110738
2026-02-17 06:25:00+00:00,1.84,612.2,120131
2026-02-17 06:26:00+00:00,1.37,608.8,134845
2026-02-17 06:27:00+00:00,1.47,610.3,131715
2026-02-17 06:28:00+00:00,1.81,615.6,123228
2026-02-17 06:29:00+00:00,1.68,614.6,138121
2026-02-17 06:30:00+00:00,1.65,618.0,125605
2026-02-17 06:31:00+00:00,1.51,617.1,125132
2026-02-17 06:32:00+00:00,1.50,617.9,125170
2026-02-17 06:33:00+00:00,1.74,619.5,133235
2026-02-17 06:34:00+00:00,1.69,619.1,130728
2026-02-17 06:35:00+00:00,1.81,617.5,121163
2026-02-17 06:36:00+00:00,1.93,617.9,117894
2026-02-17 06:37:00+00:00,1.92,620.8,116501
2026-02-17 06:38:00+00:00,1.88,618.6,114985
2026-02-17 06:39:00+00:00,1.80,615.9,106883
2026-02-17 06:40:00+00:00,1.81,615.4,105380
2026-02-17 06:41:00+00:00,1.85,615.5,113001
2026-02-17 06:42:00+00:00,1.66,616.2,107937
2026-02-17 06:43:00+00:00,1.59,611.7,103393
2026-02-17 06:44:00+00:00,1.77,610.9,107458
2026-02-17 06:45:00+00:00,1.65,607.4,103154
2026-02-17 06:46:00+00:00,1.74,604.1,97439
2026-02-17 06:47:00+00:00,1.67,604.0,92840
2026-02-17 06:48:00+00:00,1.81,606.8,104871
2026-02-17 06:49:00+00:00,1.84,610.4,111843
2026-02-17 06:50:00+00:00,1.66,612.4,114023
2026-02-17 06:51:00+00:00,1.84,611.4,118638
2026-02-17 06:52:00+00:00,1.88,615.2,114489
2026-02-17 06:53:00+00:00,1.84,617.0,116883
2026-02-17 06:54:00+00:00,1.87,616.6,114519
2026-02-17 06:55:00+00:00,1.94,616.1,112431
2026-02-17 06:56:00+00:00,1.92,614.9,114061
2026-02-17 06:57:00+00:00,1.88,614.4,114616
2026-02-17 06:58:00+00:00,1.90,616.1,118028
2026-02-17 06:59:00+00:00,1.70,614.2,117405
2026-02-17 07:00:00+00:00,1.73,613.6,119680
2026-02-17 07:01:00+00:00,1.88,611.1,131948
2026-02-17 07:02:00+00:00,1.49,617.2,125177
2026-02-17 07:03:00+00:00,1.64,615.1,129029
2026-02-17 07:04:00+00:00,1.82,624.3,139938
2026-02-17 07:05:00+00:00,1.89,617.9,124936
2026-02-17 07:06:00+00:00,1.79,599.3,121933
2026-02-17 07:07:00+00:00,1.60,596.0,157035
2026-02-17 07:08:00+00:00,0.61,616.0,226756
2026-02-17 07:09:00+00:00,0.16,600.0,166693
2026-02-17 07:10:00+00:00,0.33,603.2,166037
2026-02-17 07:11:00+00:00,0.47,618.6,209708
2026-02-17 07:12:00+00:00,0.33,626.4,226496
2026-02-17 07:13:00+00:00,0.33,631.8,238695
2026-02-17 07:14:00+00:00,0.32,632.7,237706
2026-02-17 07:15:00+00:00,0.30,609.6,177895
2026-02-17 07:16:00+00:00,0.33,621.7,152191
2026-02-17 07:17:00+00:00,0.32,622.6,151342
2026-02-17 07:18:00+00:00,0.27,631.4,143337
2026-02-17 07:19:00+00:00,0.42,608.3,222621
2026-02-17 07:20:00+00:00,0.44,615.7,229670
2026-02-17 07:21:00+00:00,0.40,624.1,260523
2026-02-17 07:22:00+00:00,0.49,617.8,271917
2026-02-17 07:23:00+00:00,0.63,613.6,245856
2026-02-17 07:24:00+00:00,0.73,602.7,206800
2026-02-17 07:25:00+00:00,0.60,608.3,224164
2026-02-17 07:26:00+00:00,0.45,609.8,233976
2026-02-17 07:27:00+00:00,0.39,615.5,219164
2026-02-17 07:28:00+00:00,0.39,621.0,227112
2026-02-17 07:29:00+00:00,0.38,617.6,226727
2026-02-17 07:30:00+00:00,0.43,613.5,185451
2026-02-17 07:31:00+00:00,0.78,587.9,184201
2026-02-17 07:32:00+00:00,0.69,594.2,221972
2026-02-17 07:33:00+00:00,0.72,593.5,217126
2026-02-17 07:34:00+00:00,1.05,585.5,163133
2026-02-17 07:35:00+00:00,1.88,581.2,122621
2026-02-17 07:36:00+00:00,1.70,581.4,117725
2026-02-17 07:37:00+00:00,1.30,581.3,134949
2026-02-17 07:38:00+00:00,1.25,581.3,137258
2026-02-17 07:39:00+00:00,0.70,591.6,212526
2026-02-17 07:40:00+00:00,0.70,585.1,181411
2026-02-17 07:41:00+00:00,0.66,588.5,199985
2026-02-17 07:42:00+00:00,0.55,597.2,218968
2026-02-17 07:43:00+00:00,0.47,603.8,224390
2026-02-17 07:44:00+00:00,0.42,608.8,234782
2026-02-17 07:45:00+00:00,0.42,607.6,240801
2026-02-17 07:46:00+00:00,0.52,599.8,227757
2026-02-17 07:47:00+00:00,0.55,601.5,193143
2026-02-17 07:48:00+00:00,0.47,606.1,212948
2026-02-17 07:49:00+00:00,0.61,593.8,212240
2026-02-17 07:50:00+00:00,0.93,596.4,140872
2026-02-17 07:51:00+00:00,1.02,592.9,137581
2026-02-17 07:52:00+00:00,0.36,614.0,218615
2026-02-17 07:53:00+00:00,0.40,615.5,205345
2026-02-17 07:54:00+00:00,0.38,628.2,155011
2026-02-17 07:55:00+00:00,0.44,623.8,164354
2026-02-17 07:56:00+00:00,1.07,594.3,165541
2026-02-17 07:57:00+00:00,0.82,604.6,198117
2026-02-17 07:58:00+00:00,0.68,610.1,179294
2026-02-17 07:59:00+00:00,1.01,600.9,136436
2026-02-17 08:00:00+00:00,1.07,600.1,133567
2026-02-17 08:01:00+00:00,0.88,605.7,124713
2026-02-17 08:02:00+00:00,1.02,608.4,94725
2026-02-17 08:03:00+00:00,1.46,597.5,114274
2026-02-17 08:04:00+00:00,1.39,595.4,133374
2026-02-17 08:05:00+00:00,0.64,599.6,199683
2026-02-17 08:06:00+00:00,0.65,599.3,199385
2026-02-17 08:07:00+00:00,1.00,585.6,181824
2026-02-17 08:08:00+00:00,0.82,591.2,227850
2026-02-17 08:09:00+00:00,1.26,586.7,165799
2026-02-17 08:10:00+00:00,0.63,604.4,249044
2026-02-17 08:11:00+00:00,0.52,604.6,238257
2026-02-17 08:12:00+00:00,0.58,614.6,290073
2026-02-17 08:13:00+00:00,0.90,600.5,216526
2026-02-17 08:14:00+00:00,0.97,589.0,172270
2026-02-17 08:15:00+00:00,1.16,586.1,165049
2026-02-17 08:16:00+00:00,1.64,585.3,130035
2026-02-17 08:17:00+00:00,1.99,588.0,110161
2026-02-17 08:18:00+00:00,1.83,588.7,107622
2026-02-17 08:19:00+00:00,1.16,592.8,122193
2026-02-17 08:20:00+00:00,2.12,580.1,104303
2026-02-17 08:21:00+00:00,1.71,577.6,95186
2026-02-17 08:22:00+00:00,1.61,578.2,105951
2026-02-17 08:23:00+00:00,1.19,582.2,155089
2026-02-17 08:24:00+00:00,0.96,581.6,171764
2026-02-17 08:25:00+00:00,0.68,588.3,211074
2026-02-17 08:26:00+00:00,0.69,584.6,200329
2026-02-17 08:27:00+00:00,0.68,588.7,220356
2026-02-17 08:28:00+00:00,0.48,609.3,195966
2026-02-17 08:29:00+00:00,0.26,601.4,179383
2026-02-17 08:30:00+00:00,0.23,575.8,139445
2026-02-17 08:31:00+00:00,0.40,580.1,163283
2026-02-17 08:32:00+00:00,0.55,600.0,228664
2026-02-17 08:33:00+00:00,0.61,600.3,232782
2026-02-17 08:34:00+00:00,0.81,591.8,210723
2026-02-17 08:35:00+00:00,1.13,582.4,175371
2026-02-17 08:36:00+00:00,1.02,585.0,184117
2026-02-17 08:37:00+00:00,0.95,581.2,208001
2026-02-17 08:38:00+00:00,1.21,,
2026-02-17 08:39:00+00:00,1.21,586.3,194077
2026-02-17 08:40:00+00:00,1.06,590.1,158091
2026-02-17 08:41:00+00:00,0.81,589.5,174774
2026-02-17 08:42:00+00:00,0.81,592.9,180543
2026-02-17 08:43:00+00:00,0.99,584.2,185321
2026-02-17 08:44:00+00:00,1.06,577.8,185334
2026-02-17 08:45:00+00:00,1.28,576.8,177703
2026-02-17 08:46:00+00:00,1.51,577.9,144693
2026-02-17 08:47:00+00:00,1.68,580.1,125360
2026-02-17 08:48:00+00:00,1.66,580.3,131309
2026-02-17 08:49:00+00:00,1.44,576.3,134196
2026-02-17 08:50:00+00:00,1.39,574.7,141494
2026-02-17 08:51:00+00:00,1.51,577.8,151056
2026-02-17 08:52:00+00:00,1.74,575.8,134073
2026-02-17 08:53:00+00:00,1.53,577.7,151522
2026-02-17 08:54:00+00:00,1.69,577.4,143009
2026-02-17 08:55:00+00:00,1.60,575.8,158029
2026-02-17 08:56:00+00:00,1.60,575.2,162600
2026-02-17 08:57:00+00:00,1.68,575.6,144315
2026-02-17 08:58:00+00:00,1.68,579.2,133534
2026-02-17 08:59:00+00:00,1.24,576.1,151503
2026-02-17 09:00:00+00:00,1.30,574.3,153856
2026-02-17 09:01:00+00:00,1.29,574.3,158390
2026-02-17 09:02:00+00:00,1.22,575.3,167485
2026-02-17 09:03:00+00:00,1.01,578.7,190088
2026-02-17 09:04:00+00:00,0.67,583.1,238542
2026-02-17 09:05:00+00:00,0.52,589.9,268321
2026-02-17 09:06:00+00:00,0.61,594.5,244602
2026-02-17 09:07:00+00:00,0.77,583.3,235915
2026-02-17 09:08:00+00:00,0.69,578.4,215644
2026-02-17 09:09:00+00:00,0.36,553.7,68293
2026-02-17 09:10:00+00:00,0.48,596.3,253901
2026-02-17 09:12:00+00:00,0.56,592.1,253756
2026-02-17 09:13:00+00:00,0.21,559.4,101774
2026-02-17 09:14:00+00:00,0.45,572.6,114680
2026-02-17 09:15:00+00:00,0.51,587.9,209924
2026-02-17 09:16:00+00:00,0.51,590.4,241523
2026-02-17 09:17:00+00:00,0.61,601.5,310385
2026-02-17 09:18:00+00:00,0.78,596.6,243533
2026-02-17 09:19:00+00:00,0.68,586.5,166635
2026-02-17 09:20:00+00:00,0.53,592.1,189793
2026-02-17 09:21:00+00:00,0.58,587.6,166044
2026-02-17 09:22:00+00:00,0.69,574.9,147456
2026-02-17 09:23:00+00:00,0.86,597.5,273619
2026-02-17 09:24:00+00:00,0.29,583.9,265576
2026-02-17 09:25:00+00:00,0.38,585.1,290186
2026-02-17 09:26:00+00:00,0.35,558.3,77671
2026-02-17 09:27:00+00:00,0.90,615.6,284568
2026-02-17 09:28:00+00:00,0.71,590.8,110682
2026-02-17 09:29:00+00:00,0.41,580.7,116867
2026-02-17 09:30:00+00:00,0.55,608.6,242958
2026-02-17 09:31:00+00:00,0.23,594.3,281296
2026-02-17 09:32:00+00:00,0.10,607.2,344191
2026-02-17 09:33:00+00:00,0.35,588.5,202310
2026-02-17 09:34:00+00:00,0.53,611.4,148542
2026-02-17 09:35:00+00:00,0.44,623.2,198034
2026-02-17 09:36:00+00:00,0.36,599.5,217980
2026-02-17 09:37:00+00:00,0.28,587.5,184965
2026-02-17 09:38:00+00:00,0.09,584.8,118832
2026-02-17 09:39:00+00:00,0.13,624.3,206946
2026-02-17 09:40:00+00:00,0.05,616.3,290465
2026-02-17 09:41:00+00:00,0.06,628.6,329053
2026-02-17 09:42:00+00:00,0.12,621.3,194107
2026-02-17 09:43:00+00:00,0.63,568.0,108302
2026-02-17 09:44:00+00:00,0.63,,
2026-02-17 09:45:00+00:00,0.17,595.8,158499
2026-02-17 09:46:00+00:00,0.10,572.7,124628
2026-02-17 09:47:00+00:00,0.23,605.6,130034
2026-02-17 09:48:00+00:00,0.42,627.1,204383
2026-02-17 09:49:00+00:00,0.27,615.8,156429
2026-02-17 09:50:00+00:00,0.34,601.4,103017
2026-02-17 09:51:00+00:00,0.34,606.3,115949
2026-02-17 09:52:00+00:00,0.13,596.9,122736
2026-02-17 09:53:00+00:00,0.35,592.5,147024
2026-02-17 09:54:00+00:00,0.76,624.1,199921
2026-02-17 09:55:00+00:00,0.63,604.5,155375
2026-02-17 09:56:00+00:00,0.53,618.1,159773
2026-02-17 09:57:00+00:00,0.69,624.6,147204
2026-02-17 09:58:00+00:00,0.51,583.6,133858
2026-02-17 09:59:00+00:00,0.55,590.1,241606
2026-02-17 10:02:00+00:00,0.23,550.0,27491
2026-02-17 10:03:00+00:00,0.46,590.3,169300
2026-02-17 10:04:00+00:00,0.45,586.5,152461
2026-02-17 10:05:00+00:00,0.57,600.9,295016
2026-02-17 10:06:00+00:00,0.72,599.3,281063
2026-02-17 10:07:00+00:00,0.82,588.2,189654
2026-02-17 10:08:00+00:00,0.79,587.4,199961
2026-02-17 10:09:00+00:00,0.76,585.6,202811
2026-02-17 10:10:00+00:00,1.07,583.5,192386
2026-02-17 10:11:00+00:00,1.30,567.6,155949
2026-02-17 10:12:00+00:00,0.93,558.6,123013
2026-02-17 10:13:00+00:00,2.52,585.1,162557
2026-02-17 10:14:00+00:00,3.27,588.6,195875
2026-02-17 10:15:00+00:00,2.13,571.1,121908
2026-02-17 10:16:00+00:00,0.91,563.3,108959
2026-02-17 10:17:00+00:00,0.85,562.9,108278
2026-02-17 10:18:00+00:00,1.43,589.0,256837
2026-02-17 10:19:00+00:00,1.29,575.7,200420
2026-02-17 10:20:00+00:00,1.62,582.2,236034
2026-02-17 10:21:00+00:00,1.66,576.2,202433
2026-02-17 10:22:00+00:00,1.34,569.8,170490
2026-02-17 10:23:00+00:00,0.74,563.0,139153
2026-02-17 10:24:00+00:00,0.99,567.2,154991
2026-02-17 10:25:00+00:00,1.68,577.2,200174
2026-02-17 10:26:00+00:00,1.19,566.3,153621
2026-02-17 10:27:00+00:00,1.14,568.5,171049
2026-02-17 10:28:00+00:00,1.16,566.3,163843
2026-02-17 10:29:00+00:00,1.46,572.2,196083
2026-02-17 10:30:00+00:00,0.93,574.6,187854
2026-02-17 10:31:00+00:00,1.33,569.6,187295
2026-02-17 10:32:00+00:00,1.80,576.7,209330
2026-02-17 10:33:00+00:00,1.24,568.6,179963
2026-02-17 10:34:00+00:00,1.58,577.5,197991
2026-02-17 10:35:00+00:00,0.84,566.0,167729
2026-02-17 10:36:00+00:00,1.38,578.5,219946
2026-02-17 10:37:00+00:00,1.32,582.0,232804
2026-02-17 10:38:00+00:00,1.08,576.0,202194
2026-02-17 10:39:00+00:00,1.34,580.7,227237
2026-02-17 10:40:00+00:00,1.16,581.6,225609
2026-02-17 10:41:00+00:00,0.78,576.9,185070
2026-02-17 10:42:00+00:00,1.11,583.8,228210
2026-02-17 10:43:00+00:00,0.90,578.5,236918
2026-02-17 10:44:00+00:00,1.09,586.2,269523
2026-02-17 10:45:00+00:00,1.38,580.0,205383
2026-02-17 10:46:00+00:00,1.37,575.6,168726
2026-02-17 10:47:00+00:00,1.35,569.1,157052
2026-02-17 10:48:00+00:00,1.42,573.6,176132
2026-02-17 10:49:00+00:00,1.26,566.3,152532
2026-02-17 10:50:00+00:00,1.24,565.3,149283
2026-02-17 10:51:00+00:00,1.60,567.2,141543
2026-02-17 10:52:00+00:00,1.60,564.3,125208
2026-02-17 10:53:00+00:00,1.92,571.0,149118
2026-02-17 10:54:00+00:00,1.82,570.7,148720
2026-02-17 10:55:00+00:00,1.92,574.3,167673
2026-02-17 10:56:00+00:00,2.04,577.0,181300
2026-02-17 10:57:00+00:00,1.55,567.1,147587
2026-02-17 10:58:00+00:00,1.41,565.1,136466
2026-02-17 10:59:00+00:00,1.54,564.2,104517
2026-02-17 11:00:00+00:00,0.78,556.1,99009
2026-02-17 11:01:00+00:00,1.97,578.1,137219
2026-02-17 11:02:00+00:00,1.08,543.0,64237
2026-02-17 11:03:00+00:00,1.58,566.0,125634
2026-02-17 11:04:00+00:00,1.29,565.4,128148
2026-02-17 11:05:00+00:00,1.87,572.6,167016
2026-02-17 11:06:00+00:00,0.85,557.1,132493
2026-02-17 11:07:00+00:00,1.01,563.1,144515
2026-02-17 11:08:00+00:00,1.08,564.5,147821
2026-02-17 11:09:00+00:00,0.91,560.4,129557
2026-02-17 11:10:00+00:00,1.41,572.7,178632
2026-02-17 11:11:00+00:00,1.49,575.0,188121
2026-02-17 11:12:00+00:00,1.15,568.2,158080
2026-02-17 11:13:00+00:00,0.97,566.5,151370
2026-02-17 11:14:00+00:00,0.58,560.3,127241
2026-02-17 11:15:00+00:00,1.10,574.8,182057
2026-02-17 11:16:00+00:00,1.34,577.6,200638
2026-02-17 11:17:00+00:00,0.93,567.5,162707
2026-02-17 11:18:00+00:00,1.40,577.2,188121
2026-02-17 11:19:00+00:00,1.03,569.1,139292
2026-02-17 11:20:00+00:00,1.15,570.7,145277
2026-02-17 11:21:00+00:00,0.44,553.0,121934
2026-02-17 11:22:00+00:00,1.49,576.1,194568
2026-02-17 11:23:00+00:00,1.75,581.8,211576
2026-02-17 11:24:00+00:00,1.11,572.1,173177
2026-02-17 11:25:00+00:00,0.74,563.0,153453
2026-02-17 11:26:00+00:00,0.94,573.3,209402
2026-02-17 11:27:00+00:00,1.07,576.7,223746
2026-02-17 11:28:00+00:00,0.66,563.6,172792
2026-02-17 11:29:00+00:00,0.73,560.8,131813
2026-02-17 11:30:00+00:00,1.22,563.6,108789
2026-02-17 11:31:00+00:00,0.96,569.7,220330
2026-02-17 11:32:00+00:00,0.78,579.3,266590
2026-02-17 11:33:00+00:00,0.28,554.9,93730
2026-02-17 11:34:00+00:00,0.39,536.8,22334
2026-02-17 11:35:00+00:00,0.72,573.4,245083
2026-02-17 11:36:00+00:00,0.62,584.4,258212
2026-02-17 11:37:00+00:00,0.41,567.9,164805
2026-02-17 11:38:00+00:00,0.81,581.9,235918
2026-02-17 11:39:00+00:00,0.44,590.5,254218
2026-02-17 11:40:00+00:00,0.52,573.1,147914
2026-02-17 11:41:00+00:00,0.66,600.6,213382
2026-02-17 11:42:00+00:00,0.72,598.9,216336
2026-02-17 11:43:00+00:00,0.87,577.7,203730
2026-02-17 11:44:00+00:00,0.76,570.7,203917
2026-02-17 11:45:00+00:00,0.64,575.7,173348
2026-02-17 11:46:00+00:00,0.86,595.4,230085
2026-02-17 11:47:00+00:00,0.49,581.0,207007
2026-02-17 11:48:00+00:00,0.53,571.2,200079
2026-02-17 11:49:00+00:00,0.99,588.6,295479
2026-02-17 11:50:00+00:00,0.64,570.3,184711
2026-02-17 11:51:00+00:00,0.95,565.8,178849
2026-02-17 11:52:00+00:00,0.37,557.6,135521
2026-02-17 11:53:00+00:00,0.51,539.1,30491
2026-02-17 11:54:00+00:00,1.07,563.3,159691
2026-02-17 11:55:00+00:00,1.29,564.6,155174
2026-02-17 11:56:00+00:00,1.32,563.1,142985
2026-02-17 11:57:00+00:00,1.02,590.3,198896
2026-02-17 11:58:00+00:00,0.87,579.8,187767
2026-02-17 11:59:00+00:00,0.86,569.6,175861
2026-02-17 12:00:00+00:00,1.08,572.1,191074
2026-02-17 12:01:00+00:00,1.31,575.2,190449
2026-02-17 12:02:00+00:00,1.48,569.6,159625
2026-02-17 12:03:00+00:00,1.27,566.9,191506
2026-02-17 12:04:00+00:00,0.70,560.6,152038
2026-02-17 12:05:00+00:00,1.56,578.0,191543
2026-02-17 12:06:00+00:00,1.35,570.2,193071
2026-02-17 12:07:00+00:00,1.21,574.1,143906
2026-02-17 12:08:00+00:00,1.54,582.1,203267
2026-02-17 12:09:00+00:00,1.47,563.1,97350
2026-02-17 12:10:00+00:00,1.90,568.1,115927
2026-02-17 12:11:00+00:00,1.48,565.5,149133
2026-02-17 12:12:00+00:00,1.85,573.8,201235
2026-02-17 12:13:00+00:00,1.39,563.9,159720
2026-02-17 12:14:00+00:00,2.13,569.1,142411
2026-02-17 12:15:00+00:00,3.09,580.7,159617
2026-02-17 12:16:00+00:00,1.04,563.6,105108
2026-02-17 12:17:00+00:00,1.52,567.7,103243
2026-02-17 12:18:00+00:00,2.38,577.5,97667
2026-02-17 12:19:00+00:00,2.39,588.6,107977
2026-02-17 12:20:00+00:00,2.79,606.1,159158
2026-02-17 12:21:00+00:00,2.76,591.6,125316
2026-02-17 12:22:00+00:00,2.04,583.1,90914
2026-02-17 12:25:00+00:00,2.13,575.1,88044
2026-02-17 12:26:00+00:00,2.27,581.4,88199
2026-02-17 12:27:00+00:00,2.16,593.0,101409
2026-02-17 12:30:00+00:00,2.33,591.0,89851
2026-02-17 12:31:00+00:00,2.23,587.0,86692
2026-02-17 12:32:00+00:00,2.23,585.0,87714
2026-02-17 12:33:00+00:00,2.11,579.0,100420
2026-02-17 12:34:00+00:00,1.72,563.0,107995
2026-02-17 12:35:00+00:00,1.99,566.6,95224
2026-02-17 12:36:00+00:00,2.19,569.7,93943
2026-02-17 12:37:00+00:00,1.97,564.0,110757
2026-02-17 12:38:00+00:00,1.97,564.0,111593
2026-02-17 12:39:00+00:00,2.04,565.4,110368
2026-02-17 12:40:00+00:00,2.10,562.3,99045
2026-02-17 12:41:00+00:00,2.05,573.6,91039
2026-02-17 12:42:00+00:00,1.94,563.4,88120
2026-02-17 12:43:00+00:00,2.04,566.4,84118
2026-02-17 12:44:00+00:00,2.19,576.1,84220
2026-02-17 12:45:00+00:00,2.25,575.6,84096
2026-02-17 12:46:00+00:00,2.09,568.5,83901
2026-02-17 12:47:00+00:00,2.00,563.9,86687
2026-02-17 12:48:00+00:00,2.24,564.3,82489
2026-02-17 12:49:00+00:00,2.30,568.0,75550
2026-02-17 12:50:00+00:00,1.89,569.2,85168
2026-02-17 12:51:00+00:00,1.85,563.8,94834
2026-02-17 12:52:00+00:00,1.95,564.3,87008
2026-02-17 12:53:00+00:00,1.95,566.1,75377
2026-02-17 12:54:00+00:00,2.00,567.9,87811
2026-02-17 12:55:00+00:00,2.56,565.4,65931
2026-02-17 12:56:00+00:00,2.21,563.5,77308
2026-02-17 12:57:00+00:00,2.11,570.0,79877
2026-02-17 12:58:00+00:00,2.04,570.9,78939
2026-02-17 12:59:00+00:00,1.71,573.7,82044
2026-02-17 13:00:00+00:00,1.75,581.6,78204
2026-02-17 13:03:00+00:00,2.03,564.0,75648
2026-02-17 13:04:00+00:00,1.98,569.9,76488
2026-02-17 13:05:00+00:00,2.04,578.9,81281
2026-02-17 13:06:00+00:00,2.30,580.4,85673
2026-02-17 13:07:00+00:00,2.18,578.4,81659
2026-02-17 13:08:00+00:00,1.77,575.8,88443
2026-02-17 13:09:00+00:00,1.90,599.9,87021
2026-02-17 13:10:00+00:00,1.67,596.8,69871
2026-02-17 13:11:00+00:00,2.07,594.8,84707
2026-02-17 13:12:00+00:00,2.42,605.4,89666
2026-02-17 13:13:00+00:00,1.90,600.5,85062
2026-02-17 13:14:00+00:00,1.71,602.5,89734
2026-02-17 13:15:00+00:00,1.70,603.5,97180
2026-02-17 13:16:00+00:00,1.71,602.9,94494
2026-02-17 13:17:00+00:00,2.08,604.2,83280
2026-02-17 13:18:00+00:00,1.93,594.0,80053
2026-02-17 13:19:00+00:00,1.74,584.6,83110
2026-02-17 13:20:00+00:00,1.86,583.6,84483
2026-02-17 13:21:00+00:00,1.89,579.6,86644
2026-02-17 13:22:00+00:00,1.84,576.3,88154
2026-02-17 13:23:00+00:00,1.67,580.2,83353
2026-02-17 13:24:00+00:00,1.87,575.6,83077
2026-02-17 13:25:00+00:00,1.71,575.4,74978
2026-02-17 13:26:00+00:00,1.93,576.9,83798
2026-02-17 13:27:00+00:00,1.29,587.0,95188
2026-02-17 13:28:00+00:00,1.93,587.5,93221
2026-02-17 13:29:00+00:00,1.91,574.5,86627
2026-02-17 13:30:00+00:00,1.66,576.3,81946
2026-02-17 13:31:00+00:00,1.66,568.9,72995
2026-02-17 13:32:00+00:00,1.60,567.9,80080
2026-02-17 13:33:00+00:00,1.67,571.1,82130
2026-02-17 13:36:00+00:00,1.78,563.7,81077
2026-02-17 13:37:00+00:00,1.79,561.9,82481
2026-02-17 13:38:00+00:00,1.82,570.1,87553
2026-02-17 13:39:00+00:00,1.83,591.6,92218
2026-02-17 13:40:00+00:00,1.73,563.2,85137
2026-02-17 13:41:00+00:00,1.65,562.8,77426
2026-02-17 13:42:00+00:00,1.49,563.7,80652
2026-02-17 13:43:00+00:00,1.65,563.1,89941
2026-02-17 13:44:00+00:00,1.46,564.8,87373
2026-02-17 13:45:00+00:00,1.64,562.1,87842
2026-02-17 13:46:00+00:00,1.44,560.5,97651
2026-02-17 13:47:00+00:00,1.50,565.9,92795
2026-02-17 13:48:00+00:00,1.64,568.9,87553
2026-02-17 13:49:00+00:00,1.57,568.8,84117
2026-02-17 13:50:00+00:00,1.50,570.6,85191
2026-02-17 13:51:00+00:00,1.38,572.3,87814
2026-02-17 13:52:00+00:00,1.16,571.5,92782
2026-02-17 13:53:00+00:00,1.01,569.4,100226
2026-02-17 13:54:00+00:00,0.97,568.3,101349
2026-02-17 13:55:00+00:00,0.99,571.3,106849
2026-02-17 13:56:00+00:00,0.93,570.8,139503
2026-02-17 13:57:00+00:00,1.09,566.3,123348
2026-02-17 13:58:00+00:00,0.88,567.5,106283
2026-02-17 13:59:00+00:00,0.51,594.2,223125
2026-02-17 14:00:00+00:00,0.92,572.2,167594
2026-02-17 14:01:00+00:00,0.78,576.1,199604
2026-02-17 14:02:00+00:00,0.68,586.4,182018
2026-02-17 14:03:00+00:00,0.66,582.6,214102
2026-02-17 14:04:00+00:00,0.71,575.9,215671
2026-02-17 14:05:00+00:00,0.63,585.0,186317
2026-02-17 14:06:00+00:00,0.69,584.7,173722
2026-02-17 14:07:00+00:00,0.80,578.8,175804
2026-02-17 14:09:00+00:00,0.58,588.6,185994
2026-02-17 14:10:00+00:00,0.58,589.3,182425
2026-02-17 14:11:00+00:00,0.57,590.0,173756
2026-02-17 14:12:00+00:00,0.61,587.3,175912
2026-02-17 14:13:00+00:00,0.53,592.4,180263
2026-02-17 14:14:00+00:00,0.56,592.7,172876
2026-02-17 14:15:00+00:00,0.48,606.6,103529
2026-02-17 14:16:00+00:00,0.47,602.8,125981
2026-02-17 14:17:00+00:00,0.57,588.6,173069
2026-02-17 14:18:00+00:00,0.49,600.1,122675
2026-02-17 14:19:00+00:00,0.56,595.4,144299
2026-02-17 14:20:00+00:00,0.71,584.0,150018
2026-02-17 14:21:00+00:00,0.80,577.4,151643
2026-02-17 14:22:00+00:00,0.91,572.0,165880
2026-02-17 14:23:00+00:00,1.01,570.0,171246
2026-02-17 14:24:00+00:00,1.01,571.0,158729
2026-02-17 14:25:00+00:00,0.81,578.1,164388
2026-02-17 14:26:00+00:00,0.50,592.1,192764
2026-02-17 14:27:00+00:00,0.51,590.6,181221
2026-02-17 14:28:00+00:00,0.66,582.5,172969
2026-02-17 14:29:00+00:00,0.56,587.5,192795
2026-02-17 14:30:00+00:00,0.46,596.7,178788
2026-02-17 14:31:00+00:00,0.49,598.6,165441
2026-02-17 14:32:00+00:00,0.45,606.8,102911
2026-02-17 14:33:00+00:00,0.44,605.1,112069
2026-02-17 14:34:00+00:00,0.47,602.9,116677
2026-02-17 14:35:00+00:00,0.45,605.1,110665
2026-02-17 14:36:00+00:00,0.19,605.5,174114
2026-02-17 14:37:00+00:00,0.30,606.7,135899
2026-02-17 14:38:00+00:00,0.42,609.0,86253
2026-02-17 14:39:00+00:00,0.44,607.4,96224
2026-02-17 14:40:00+00:00,0.46,604.6,112980
2026-02-17 14:42:00+00:00,0.44,608.4,85038
2026-02-17 14:43:00+00:00,0.44,607.9,87565
2026-02-17 14:44:00+00:00,0.45,606.1,96215
2026-02-17 14:45:00+00:00,0.42,606.3,93242
2026-02-17 14:46:00+00:00,0.48,606.8,91986
2026-02-17 14:47:00+00:00,0.53,598.2,161851
2026-02-17 14:48:00+00:00,0.60,588.7,178479
2026-02-17 14:49:00+00:00,0.87,576.3,183359
2026-02-17 14:50:00+00:00,0.81,579.4,188226
2026-02-17 14:51:00+00:00,0.80,579.7,195278
2026-02-17 14:52:00+00:00,0.71,584.0,190458
2026-02-17 14:53:00+00:00,0.87,577.3,182094
2026-02-17 14:54:00+00:00,0.95,574.3,190038
2026-02-17 14:55:00+00:00,0.94,573.0,198054
2026-02-17 14:56:00+00:00,1.13,567.9,185612
2026-02-17 14:57:00+00:00,1.38,564.7,170982
2026-02-17 14:58:00+00:00,1.41,562.3,169348
2026-02-17 14:59:00+00:00,1.41,561.5,162053
2026-02-17 15:00:00+00:00,1.23,568.9,166330
2026-02-17 15:01:00+00:00,1.39,569.4,148827
2026-02-17 15:02:00+00:00,0.84,581.6,151503
2026-02-17 15:03:00+00:00,1.35,564.7,142940
2026-02-17 15:04:00+00:00,2.05,558.5,115813
2026-02-17 15:05:00+00:00,2.39,562.2,93775
2026-02-17 15:06:00+00:00,2.37,563.6,98524
2026-02-17 15:07:00+00:00,2.16,565.0,92083
2026-02-17 15:08:00+00:00,2.11,563.7,98972
2026-02-17 15:09:00+00:00,2.29,563.6,93099
2026-02-17 15:10:00+00:00,2.34,563.5,92039
2026-02-17 15:11:00+00:00,1.99,562.6,114957
2026-02-17 15:12:00+00:00,1.74,560.4,131785
2026-02-17 15:13:00+00:00,1.84,558.0,127602
2026-02-17 15:15:00+00:00,1.55,559.7,149300
2026-02-17 15:16:00+00:00,1.49,559.9,151798
2026-02-17 15:17:00+00:00,1.28,561.2,159509
2026-02-17 15:18:00+00:00,2.36,562.5,88993
2026-02-17 15:19:00+00:00,1.85,560.2,112696
2026-02-17 15:20:00+00:00,2.44,559.4,88392
2026-02-17 15:21:00+00:00,2.20,557.4,93288
2026-02-17 15:22:00+00:00,1.84,554.4,103136
2026-02-17 15:23:00+00:00,2.00,554.9,88310
2026-02-17 15:24:00+00:00,2.05,554.3,86986
2026-02-17 15:25:00+00:00,2.13,556.8,93582
2026-02-17 15:26:00+00:00,2.17,559.6,89682
2026-02-17 15:27:00+00:00,2.07,561.3,94116
2026-02-17 15:28:00+00:00,2.07,562.3,95713
2026-02-17 15:29:00+00:00,2.18,562.9,84931
2026-02-17 15:30:00+00:00,2.18,562.5,89293
2026-02-17 15:31:00+00:00,2.21,558.9,91343
2026-02-17 15:32:00+00:00,2.21,557.4,89883
2026-02-17 15:33:00+00:00,2.25,565.6,82408
2026-02-17 15:34:00+00:00,2.08,566.2,77275
2026-02-17 15:35:00+00:00,2.58,564.5,79661
2026-02-17 15:36:00+00:00,2.04,565.4,80995
2026-02-17 15:37:00+00:00,2.66,570.7,85486
2026-02-17 15:38:00+00:00,2.06,569.1,82639
2026-02-17 15:39:00+00:00,2.01,566.9,88178
2026-02-17 15:40:00+00:00,2.10,559.6,94780
2026-02-17 15:41:00+00:00,2.21,558.8,96341
2026-02-17 15:42:00+00:00,2.20,562.2,97457
2026-02-17 15:43:00+00:00,2.25,561.8,91642
2026-02-17 15:44:00+00:00,2.35,559.6,84165
2026-02-17 15:46:00+00:00,1.81,552.5,93205
2026-02-17 15:47:00+00:00,0.69,536.0,71958
2026-02-17 15:50:00+00:00,2.27,583.7,101987
2026-02-17 15:51:00+00:00,0.89,546.4,35045
2026-02-17 15:52:00+00:00,1.98,594.6,103933
2026-02-17 15:53:00+00:00,1.85,569.2,107328
2026-02-17 15:54:00+00:00,1.79,560.3,95770
2026-02-17 15:55:00+00:00,1.71,558.9,107490
2026-02-17 15:56:00+00:00,2.02,565.8,136063
2026-02-17 15:57:00+00:00,1.87,562.4,124350
2026-02-17 15:58:00+00:00,0.98,546.7,89606
2026-02-17 16:00:00+00:00,2.05,559.0,80245
2026-02-17 16:01:00+00:00,2.19,560.2,88254
2026-02-17 16:02:00+00:00,2.38,563.2,96683
2026-02-17 16:03:00+00:00,2.32,567.7,88431
2026-02-17 16:04:00+00:00,2.67,575.8,113593
2026-02-17 16:05:00+00:00,1.94,572.5,88757
2026-02-17 16:06:00+00:00,1.39,553.2,62032
2026-02-17 16:07:00+00:00,2.59,582.9,146904
2026-02-17 16:08:00+00:00,2.08,574.7,108217
2026-02-17 16:09:00+00:00,2.91,578.2,140577
2026-02-17 16:10:00+00:00,1.01,543.3,73963
2026-02-17 16:11:00+00:00,1.77,565.3,108119
2026-02-17 16:12:00+00:00,2.80,576.3,155815
2026-02-17 16:13:00+00:00,2.67,573.8,145796
2026-02-17 16:14:00+00:00,2.08,572.9,114562
2026-02-17 16:15:00+00:00,1.83,569.5,96569
2026-02-17 16:16:00+00:00,1.87,568.3,93759
2026-02-17 16:17:00+00:00,1.40,561.9,74929
2026-02-17 16:18:00+00:00,0.97,557.4,59607
2026-02-17 16:19:00+00:00,2.21,596.3,126843
2026-02-17 16:20:00+00:00,1.92,593.3,134091
2026-02-17 16:21:00+00:00,1.99,596.9,118961
2026-02-17 16:22:00+00:00,1.99,596.7,118515
2026-02-17 16:23:00+00:00,2.05,584.0,92191
2026-02-17 16:24:00+00:00,1.69,588.6,72956
2026-02-17 16:25:00+00:00,0.99,557.8,32484
2026-02-17 16:26:00+00:00,1.95,603.4,121630
2026-02-17 16:27:00+00:00,2.19,603.0,123762
2026-02-17 16:28:00+00:00,1.99,585.7,89149
2026-02-17 16:29:00+00:00,1.08,561.6,47096
2026-02-17 16:30:00+00:00,1.17,572.4,58442
2026-02-17 16:31:00+00:00,1.71,591.2,81817
2026-02-17 16:32:00+00:00,1.81,594.0,82819
2026-02-17 16:33:00+00:00,1.78,594.1,84054
2026-02-17 16:34:00+00:00,1.71,582.1,85572
2026-02-17 16:35:00+00:00,1.86,563.5,90251
2026-02-17 16:36:00+00:00,1.19,562.0,69029
2026-02-17 16:37:00+00:00,0.89,539.1,47913
2026-02-17 16:38:00+00:00,2.38,571.0,145029
2026-02-17 16:39:00+00:00,2.79,566.9,129922
2026-02-17 16:40:00+00:00,2.96,569.5,133262
2026-02-17 16:41:00+00:00,0.92,540.8,77743
2026-02-17 16:42:00+00:00,2.43,562.2,128845
2026-02-17 16:43:00+00:00,2.12,559.4,117147
2026-02-17 16:44:00+00:00,1.39,550.2,87029
2026-02-17 16:45:00+00:00,1.73,557.1,99429
2026-02-17 16:46:00+00:00,2.05,580.4,116306
2026-02-17 16:47:00+00:00,2.13,603.7,132662
2026-02-17 16:48:00+00:00,1.93,585.8,110950
2026-02-17 16:49:00+00:00,1.81,553.5,96113
2026-02-17 16:50:00+00:00,2.23,563.4,159473
2026-02-17 16:51:00+00:00,1.87,557.5,149669
2026-02-17 16:52:00+00:00,1.76,554.8,145264
2026-02-17 16:53:00+00:00,0.78,536.0,90127
2026-02-17 16:54:00+00:00,3.02,,
2026-02-17 16:55:00+00:00,3.02,602.8,264037
2026-02-17 16:56:00+00:00,0.81,534.7,70151
2026-02-17 16:57:00+00:00,2.03,574.6,155294
2026-02-17 16:58:00+00:00,2.69,577.6,170090
2026-02-17 16:59:00+00:00,2.37,572.8,164668
2026-02-17 17:00:00+00:00,1.20,541.6,90441
2026-02-17 17:01:00+00:00,1.75,557.9,139818
2026-02-17 17:02:00+00:00,2.20,569.5,151283
2026-02-17 17:03:00+00:00,2.05,558.9,106654
2026-02-17 17:04:00+00:00,1.92,554.5,114661
2026-02-17 17:05:00+00:00,1.77,555.9,145972
2026-02-17 17:06:00+00:00,1.81,555.9,142284
2026-02-17 17:07:00+00:00,1.52,550.8,117378
2026-02-17 17:08:00+00:00,1.24,544.8,113160
2026-02-17 17:09:00+00:00,2.41,572.5,178249
2026-02-17 17:10:00+00:00,2.13,557.1,124662
2026-02-17 17:11:00+00:00,1.99,554.9,111564
2026-02-17 17:12:00+00:00,1.20,540.1,78993
2026-02-17 17:13:00+00:00,2.10,563.3,147503
2026-02-17 17:14:00+00:00,2.27,562.8,123155
2026-02-17 17:15:00+00:00,1.74,552.2,84710
2026-02-17 17:16:00+00:00,1.96,559.6,101173
2026-02-17 17:17:00+00:00,2.43,571.5,132000
2026-02-17 17:18:00+00:00,2.52,578.8,137167
2026-02-17 17:19:00+00:00,1.63,555.7,90886
2026-02-17 17:20:00+00:00,1.58,549.7,105945
2026-02-17 17:21:00+00:00,2.23,577.3,219849
2026-02-17 17:22:00+00:00,1.18,571.0,256333
2026-02-17 17:23:00+00:00,0.99,564.3,193112
2026-02-17 17:24:00+00:00,1.11,557.3,161794
2026-02-17 17:25:00+00:00,1.12,557.4,167395
2026-02-17 17:26:00+00:00,1.00,569.5,228633
2026-02-17 17:28:00+00:00,1.08,575.1,265643
2026-02-17 17:29:00+00:00,0.65,558.8,121654
2026-02-17 17:30:00+00:00,0.97,566.9,212086
2026-02-17 17:31:00+00:00,0.95,556.2,171040
2026-02-17 17:32:00+00:00,1.33,563.6,208354
2026-02-17 17:33:00+00:00,1.20,562.9,200622
2026-02-17 17:34:00+00:00,1.01,556.3,168878
2026-02-17 17:35:00+00:00,1.16,559.3,202378
2026-02-17 17:36:00+00:00,1.31,563.3,228427
2026-02-17 17:37:00+00:00,1.30,561.5,201586
2026-02-17 17:38:00+00:00,1.13,557.7,176284
2026-02-17 17:39:00+00:00,0.95,549.5,130276
2026-02-17 17:40:00+00:00,1.59,557.1,167510
2026-02-17 17:41:00+00:00,1.42,548.0,119019
2026-02-17 17:42:00+00:00,2.02,559.2,187047
2026-02-17 17:43:00+00:00,1.24,559.4,160094
2026-02-17 17:44:00+00:00,1.29,563.2,181123
2026-02-17 17:45:00+00:00,1.34,555.0,164784
2026-02-17 17:46:00+00:00,0.80,547.9,129434
2026-02-17 17:47:00+00:00,1.32,563.3,216615
2026-02-17 17:48:00+00:00,1.51,561.6,215623
2026-02-17 17:49:00+00:00,1.80,566.6,185964
2026-02-17 17:50:00+00:00,1.55,560.5,149395
2026-02-17 17:51:00+00:00,1.42,558.9,180429
2026-02-17 17:52:00+00:00,1.58,563.7,219602
2026-02-17 17:53:00+00:00,1.52,555.3,170263
2026-02-17 17:54:00+00:00,1.82,552.7,122300
2026-02-17 17:55:00+00:00,2.33,565.6,123008
2026-02-17 17:56:00+00:00,2.56,572.6,150324
2026-02-17 17:57:00+00:00,1.49,560.1,117091
2026-02-17 17:58:00+00:00,0.95,540.4,74324
2026-02-17 17:59:00+00:00,1.85,562.3,120413
2026-02-17 18:00:00+00:00,1.85,,
2026-02-17 18:01:00+00:00,2.16,556.5,123883
2026-02-17 18:02:00+00:00,1.42,553.5,155685
2026-02-17 18:03:00+00:00,1.28,560.8,189369
2026-02-17 18:04:00+00:00,2.25,567.6,188278
2026-02-17 18:05:00+00:00,1.67,550.0,124441
2026-02-17 18:06:00+00:00,1.38,542.1,86947
2026-02-17 18:07:00+00:00,1.85,549.6,112880
2026-02-17 18:08:00+00:00,2.04,554.7,140665
2026-02-17 18:09:00+00:00,1.65,548.3,123076
2026-02-17 18:10:00+00:00,1.27,542.2,121800
2026-02-17 18:11:00+00:00,2.20,560.9,190879
2026-02-17 18:12:00+00:00,2.40,559.2,161053
2026-02-17 18:13:00+00:00,2.30,555.1,136483
2026-02-17 18:14:00+00:00,1.96,557.1,181091
2026-02-17 18:15:00+00:00,1.70,548.4,130649
2026-02-17 18:16:00+00:00,1.68,555.6,169610
2026-02-17 18:17:00+00:00,0.65,536.5,92662
2026-02-17 18:18:00+00:00,1.70,555.8,148653
2026-02-17 18:19:00+00:00,1.73,554.9,155851
2026-02-17 18:20:00+00:00,1.67,555.9,166517
2026-02-17 18:21:00+00:00,1.24,549.6,134679
2026-02-17 18:22:00+00:00,1.79,555.2,141435
2026-02-17 18:23:00+00:00,2.26,558.3,144381
2026-02-17 18:24:00+00:00,1.65,549.6,126522
2026-02-17 18:25:00+00:00,1.51,550.6,147226
2026-02-17 18:26:00+00:00,2.16,558.6,171836
2026-02-17 18:27:00+00:00,1.64,553.0,162717
2026-02-17 18:28:00+00:00,1.19,547.8,125218
2026-02-17 18:29:00+00:00,0.92,547.3,139593
2026-02-17 18:30:00+00:00,2.16,572.8,249564
2026-02-17 18:31:00+00:00,1.50,554.5,178486
2026-02-17 18:32:00+00:00,1.60,549.7,148216
2026-02-17 18:33:00+00:00,1.60,549.5,146622
2026-02-17 18:34:00+00:00,1.66,556.8,201730
2026-02-17 18:35:00+00:00,1.39,552.7,178261
2026-02-17 18:36:00+00:00,0.88,546.5,139682
2026-02-17 18:37:00+00:00,1.55,558.4,195186
2026-02-17 18:38:00+00:00,1.72,556.7,190374
2026-02-17 18:39:00+00:00,1.55,555.2,179133
2026-02-17 18:40:00+00:00,1.34,557.7,170233
2026-02-17 18:41:00+00:00,1.58,560.8,149119
2026-02-17 18:42:00+00:00,2.66,572.0,183948
2026-02-17 18:43:00+00:00,1.77,551.0,110685
2026-02-17 18:44:00+00:00,1.42,547.2,102912
2026-02-17 18:45:00+00:00,2.26,560.3,140707
2026-02-17 18:46:00+00:00,2.71,565.3,151747
2026-02-17 18:47:00+00:00,1.72,551.4,110127
2026-02-17 18:48:00+00:00,0.75,531.3,76377
2026-02-17 18:49:00+00:00,1.86,563.0,195717
2026-02-17 18:50:00+00:00,1.88,570.6,183099
2026-02-17 18:51:00+00:00,1.43,554.5,137121
2026-02-17 18:52:00+00:00,1.34,554.2,144688
2026-02-17 18:53:00+00:00,1.05,558.8,141993
2026-02-17 18:54:00+00:00,1.02,554.7,135428
2026-02-17 18:55:00+00:00,1.19,545.7,114738
2026-02-17 18:56:00+00:00,1.70,548.2,101175
2026-02-17 18:57:00+00:00,2.28,557.1,125105
2026-02-17 18:58:00+00:00,2.04,553.6,140024
2026-02-17 18:59:00+00:00,1.61,546.8,115587
2026-02-17 19:00:00+00:00,0.87,534.5,81747
2026-02-17 19:01:00+00:00,2.32,562.8,139102
2026-02-17 19:02:00+00:00,1.85,550.5,110432
2026-02-17 19:03:00+00:00,1.54,549.7,119028
2026-02-17 19:04:00+00:00,2.20,565.1,199318
2026-02-17 19:05:00+00:00,1.19,540.0,90724
2026-02-17 19:06:00+00:00,1.05,536.5,75823
2026-02-17 19:08:00+00:00,2.17,568.7,215049
2026-02-17 19:09:00+00:00,1.90,559.5,176858
2026-02-17 19:10:00+00:00,1.85,556.1,161530
2026-02-17 19:11:00+00:00,1.51,548.6,129618
2026-02-17 19:12:00+00:00,1.49,551.3,140884
2026-02-17 19:13:00+00:00,1.77,561.8,178652
2026-02-17 19:14:00+00:00,1.25,549.3,120627
2026-02-17 19:15:00+00:00,1.71,556.4,159989
2026-02-17 19:16:00+00:00,2.06,567.1,208952
2026-02-17 19:17:00+00:00,1.10,551.9,143504
2026-02-17 19:18:00+00:00,1.15,550.7,139872
2026-02-17 19:19:00+00:00,1.36,555.1,156632
2026-02-17 19:20:00+00:00,1.82,573.3,242174
2026-02-17 19:21:00+00:00,2.24,558.3,114197
2026-02-17 19:22:00+00:00,2.20,552.6,93885
2026-02-17 19:23:00+00:00,1.85,551.6,121625
2026-02-17 19:24:00+00:00,1.58,550.5,124881
2026-02-17 19:25:00+00:00,1.55,555.9,161797
2026-02-17 19:26:00+00:00,1.27,540.9,127061
2026-02-17 19:27:00+00:00,1.06,541.7,197707
2026-02-17 19:28:00+00:00,1.49,567.2,281044
2026-02-17 19:29:00+00:00,1.91,572.4,208044
2026-02-17 19:30:00+00:00,1.43,553.6,159650
2026-02-17 19:31:00+00:00,0.79,538.7,91792
2026-02-17 19:32:00+00:00,1.11,545.3,108256
2026-02-17 19:33:00+00:00,1.45,553.0,151840
2026-02-17 19:34:00+00:00,0.97,541.1,116730
2026-02-17 19:35:00+00:00,2.03,560.3,170690
2026-02-17 19:36:00+00:00,1.31,547.9,122967
2026-02-17 19:37:00+00:00,1.52,555.6,142518
2026-02-17 19:38:00+00:00,0.90,532.1,87301
2026-02-17 19:39:00+00:00,0.76,526.6,74251
2026-02-17 19:40:00+00:00,2.10,604.6,411638
2026-02-17 19:41:00+00:00,1.28,577.4,233250
2026-02-17 19:42:00+00:00,0.77,559.2,117325
2026-02-17 19:43:00+00:00,0.89,559.7,132232
2026-02-17 19:44:00+00:00,1.13,565.5,197022
2026-02-17 19:45:00+00:00,1.06,553.9,194793
2026-02-17 19:46:00+00:00,0.84,539.7,134809
2026-02-17 19:47:00+00:00,1.34,583.6,269761
2026-02-17 19:48:00+00:00,1.30,573.9,206583
2026-02-17 19:49:00+00:00,1.05,569.1,172327
2026-02-17 19:50:00+00:00,0.76,543.6,101141
2026-02-17 19:51:00+00:00,0.95,570.9,148432
2026-02-17 19:52:00+00:00,0.91,566.5,129913
2026-02-17 19:53:00+00:00,0.84,559.0,108239
2026-02-17 19:54:00+00:00,1.10,589.0,209919
2026-02-17 19:55:00+00:00,1.01,578.2,150885
2026-02-17 19:56:00+00:00,1.02,573.1,142102
2026-02-17 19:57:00+00:00,0.88,557.9,113871
2026-02-17 19:58:00+00:00,0.93,575.9,168232
2026-02-17 19:59:00+00:00,0.99,583.3,179754
2026-02-17 20:00:00+00:00,0.92,572.7,158687
2026-02-17 20:01:00+00:00,0.83,575.0,166851
2026-02-17 20:02:00+00:00,0.86,561.6,125147
2026-02-17 20:03:00+00:00,1.36,551.1,184152
2026-02-17 20:04:00+00:00,1.12,539.1,104310
2026-02-17 20:05:00+00:00,0.59,530.2,113445
2026-02-17 20:06:00+00:00,1.50,553.8,180152
2026-02-17 20:07:00+00:00,1.56,550.1,178589
2026-02-17 20:08:00+00:00,1.16,549.4,167462
2026-02-17 20:09:00+00:00,0.67,530.3,100254
2026-02-17 20:10:00+00:00,1.07,538.3,101986
2026-02-17 20:11:00+00:00,1.22,538.3,118055
2026-02-17 20:12:00+00:00,1.24,537.6,122623
2026-02-17 20:13:00+00:00,1.44,553.8,240017
2026-02-17 20:14:00+00:00,1.14,538.5,153947
2026-02-17 20:15:00+00:00,0.88,533.0,115751
2026-02-17 20:16:00+00:00,0.73,535.4,135784
2026-02-17 20:17:00+00:00,0.81,535.1,141415
2026-02-17 20:18:00+00:00,1.34,548.5,186998
2026-02-17 20:19:00+00:00,1.32,549.1,178730
2026-02-17 20:20:00+00:00,1.11,543.1,162562
2026-02-17 20:21:00+00:00,0.89,533.3,123181
2026-02-17 20:22:00+00:00,1.20,551.7,172459
2026-02-17 20:23:00+00:00,1.14,535.5,134672
2026-02-17 20:24:00+00:00,0.57,529.3,110522
2026-02-17 20:25:00+00:00,1.33,546.6,174786
2026-02-17 20:26:00+00:00,1.01,539.9,144984
2026-02-17 20:27:00+00:00,1.08,538.6,156705
2026-02-17 20:28:00+00:00,0.67,528.6,110628
2026-02-17 20:29:00+00:00,0.94,539.5,145490
2026-02-17 20:30:00+00:00,1.24,544.9,170030
2026-02-17 20:31:00+00:00,1.17,540.1,153566
2026-02-17 20:32:00+00:00,1.13,543.7,168850
2026-02-17 20:33:00+00:00,1.08,543.7,163914
2026-02-17 20:34:00+00:00,0.95,535.3,115593
2026-02-17 20:35:00+00:00,0.95,541.0,146047
2026-02-17 20:36:00+00:00,0.62,527.5,107276
2026-02-17 20:37:00+00:00,1.65,552.1,203781
2026-02-17 20:38:00+00:00,1.39,538.8,149376
2026-02-17 20:39:00+00:00,1.24,540.5,156862
2026-02-17 20:40:00+00:00,0.70,525.4,96810
2026-02-17 20:41:00+00:00,1.47,543.4,165614
2026-02-17 20:42:00+00:00,1.28,540.8,161758
2026-02-17 20:43:00+00:00,1.10,540.6,154061
2026-02-17 20:44:00+00:00,1.35,544.2,176957
2026-02-17 20:45:00+00:00,1.48,545.6,188293
2026-02-17 20:46:00+00:00,0.95,521.5,33716
2026-02-17 20:47:00+00:00,1.01,529.3,91902
2026-02-17 20:48:00+00:00,1.26,544.5,183113
2026-02-17 20:49:00+00:00,1.32,544.7,182387
2026-02-17 20:50:00+00:00,1.02,530.8,118900
2026-02-17 20:51:00+00:00,1.29,538.3,150685
2026-02-17 20:52:00+00:00,1.31,535.1,142607
2026-02-17 20:53:00+00:00,1.01,534.6,136919
2026-02-17 20:54:00+00:00,1.24,535.4,162142
2026-02-17 20:55:00+00:00,0.84,540.8,220952
2026-02-17 20:56:00+00:00,0.86,556.8,250795
2026-02-17 20:57:00+00:00,0.86,557.5,266252
2026-02-17 20:58:00+00:00,0.84,532.4,154293
2026-02-17 20:59:00+00:00,0.84,538.2,168230
2026-02-17 21:00:00+00:00,0.91,542.1,192447
2026-02-17 21:01:00+00:00,1.13,541.9,218514
2026-02-17 21:02:00+00:00,0.93,527.4,156021
2026-02-17 21:03:00+00:00,1.12,520.5,109380
2026-02-17 21:04:00+00:00,1.57,528.4,128412
2026-02-17 21:05:00+00:00,1.53,532.2,131207
2026-02-17 21:06:00+00:00,1.25,525.1,113417
2026-02-17 21:07:00+00:00,0.85,515.5,99264
2026-02-17 21:08:00+00:00,2.01,542.0,176624
2026-02-17 21:09:00+00:00,1.66,525.4,100544
2026-02-17 21:10:00+00:00,1.80,544.1,133618
2026-02-17 21:11:00+00:00,1.61,527.3,105403
2026-02-17 21:12:00+00:00,1.28,518.8,87219
2026-02-17 21:13:00+00:00,1.82,531.9,135485
2026-02-17 21:14:00+00:00,0.72,503.9,82257
2026-02-17 21:15:00+00:00,1.24,512.9,103615
2026-02-17 21:16:00+00:00,1.46,515.1,113298
2026-02-17 21:17:00+00:00,1.82,519.3,145262
2026-02-17 21:18:00+00:00,2.06,522.8,165680
2026-02-17 21:19:00+00:00,1.69,516.3,133407
2026-02-17 21:20:00+00:00,1.52,513.9,122899
2026-02-17 21:21:00+00:00,1.23,510.8,111090
2026-02-17 21:22:00+00:00,1.38,516.7,132178
2026-02-17 21:23:00+00:00,1.83,526.4,157779
2026-02-17 21:24:00+00:00,1.35,514.8,112833
2026-02-17 21:25:00+00:00,2.03,527.8,143007
2026-02-17 21:26:00+00:00,0.67,504.4,99199
2026-02-17 21:27:00+00:00,2.40,541.8,166988
2026-02-17 21:28:00+00:00,1.93,530.9,166244
2026-02-17 21:29:00+00:00,1.40,528.5,162896
2026-02-17 21:30:00+00:00,0.98,521.4,123652
2026-02-17 21:31:00+00:00,1.01,525.9,150952
2026-02-17 21:32:00+00:00,0.95,527.7,147971
2026-02-17 21:33:00+00:00,0.78,526.7,149215
2026-02-17 21:34:00+00:00,1.00,539.5,215023
2026-02-17 21:35:00+00:00,0.93,550.4,218581
2026-02-17 21:36:00+00:00,0.76,546.8,209926
2026-02-17 21:37:00+00:00,0.81,533.2,204137
2026-02-17 21:38:00+00:00,0.60,526.1,129216
2026-02-17 21:39:00+00:00,0.79,552.9,212565
2026-02-17 21:40:00+00:00,0.59,563.2,130745
2026-02-17 21:41:00+00:00,0.57,567.6,116083
2026-02-17 21:42:00+00:00,0.65,575.8,176541
2026-02-17 21:43:00+00:00,1.23,514.9,108137
2026-02-17 21:44:00+00:00,2.09,553.9,116140
2026-02-17 21:45:00+00:00,1.57,517.4,55624
2026-02-17 21:46:00+00:00,2.15,559.2,114018
2026-02-17 21:47:00+00:00,2.11,541.2,110709
2026-02-17 21:48:00+00:00,1.89,529.9,99163
2026-02-17 21:49:00+00:00,1.69,528.5,101449
2026-02-17 21:50:00+00:00,1.97,538.7,116766
2026-02-17 21:51:00+00:00,2.27,547.3,126845
2026-02-17 21:52:00+00:00,0.94,494.6,34927
2026-02-17 21:53:00+00:00,1.37,522.2,67053
2026-02-17 21:54:00+00:00,2.30,570.6,141631
2026-02-17 21:55:00+00:00,2.46,563.4,163487
2026-02-17 21:56:00+00:00,1.72,555.8,95955
2026-02-17 21:57:00+00:00,0.99,525.8,53812
2026-02-17 21:58:00+00:00,2.48,598.7,221627
2026-02-17 21:59:00+00:00,2.58,575.4,140117
2026-02-17 22:00:00+00:00,2.26,558.6,88625
2026-02-17 22:01:00+00:00,2.46,560.0,58093
2026-02-17 22:02:00+00:00,1.87,541.1,31120
2026-02-17 22:03:00+00:00,1.93,562.3,80084
2026-02-17 22:04:00+00:00,1.77,543.8,51420
2026-02-17 22:05:00+00:00,1.99,559.7,58729
2026-02-17 22:06:00+00:00,2.14,572.6,73142
2026-02-17 22:07:00+00:00,2.35,560.5,82626
2026-02-17 22:08:00+00:00,2.13,541.1,78715
2026-02-17 22:09:00+00:00,1.66,537.8,65989
2026-02-17 22:10:00+00:00,1.96,556.8,81054
2026-02-17 22:11:00+00:00,1.70,545.8,63196
2026-02-17 22:12:00+00:00,1.68,537.2,56346
2026-02-17 22:13:00+00:00,2.12,566.6,72321
2026-02-17 22:14:00+00:00,2.19,546.0,54586
2026-02-17 22:15:00+00:00,2.00,550.7,58789
2026-02-17 22:16:00+00:00,1.86,533.6,46043
2026-02-17 22:17:00+00:00,2.11,573.4,107526
2026-02-17 22:18:00+00:00,1.85,544.5,54487
2026-02-17 22:19:00+00:00,2.12,564.2,63043
2026-02-17 22:20:00+00:00,2.27,566.8,57735
2026-02-17 22:21:00+00:00,2.39,564.7,71713
2026-02-17 22:22:00+00:00,2.35,557.7,77200
2026-02-17 22:23:00+00:00,2.22,548.7,70498
2026-02-17 22:24:00+00:00,2.17,545.8,69345
2026-02-17 22:25:00+00:00,3.28,579.4,182725
2026-02-17 22:26:00+00:00,2.97,569.6,160434
2026-02-17 22:27:00+00:00,2.05,543.4,94807
2026-02-17 22:28:00+00:00,1.76,544.5,78672
2026-02-17 22:29:00+00:00,2.84,581.1,167118
2026-02-17 22:30:00+00:00,1.79,554.6,63110
2026-02-17 22:31:00+00:00,1.97,555.9,74493
2026-02-17 22:32:00+00:00,2.19,533.2,80973
2026-02-17 22:33:00+00:00,2.14,536.4,92330
2026-02-17 22:34:00+00:00,2.14,540.6,92928
2026-02-17 22:35:00+00:00,2.04,548.6,85001
2026-02-17 22:36:00+00:00,2.22,548.7,81004
2026-02-17 22:37:00+00:00,2.16,541.8,79547
2026-02-17 22:38:00+00:00,2.05,541.2,71989
2026-02-17 22:39:00+00:00,1.76,543.3,61818
2026-02-17 22:40:00+00:00,1.65,541.8,62134
2026-02-17 22:41:00+00:00,1.86,543.7,72783
2026-02-17 22:42:00+00:00,1.83,549.6,80635
2026-02-17 22:43:00+00:00,2.08,548.5,83243
2026-02-17 22:44:00+00:00,2.29,552.0,82028
2026-02-17 22:45:00+00:00,2.26,558.0,78596
2026-02-17 22:46:00+00:00,2.23,563.0,74142
2026-02-17 22:47:00+00:00,2.46,568.3,68181
2026-02-17 22:48:00+00:00,2.11,551.3,79000
2026-02-17 22:49:00+00:00,2.24,553.9,77661
2026-02-17 22:50:00+00:00,2.06,549.6,79746
2026-02-17 22:51:00+00:00,2.66,550.0,85760
2026-02-17 22:52:00+00:00,2.40,550.3,78863
2026-02-17 22:53:00+00:00,2.20,542.3,75959
2026-02-17 22:54:00+00:00,2.24,536.7,76377
2026-02-17 22:55:00+00:00,2.30,532.9,77940
2026-02-17 22:56:00+00:00,2.42,534.4,77511
2026-02-17 22:57:00+00:00,2.53,541.1,74214
2026-02-17 22:58:00+00:00,2.73,562.0,96850
2026-02-17 22:59:00+00:00,2.62,560.0,88991
2026-02-17 23:00:00+00:00,2.21,549.2,65722
2026-02-17 23:01:00+00:00,2.01,529.5,95691
2026-02-17 23:02:00+00:00,1.25,534.0,104529
2026-02-17 23:03:00+00:00,1.73,535.4,84422
2026-02-17 23:04:00+00:00,1.70,528.5,112684
2026-02-17 23:05:00+00:00,1.56,530.7,102020
2026-02-17 23:06:00+00:00,1.52,530.9,111953
2026-02-17 23:07:00+00:00,1.31,529.8,114238
2026-02-17 23:08:00+00:00,2.33,548.0,85538
2026-02-17 23:09:00+00:00,2.71,549.9,75178
2026-02-17 23:10:00+00:00,2.60,541.4,77555
2026-02-17 23:11:00+00:00,2.47,534.7,79113
2026-02-17 23:12:00+00:00,2.21,533.8,76997
2026-02-17 23:13:00+00:00,2.13,537.4,75603
2026-02-17 23:14:00+00:00,2.38,535.3,84150
2026-02-17 23:15:00+00:00,2.33,531.0,88036
2026-02-17 23:16:00+00:00,1.86,535.0,81420
2026-02-17 23:17:00+00:00,1.96,529.4,100806
2026-02-17 23:18:00+00:00,1.71,528.3,111017
2026-02-17 23:19:00+00:00,1.82,531.5,93583
2026-02-17 23:20:00+00:00,2.19,535.3,85274
2026-02-17 23:21:00+00:00,2.39,537.5,85189
2026-02-17 23:22:00+00:00,2.26,539.8,81168
2026-02-17 23:23:00+00:00,2.11,540.9,83960
2026-02-17 23:24:00+00:00,2.05,539.9,80563
2026-02-17 23:25:00+00:00,2.09,540.3,85153
2026-02-17 23:26:00+00:00,2.14,541.5,84209
2026-02-17 23:27:00+00:00,2.07,539.8,84476
2026-02-17 23:28:00+00:00,2.05,538.5,89429
2026-02-17 23:29:00+00:00,1.95,540.0,92468
2026-02-17 23:30:00+00:00,1.49,539.6,97644
2026-02-17 23:31:00+00:00,1.82,539.6,94991
2026-02-17 23:32:00+00:00,1.81,539.1,95729
2026-02-17 23:33:00+00:00,1.80,536.6,99366
2026-02-17 23:34:00+00:00,1.84,538.2,93320
2026-02-17 23:35:00+00:00,2.32,533.9,90617
2026-02-17 23:36:00+00:00,2.01,537.1,91886
2026-02-17 23:37:00+00:00,2.11,539.1,89939
2026-02-17 23:38:00+00:00,2.34,539.0,87582
2026-02-17 23:39:00+00:00,2.44,539.9,81296
2026-02-17 23:40:00+00:00,2.33,539.1,87588
2026-02-17 23:41:00+00:00,2.29,538.2,90111
2026-02-17 23:42:00+00:00,2.25,535.6,91553
2026-02-17 23:43:00+00:00,2.03,536.5,93700
2026-02-17 23:44:00+00:00,1.90,538.9,95063
2026-02-17 23:45:00+00:00,1.82,538.0,103136
2026-02-17 23:46:00+00:00,1.44,537.9,118037
2026-02-17 23:47:00+00:00,1.37,537.1,123240
2026-02-17 23:48:00+00:00,1.22,532.5,119086
2026-02-17 23:49:00+00:00,1.06,534.7,124192
2026-02-17 23:50:00+00:00,0.92,537.5,134234
2026-02-17 23:51:00+00:00,0.64,551.1,130865
2026-02-17 23:52:00+00:00,1.46,537.9,105967
2026-02-17 23:53:00+00:00,1.73,533.0,111674
2026-02-17 23:54:00+00:00,2.09,531.9,83578
2026-02-17 23:55:00+00:00,2.27,531.5,72967
2026-02-17 23:56:00+00:00,2.53,531.4,75366
2026-02-17 23:57:00+00:00,2.43,530.9,71531
2026-02-17 23:58:00+00:00,2.17,529.6,71544
2026-02-17 23:59:00+00:00,2.14,529.1,72457
2026-02-18 00:00:00+00:00,2.15,531.6,77458
2026-02-18 00:01:00+00:00,1.99,533.6,84920
2026-02-18 00:02:00+00:00,1.79,532.6,85335
2026-02-18 00:03:00+00:00,1.45,533.7,97823
2026-02-18 00:04:00+00:00,1.07,541.9,114786
2026-02-18 00:05:00+00:00,1.09,541.5,114291
2026-02-18 00:06:00+00:00,1.36,536.7,108673
2026-02-18 00:07:00+00:00,0.68,555.0,98848
2026-02-18 00:08:00+00:00,0.76,550.4,105925
2026-02-18 00:09:00+00:00,1.14,543.0,110333
2026-02-18 00:10:00+00:00,0.99,545.4,117144
2026-02-18 00:11:00+00:00,0.73,547.9,136843
2026-02-18 00:12:00+00:00,0.62,555.6,130784
2026-02-18 00:13:00+00:00,0.79,558.0,119904
2026-02-18 00:14:00+00:00,0.90,558.6,112946
2026-02-18 00:15:00+00:00,0.82,561.4,100374
2026-02-18 00:16:00+00:00,0.70,563.0,95392
2026-02-18 00:17:00+00:00,0.66,561.8,113369
2026-02-18 00:18:00+00:00,1.12,559.1,123127
2026-02-18 00:19:00+00:00,2.37,553.8,95961
2026-02-18 00:20:00+00:00,2.54,547.5,90724
2026-02-18 00:21:00+00:00,2.70,551.4,97086
2026-02-18 00:22:00+00:00,2.33,550.6,95246
2026-02-18 00:23:00+00:00,2.39,553.4,98613
2026-02-18 00:24:00+00:00,2.52,553.8,87519
2026-02-18 00:25:00+00:00,2.61,554.3,89277
2026-02-18 00:26:00+00:00,2.61,546.8,89224
2026-02-18 00:27:00+00:00,2.64,545.3,88241
2026-02-18 00:28:00+00:00,2.66,545.9,86815
2026-02-18 00:29:00+00:00,2.42,546.6,90635
2026-02-18 00:30:00+00:00,2.33,542.8,92230
2026-02-18 00:31:00+00:00,2.32,540.1,89914
2026-02-18 00:32:00+00:00,2.31,540.4,90673
2026-02-18 00:33:00+00:00,2.36,541.0,92866
2026-02-18 00:34:00+00:00,2.26,540.7,96480
2026-02-18 00:35:00+00:00,2.10,535.3,109711
2026-02-18 00:36:00+00:00,1.85,537.6,107779
2026-02-18 00:37:00+00:00,1.51,540.5,135636
2026-02-18 00:38:00+00:00,1.51,540.6,136236
2026-02-18 00:39:00+00:00,1.31,547.6,171620
2026-02-18 00:40:00+00:00,1.19,551.6,164643
2026-02-18 00:41:00+00:00,1.16,549.4,180328
2026-02-18 00:42:00+00:00,1.12,555.5,179194
2026-02-18 00:43:00+00:00,1.27,550.6,175055
2026-02-18 00:44:00+00:00,1.04,558.1,141225
2026-02-18 00:45:00+00:00,0.95,560.5,144417
2026-02-18 00:46:00+00:00,1.05,555.1,162405
2026-02-18 00:47:00+00:00,1.14,551.3,171214
2026-02-18 00:48:00+00:00,1.12,553.1,171988
2026-02-18 00:49:00+00:00,1.09,555.1,172025
2026-02-18 00:50:00+00:00,1.17,553.6,177823
2026-02-18 00:51:00+00:00,1.09,556.4,174251
2026-02-18 00:52:00+00:00,1.02,558.0,175638
2026-02-18 00:53:00+00:00,0.95,559.0,166684
2026-02-18 00:54:00+00:00,1.30,549.5,184434
2026-02-18 00:55:00+00:00,1.24,552.8,150729
2026-02-18 00:56:00+00:00,1.17,554.9,166689
2026-02-18 00:57:00+00:00,1.15,553.9,152378
2026-02-18 00:58:00+00:00,1.89,538.5,133223
2026-02-18 00:59:00+00:00,1.88,536.3,116380
2026-02-18 01:00:00+00:00,1.92,536.5,113398
2026-02-18 01:01:00+00:00,1.81,541.0,119115
2026-02-18 01:02:00+00:00,1.86,540.6,127164
2026-02-18 01:03:00+00:00,1.87,539.3,132135
2026-02-18 01:04:00+00:00,1.79,539.4,133011
2026-02-18 01:05:00+00:00,1.81,538.3,134596
2026-02-18 01:06:00+00:00,1.78,538.7,136335
2026-02-18 01:07:00+00:00,1.88,537.2,130640
2026-02-18 01:08:00+00:00,1.98,537.7,124166
2026-02-18 01:09:00+00:00,2.13,538.2,119352
2026-02-18 01:10:00+00:00,1.63,,
2026-02-18 01:11:00+00:00,1.63,544.3,118555
2026-02-18 01:12:00+00:00,1.71,540.9,121999
2026-02-18 01:13:00+00:00,1.73,539.4,123982
2026-02-18 01:14:00+00:00,2.08,537.5,127953
2026-02-18 01:15:00+00:00,1.82,541.4,131919
2026-02-18 01:16:00+00:00,1.90,543.5,126578
2026-02-18 01:17:00+00:00,1.55,548.3,136052
2026-02-18 01:18:00+00:00,1.31,550.0,138866
2026-02-18 01:19:00+00:00,1.35,546.1,145950
2026-02-18 01:20:00+00:00,1.59,541.0,143837
2026-02-18 01:21:00+00:00,1.94,537.8,122651
2026-02-18 01:22:00+00:00,1.94,538.1,123655
2026-02-18 01:23:00+00:00,1.56,543.6,135703
2026-02-18 01:24:00+00:00,1.35,546.9,141742
2026-02-18 01:25:00+00:00,1.75,540.2,135798
2026-02-18 01:26:00+00:00,1.35,548.1,134632
2026-02-18 01:27:00+00:00,1.15,550.9,145363
2026-02-18 01:28:00+00:00,1.52,530.8,111275
2026-02-18 01:29:00+00:00,1.57,532.0,128738
2026-02-18 01:30:00+00:00,1.94,531.8,115462
2026-02-18 01:31:00+00:00,2.11,544.5,97907
2026-02-18 01:32:00+00:00,2.31,546.5,92499
2026-02-18 01:33:00+00:00,2.45,542.8,90059
2026-02-18 01:34:00+00:00,2.13,536.5,101427
2026-02-18 01:35:00+00:00,1.83,534.4,114535
2026-02-18 01:36:00+00:00,2.03,538.1,111203
2026-02-18 01:37:00+00:00,2.09,537.4,108685
2026-02-18 01:38:00+00:00,1.61,531.4,122371
2026-02-18 01:39:00+00:00,1.68,530.8,124577
2026-02-18 01:40:00+00:00,1.83,530.5,112022
2026-02-18 01:41:00+00:00,1.72,537.8,104284
2026-02-18 01:42:00+00:00,1.83,533.1,112506
2026-02-18 01:44:00+00:00,1.29,535.7,149474
2026-02-18 01:45:00+00:00,1.49,534.9,137890
2026-02-18 01:46:00+00:00,1.34,537.6,141792
2026-02-18 01:47:00+00:00,1.31,534.8,135546
2026-02-18 01:48:00+00:00,1.63,531.6,138967
2026-02-18 01:49:00+00:00,1.52,534.6,157372
2026-02-18 01:50:00+00:00,1.42,533.7,150512
2026-02-18 01:51:00+00:00,1.61,529.8,130750
2026-02-18 01:52:00+00:00,1.72,528.3,122697
2026-02-18 01:53:00+00:00,1.70,527.6,121306
2026-02-18 01:54:00+00:00,1.72,526.9,124529
2026-02-18 01:55:00+00:00,1.63,526.6,129551
2026-02-18 01:56:00+00:00,1.71,524.9,128235
2026-02-18 01:57:00+00:00,1.66,524.9,123705
2026-02-18 01:58:00+00:00,1.89,524.2,119158
2026-02-18 01:59:00+00:00,1.69,527.3,134028
2026-02-18 02:00:00+00:00,1.99,522.8,117855
2026-02-18 02:01:00+00:00,1.94,523.4,114890
2026-02-18 02:02:00+00:00,1.81,525.2,112511
2026-02-18 02:03:00+00:00,1.81,525.8,116378
2026-02-18 02:04:00+00:00,1.99,524.2,108857
2026-02-18 02:05:00+00:00,2.06,526.5,100821
2026-02-18 02:06:00+00:00,2.07,526.7,97733
2026-02-18 02:07:00+00:00,1.83,527.1,115338
2026-02-18 02:08:00+00:00,1.65,532.0,130836
2026-02-18 02:09:00+00:00,1.53,539.0,121506
2026-02-18 02:10:00+00:00,1.47,540.9,112705
2026-02-18 02:11:00+00:00,2.36,531.5,109122
2026-02-18 02:12:00+00:00,1.98,531.4,118065
2026-02-18 02:13:00+00:00,1.41,536.1,152747
2026-02-18 02:14:00+00:00,2.06,530.8,107140
2026-02-18 02:15:00+00:00,2.11,526.6,112730
2026-02-18 02:16:00+00:00,2.11,,
2026-02-18 02:17:00+00:00,2.09,527.0,99104
2026-02-18 02:18:00+00:00,2.13,532.1,92846
2026-02-18 02:19:00+00:00,2.02,530.3,98349
2026-02-18 02:20:00+00:00,1.93,528.6,110225
2026-02-18 02:21:00+00:00,1.83,528.4,127458
2026-02-18 02:22:00+00:00,1.83,529.3,132006
2026-02-18 02:23:00+00:00,1.73,530.2,138106
2026-02-18 02:24:00+00:00,1.65,530.8,138300
2026-02-18 02:25:00+00:00,1.82,532.6,120013
2026-02-18 02:26:00+00:00,1.98,535.0,113216
2026-02-18 02:27:00+00:00,1.83,534.7,130882
2026-02-18 02:28:00+00:00,1.02,537.2,170146
2026-02-18 02:29:00+00:00,0.78,550.3,185472
2026-02-18 02:30:00+00:00,0.82,541.1,196992
2026-02-18 02:31:00+00:00,0.81,552.2,175029
2026-02-18 02:32:00+00:00,0.74,556.0,135284
2026-02-18 02:33:00+00:00,0.72,558.3,137191
2026-02-18 02:34:00+00:00,0.69,561.0,117522
2026-02-18 02:35:00+00:00,0.66,564.0,105282
2026-02-18 02:36:00+00:00,0.67,564.0,96655
2026-02-18 02:37:00+00:00,0.73,558.3,121908
2026-02-18 02:38:00+00:00,0.85,554.3,153733
2026-02-18 02:39:00+00:00,0.85,557.9,141617
2026-02-18 02:40:00+00:00,0.75,561.7,123447
2026-02-18 02:41:00+00:00,0.77,557.6,146936
2026-02-18 02:42:00+00:00,0.84,552.9,166711
2026-02-18 02:43:00+00:00,0.90,551.5,153361
2026-02-18 02:44:00+00:00,1.28,535.1,150274
2026-02-18 02:45:00+00:00,1.36,533.7,159799
2026-02-18 02:46:00+00:00,1.51,533.7,135405
2026-02-18 02:47:00+00:00,1.78,529.2,133055
2026-02-18 02:48:00+00:00,1.59,529.9,129289
2026-02-18 02:49:00+00:00,1.58,530.0,129090
2026-02-18 02:50:00+00:00,2.86,535.0,99585
2026-02-18 02:51:00+00:00,2.50,544.4,109996
2026-02-18 02:52:00+00:00,2.44,551.3,97136
2026-02-18 02:53:00+00:00,2.43,555.3,90945
2026-02-18 02:54:00+00:00,2.40,550.3,99580
2026-02-18 02:55:00+00:00,1.64,552.3,110728
2026-02-18 02:56:00+00:00,0.94,555.3,132332
2026-02-18 02:57:00+00:00,1.31,542.9,147335
2026-02-18 02:58:00+00:00,1.91,537.5,120785
2026-02-18 02:59:00+00:00,2.36,550.7,91364
2026-02-18 03:00:00+00:00,2.34,553.3,87637
2026-02-18 03:01:00+00:00,2.42,557.8,71913
2026-02-18 03:02:00+00:00,2.42,546.9,77174
2026-02-18 03:03:00+00:00,2.35,539.6,81834
2026-02-18 03:04:00+00:00,2.11,544.7,79242
2026-02-18 03:05:00+00:00,2.34,545.1,84529
2026-02-18 03:06:00+00:00,2.25,539.8,87388
2026-02-18 03:07:00+00:00,1.96,538.6,92278
2026-02-18 03:08:00+00:00,2.05,541.1,90642
2026-02-18 03:09:00+00:00,2.27,542.8,88839
2026-02-18 03:10:00+00:00,2.31,548.0,84512
2026-02-18 03:11:00+00:00,2.24,551.1,79932
2026-02-18 03:12:00+00:00,2.23,549.4,78193
2026-02-18 03:13:00+00:00,2.32,550.1,80062
2026-02-18 03:14:00+00:00,2.04,551.3,115354
2026-02-18 03:15:00+00:00,1.23,543.2,186241
2026-02-18 03:16:00+00:00,1.42,538.4,163840
2026-02-18 03:17:00+00:00,1.40,537.5,174902
2026-02-18 03:18:00+00:00,1.14,545.7,165484
2026-02-18 03:19:00+00:00,0.95,542.9,165548
2026-02-18 03:20:00+00:00,1.35,544.0,155754
2026-02-18 03:21:00+00:00,1.27,537.2,188197
2026-02-18 03:22:00+00:00,1.26,536.3,192550
2026-02-18 03:23:00+00:00,1.56,537.0,167892
2026-02-18 03:24:00+00:00,1.34,539.3,174943
2026-02-18 03:25:00+00:00,1.39,538.3,170884
2026-02-18 03:26:00+00:00,1.47,536.6,176017
2026-02-18 03:27:00+00:00,1.57,535.0,172526
2026-02-18 03:28:00+00:00,1.59,536.9,165007
2026-02-18 03:29:00+00:00,1.52,539.2,168374
2026-02-18 03:30:00+00:00,1.66,534.9,166103
2026-02-18 03:31:00+00:00,1.52,536.7,173418
2026-02-18 03:32:00+00:00,1.28,543.8,167999
2026-02-18 03:33:00+00:00,1.49,538.7,176652
2026-02-18 03:34:00+00:00,1.68,536.1,174533
2026-02-18 03:35:00+00:00,1.20,547.4,164509
2026-02-18 03:36:00+00:00,2.04,534.5,143193
2026-02-18 03:37:00+00:00,1.64,534.9,147440
2026-02-18 03:38:00+00:00,1.68,533.0,155017
2026-02-18 03:39:00+00:00,1.90,531.4,154302
2026-02-18 03:40:00+00:00,1.60,533.9,168036
2026-02-18 03:41:00+00:00,1.44,536.5,167573
2026-02-18 03:42:00+00:00,1.33,538.8,168496
2026-02-18 03:43:00+00:00,1.30,541.8,171497
2026-02-18 03:44:00+00:00,1.39,544.0,159208
2026-02-18 03:45:00+00:00,1.52,541.1,150210
2026-02-18 03:46:00+00:00,1.55,538.8,155590
2026-02-18 03:47:00+00:00,1.14,550.4,135382
2026-02-18 03:48:00+00:00,1.06,555.0,122868
2026-02-18 03:49:00+00:00,1.30,544.9,157869
2026-02-18 03:50:00+00:00,0.97,548.3,164485
2026-02-18 03:51:00+00:00,1.16,548.9,143077
2026-02-18 03:52:00+00:00,0.98,556.2,135569
2026-02-18 03:53:00+00:00,1.02,555.5,140681
2026-02-18 03:54:00+00:00,0.98,556.7,135446
2026-02-18 03:55:00+00:00,0.97,557.1,134108
2026-02-18 03:56:00+00:00,1.21,551.0,147467
2026-02-18 03:57:00+00:00,1.26,544.1,164158
2026-02-18 03:58:00+00:00,1.23,546.3,156589
2026-02-18 04:00:00+00:00,1.17,548.2,152565
2026-02-18 04:01:00+00:00,1.05,550.2,147545
2026-02-18 04:02:00+00:00,0.84,553.8,132949
2026-02-18 04:03:00+00:00,0.83,554.1,117101
2026-02-18 04:04:00+00:00,0.76,556.8,106164
2026-02-18 04:05:00+00:00,0.72,558.1,96364
2026-02-18 04:06:00+00:00,0.72,559.0,104671
2026-02-18 04:07:00+00:00,0.72,557.4,118044
2026-02-18 04:08:00+00:00,0.80,551.9,134263
2026-02-18 04:09:00+00:00,0.67,553.8,103837
2026-02-18 04:10:00+00:00,0.72,554.2,103866
2026-02-18 04:11:00+00:00,0.93,556.1,104071
2026-02-18 04:12:00+00:00,1.12,555.2,108026
2026-02-18 04:13:00+00:00,1.27,551.9,106562
2026-02-18 04:14:00+00:00,1.26,551.5,113476
2026-02-18 04:15:00+00:00,1.18,551.6,104921
2026-02-18 04:16:00+00:00,1.06,551.8,92731
2026-02-18 04:17:00+00:00,0.91,554.8,96295
2026-02-18 04:18:00+00:00,0.89,557.2,95696
2026-02-18 04:19:00+00:00,0.84,556.3,108012
2026-02-18 04:20:00+00:00,0.78,561.1,103927
2026-02-18 04:21:00+00:00,0.61,561.3,108363
2026-02-18 04:22:00+00:00,0.66,558.2,105719
2026-02-18 04:23:00+00:00,0.62,556.6,128069
2026-02-18 04:24:00+00:00,0.68,558.8,129162
2026-02-18 04:25:00+00:00,0.78,556.3,133127
2026-02-18 04:26:00+00:00,1.01,555.5,125016
2026-02-18 04:27:00+00:00,1.04,554.0,127794
2026-02-18 04:28:00+00:00,1.03,553.5,129365
2026-02-18 04:29:00+00:00,1.05,551.2,146217
2026-02-18 04:30:00+00:00,1.05,552.0,137366
2026-02-18 04:31:00+00:00,1.10,548.7,150106
2026-02-18 04:32:00+00:00,1.19,545.8,163460
2026-02-18 04:33:00+00:00,1.36,545.6,146963
2026-02-18 04:34:00+00:00,1.58,541.5,135727
2026-02-18 04:35:00+00:00,1.59,541.2,130379
2026-02-18 04:36:00+00:00,1.55,541.3,122168
2026-02-18 04:37:00+00:00,1.60,540.8,113705
2026-02-18 04:38:00+00:00,1.55,540.7,131422
2026-02-18 04:39:00+00:00,1.93,539.0,119846
2026-02-18 04:40:00+00:00,1.58,540.7,126265
2026-02-18 04:41:00+00:00,1.73,539.3,119660
2026-02-18 04:42:00+00:00,1.72,540.5,106190
2026-02-18 04:43:00+00:00,1.69,540.0,111050
2026-02-18 04:44:00+00:00,1.67,540.2,123988
2026-02-18 04:45:00+00:00,1.98,540.3,118264
2026-02-18 04:46:00+00:00,1.73,540.8,138078
2026-02-18 04:47:00+00:00,1.66,534.6,145841
2026-02-18 04:48:00+00:00,2.08,529.4,122933
2026-02-18 04:49:00+00:00,2.05,529.4,122415
2026-02-18 04:50:00+00:00,1.76,524.3,136860
2026-02-18 04:51:00+00:00,1.94,523.2,124246
2026-02-18 04:52:00+00:00,2.03,524.1,130692
2026-02-18 04:53:00+00:00,2.18,524.5,125429
2026-02-18 04:54:00+00:00,2.25,526.1,119418
2026-02-18 04:55:00+00:00,1.97,527.2,114764
2026-02-18 04:56:00+00:00,2.12,527.6,120133
2026-02-18 04:57:00+00:00,2.18,526.1,113845
2026-02-18 04:58:00+00:00,2.11,525.1,121081
2026-02-18 04:59:00+00:00,2.21,529.0,111808
2026-02-18 05:00:00+00:00,2.41,537.7,99263
2026-02-18 05:01:00+00:00,2.49,541.1,95163
2026-02-18 05:02:00+00:00,2.09,526.5,112007
2026-02-18 05:03:00+00:00,1.97,529.9,106708
2026-02-18 05:04:00+00:00,2.06,534.1,102966
2026-02-18 05:05:00+00:00,2.37,534.4,106291
2026-02-18 05:06:00+00:00,2.34,533.1,108767
2026-02-18 05:07:00+00:00,2.04,535.5,115512
2026-02-18 05:08:00+00:00,1.22,544.1,126554
2026-02-18 05:09:00+00:00,1.42,536.2,118245
2026-02-18 05:10:00+00:00,1.50,539.2,117666
2026-02-18 05:11:00+00:00,2.28,534.6,107506
2026-02-18 05:12:00+00:00,1.84,537.8,115323
2026-02-18 05:13:00+00:00,1.59,538.6,113165
2026-02-18 05:14:00+00:00,1.07,542.7,116092
2026-02-18 05:15:00+00:00,1.32,542.8,127443
2026-02-18 05:16:00+00:00,1.38,543.2,130815
2026-02-18 05:17:00+00:00,1.36,539.5,128411
2026-02-18 05:18:00+00:00,1.28,534.5,135378
2026-02-18 05:19:00+00:00,1.49,531.0,145159
2026-02-18 05:20:00+00:00,1.74,530.2,151219
2026-02-18 05:21:00+00:00,1.93,528.6,139879
2026-02-18 05:22:00+00:00,2.37,524.9,110768
2026-02-18 05:23:00+00:00,2.36,528.2,108638
2026-02-18 05:24:00+00:00,2.71,530.9,101920
2026-02-18 05:25:00+00:00,2.51,536.8,89736
2026-02-18 05:26:00+00:00,2.76,538.6,90205
2026-02-18 05:27:00+00:00,2.59,537.0,98238
2026-02-18 05:28:00+00:00,2.37,531.0,103950
2026-02-18 05:29:00+00:00,2.10,531.5,107801
2026-02-18 05:30:00+00:00,2.42,530.6,97163
2026-02-18 05:31:00+00:00,2.42,540.2,89935
2026-02-18 05:32:00+00:00,2.41,539.6,95857
2026-02-18 05:33:00+00:00,2.45,535.3,102106
2026-02-18 05:34:00+00:00,2.47,533.7,103829
2026-02-18 05:35:00+00:00,2.36,530.7,99785
2026-02-18 05:36:00+00:00,2.22,529.1,107876
2026-02-18 05:37:00+00:00,2.11,538.0,116538
2026-02-18 05:38:00+00:00,2.44,563.9,107540
2026-02-18 05:39:00+00:00,2.91,577.9,97403
2026-02-18 05:40:00+00:00,3.05,579.1,97253
2026-02-18 05:41:00+00:00,2.46,570.0,95233
2026-02-18 05:42:00+00:00,2.21,525.1,104722
2026-02-18 05:43:00+00:00,2.14,525.6,119603
2026-02-18 05:44:00+00:00,2.14,525.4,127934
2026-02-18 05:45:00+00:00,1.80,523.7,150175
2026-02-18 05:46:00+00:00,1.87,521.2,138856
2026-02-18 05:47:00+00:00,1.63,526.9,167509
2026-02-18 05:48:00+00:00,1.75,526.5,162144
2026-02-18 05:49:00+00:00,1.63,526.4,147176
2026-02-18 05:50:00+00:00,1.72,524.7,139144
2026-02-18 05:51:00+00:00,1.84,523.2,136844
2026-02-18 05:52:00+00:00,1.81,523.2,132001
2026-02-18 05:53:00+00:00,1.91,523.1,122026
2026-02-18 05:54:00+00:00,2.08,523.3,115542
2026-02-18 05:55:00+00:00,2.27,521.7,111210
2026-02-18 05:56:00+00:00,2.18,521.8,111409
2026-02-18 05:57:00+00:00,2.13,520.1,111473
2026-02-18 05:58:00+00:00,2.25,521.7,112037
2026-02-18 05:59:00+00:00,2.24,521.5,123323
2026-02-18 06:00:00+00:00,2.21,522.2,119388
2026-02-18 06:01:00+00:00,2.37,522.6,105318
2026-02-18 06:02:00+00:00,2.33,524.6,109451
2026-02-18 06:03:00+00:00,2.27,521.1,97589
2026-02-18 06:04:00+00:00,2.62,526.2,95851
2026-02-18 06:05:00+00:00,2.39,526.0,95490
2026-02-18 06:06:00+00:00,2.35,523.8,92072
2026-02-18 06:07:00+00:00,2.52,523.6,90087
2026-02-18 06:08:00+00:00,2.39,526.9,88383
2026-02-18 06:09:00+00:00,2.40,527.2,89225
2026-02-18 06:10:00+00:00,2.38,528.2,93362
2026-02-18 06:11:00+00:00,2.30,528.5,99669
2026-02-18 06:12:00+00:00,2.36,525.6,99586
2026-02-18 06:13:00+00:00,2.24,528.1,101938
2026-02-18 06:14:00+00:00,2.35,545.3,87046
2026-02-18 06:15:00+00:00,2.11,525.8,111850
2026-02-18 06:16:00+00:00,2.25,525.6,101483
2026-02-18 06:17:00+00:00,2.25,553.1,111884
2026-02-18 06:18:00+00:00,2.32,558.0,100387
2026-02-18 06:19:00+00:00,2.58,557.5,88589
2026-02-18 06:20:00+00:00,2.19,551.6,76617
2026-02-18 06:21:00+00:00,2.39,544.1,84457
2026-02-18 06:22:00+00:00,2.55,540.5,88628
2026-02-18 06:23:00+00:00,2.27,539.8,83647
2026-02-18 06:24:00+00:00,2.26,534.4,86055
2026-02-18 06:25:00+00:00,2.58,528.9,93324
2026-02-18 06:26:00+00:00,2.38,530.5,102504
2026-02-18 06:27:00+00:00,1.86,526.1,115557
2026-02-18 06:28:00+00:00,2.61,524.6,86066
2026-02-18 06:29:00+00:00,2.52,526.0,81446
2026-02-18 06:30:00+00:00,2.56,526.1,86720
2026-02-18 06:31:00+00:00,2.42,530.0,85548
2026-02-18 06:32:00+00:00,1.95,522.7,91488
2026-02-18 06:33:00+00:00,1.84,519.4,121607
2026-02-18 06:34:00+00:00,1.82,519.4,123939
2026-02-18 06:35:00+00:00,1.96,519.0,112915
2026-02-18 06:36:00+00:00,2.12,517.2,102688
2026-02-18 06:37:00+00:00,2.41,519.1,92350
2026-02-18 06:38:00+00:00,2.39,523.5,94567
2026-02-18 06:39:00+00:00,2.21,524.3,98226
2026-02-18 06:40:00+00:00,2.15,522.9,96260
2026-02-18 06:41:00+00:00,2.54,525.5,83155
2026-02-18 06:42:00+00:00,2.60,526.5,86792
2026-02-18 06:43:00+00:00,2.73,528.3,95177
2026-02-18 06:44:00+00:00,2.55,525.1,94685
2026-02-18 06:45:00+00:00,2.16,526.1,108995
2026-02-18 06:46:00+00:00,1.82,523.4,112709
2026-02-18 06:47:00+00:00,2.11,516.9,98741
2026-02-18 06:48:00+00:00,2.45,530.1,100437
2026-02-18 06:49:00+00:00,2.24,522.8,105287
2026-02-18 06:50:00+00:00,2.65,525.0,94165
2026-02-18 06:51:00+00:00,2.55,538.6,111552
2026-02-18 06:52:00+00:00,2.32,551.1,117701
2026-02-18 06:53:00+00:00,2.32,555.0,111093
2026-02-18 06:54:00+00:00,2.46,560.2,99731
2026-02-18 06:55:00+00:00,2.53,567.0,90514
2026-02-18 06:56:00+00:00,2.43,567.7,85222
2026-02-18 06:57:00+00:00,2.32,567.4,82010
2026-02-18 06:58:00+00:00,2.35,570.2,85826
2026-02-18 06:59:00+00:00,2.18,556.7,113888
2026-02-18 07:00:00+00:00,1.43,528.6,169919
2026-02-18 07:01:00+00:00,1.42,530.7,157037
2026-02-18 07:02:00+00:00,2.46,556.0,113391
2026-02-18 07:03:00+00:00,2.19,559.6,72711
2026-02-18 07:04:00+00:00,2.28,557.0,91457
2026-02-18 07:05:00+00:00,2.34,560.2,100914
2026-02-18 07:06:00+00:00,2.00,557.1,102155
2026-02-18 07:07:00+00:00,2.37,564.6,81149
2026-02-18 07:08:00+00:00,2.52,558.7,85886
2026-02-18 07:09:00+00:00,2.54,559.4,85642
2026-02-18 07:10:00+00:00,2.45,561.5,84535
2026-02-18 07:11:00+00:00,2.31,554.8,97985
2026-02-18 07:12:00+00:00,2.26,548.5,110239
2026-02-18 07:16:00+00:00,2.37,519.5,103981
2026-02-18 07:17:00+00:00,2.31,519.7,103671
2026-02-18 07:18:00+00:00,1.66,521.8,100577
2026-02-18 07:19:00+00:00,1.72,522.3,119171
2026-02-18 07:20:00+00:00,2.52,535.8,177713
2026-02-18 07:21:00+00:00,1.63,528.6,135351
2026-02-18 07:22:00+00:00,1.23,523.1,121490
2026-02-18 07:23:00+00:00,1.73,524.4,109130
2026-02-18 07:24:00+00:00,2.13,534.1,123842
2026-02-18 07:25:00+00:00,1.62,540.2,170649
2026-02-18 07:26:00+00:00,1.06,529.6,130538
2026-02-18 07:27:00+00:00,1.13,527.9,95861
2026-02-18 07:28:00+00:00,1.43,532.5,110832
2026-02-18 07:29:00+00:00,1.57,530.9,119056
2026-02-18 07:30:00+00:00,1.69,535.1,138018
2026-02-18 07:31:00+00:00,1.69,534.3,136762
2026-02-18 07:32:00+00:00,1.81,551.4,185924
2026-02-18 07:33:00+00:00,1.55,531.2,157805
2026-02-18 07:34:00+00:00,1.99,535.7,167120
2026-02-18 07:35:00+00:00,1.57,523.9,147754
2026-02-18 07:36:00+00:00,1.87,534.7,180666
2026-02-18 07:37:00+00:00,1.47,521.0,127693
2026-02-18 07:38:00+00:00,0.99,508.3,102226
2026-02-18 07:39:00+00:00,1.29,522.4,133336
2026-02-18 07:40:00+00:00,1.46,532.0,148982
2026-02-18 07:41:00+00:00,1.57,530.4,134675
2026-02-18 07:42:00+00:00,1.14,515.9,101250
2026-02-18 07:43:00+00:00,1.23,515.5,98867
2026-02-18 07:44:00+00:00,1.85,531.7,127612
2026-02-18 07:45:00+00:00,1.91,536.7,134338
2026-02-18 07:46:00+00:00,1.74,530.7,118690
2026-02-18 07:47:00+00:00,2.18,529.8,127080
2026-02-18 07:48:00+00:00,2.03,527.8,121413
2026-02-18 07:49:00+00:00,1.16,514.7,87431
2026-02-18 07:50:00+00:00,0.87,499.1,67770
2026-02-18 07:51:00+00:00,1.65,525.4,121395
2026-02-18 07:52:00+00:00,2.25,531.5,147524
2026-02-18 07:53:00+00:00,2.02,527.0,129159
2026-02-18 07:54:00+00:00,1.40,517.7,101349
2026-02-18 07:55:00+00:00,1.56,522.1,111556
2026-02-18 07:56:00+00:00,1.53,521.8,109061
2026-02-18 07:57:00+00:00,1.26,517.2,99981
2026-02-18 07:58:00+00:00,1.70,525.6,121216
2026-02-18 07:59:00+00:00,2.02,529.4,122808
2026-02-18 08:00:00+00:00,1.92,525.6,106088
2026-02-18 08:01:00+00:00,1.55,518.9,98829
2026-02-18 08:02:00+00:00,1.27,513.6,102871
2026-02-18 08:03:00+00:00,2.49,537.1,157589
2026-02-18 08:04:00+00:00,1.98,525.5,117448
2026-02-18 08:05:00+00:00,1.66,521.3,102299
2026-02-18 08:06:00+00:00,2.39,531.9,143715
2026-02-18 08:07:00+00:00,1.76,523.7,113110
2026-02-18 08:08:00+00:00,1.45,523.5,116146
2026-02-18 08:09:00+00:00,0.97,512.2,89329
2026-02-18 08:10:00+00:00,2.10,536.6,168668
2026-02-18 08:11:00+00:00,1.76,530.7,138584
2026-02-18 08:12:00+00:00,1.82,534.0,145235
2026-02-18 08:13:00+00:00,1.37,519.7,112554
2026-02-18 08:14:00+00:00,1.90,530.4,142475
2026-02-18 08:15:00+00:00,2.18,537.5,158786
2026-02-18 08:16:00+00:00,1.62,525.2,125186
2026-02-18 08:17:00+00:00,1.71,526.4,124419
2026-02-18 08:18:00+00:00,1.97,529.1,124844
2026-02-18 08:19:00+00:00,1.66,524.4,120747
2026-02-18 08:20:00+00:00,1.37,505.0,82485
2026-02-18 08:21:00+00:00,1.42,508.0,93900
2026-02-18 08:22:00+00:00,1.98,540.7,218174
2026-02-18 08:23:00+00:00,1.90,527.6,141534
2026-02-18 08:24:00+00:00,1.89,534.9,147335
2026-02-18 08:25:00+00:00,1.30,522.9,107451
2026-02-18 08:26:00+00:00,1.89,537.2,154252
2026-02-18 08:27:00+00:00,1.84,527.5,142413
2026-02-18 08:28:00+00:00,1.06,512.7,105734
2026-02-18 08:29:00+00:00,1.64,523.5,137570
2026-02-18 08:30:00+00:00,2.15,534.3,168460
2026-02-18 08:31:00+00:00,1.84,531.4,164654
2026-02-18 08:32:00+00:00,1.22,520.8,132252
2026-02-18 08:33:00+00:00,1.19,520.7,128981
2026-02-18 08:34:00+00:00,2.07,536.9,186734
2026-02-18 08:35:00+00:00,2.14,532.6,161211
2026-02-18 08:36:00+00:00,1.92,523.5,108908
2026-02-18 08:37:00+00:00,1.65,532.3,152827
2026-02-18 08:38:00+00:00,2.28,513.8,130507
2026-02-18 08:39:00+00:00,1.65,537.3,155245
2026-02-18 08:40:00+00:00,0.84,508.5,84323
2026-02-18 08:41:00+00:00,1.75,533.9,178377
2026-02-18 08:42:00+00:00,1.86,535.3,183330
2026-02-18 08:43:00+00:00,1.50,530.9,169348
2026-02-18 08:44:00+00:00,1.02,521.5,119888
2026-02-18 08:45:00+00:00,1.48,529.7,160873
2026-02-18 08:46:00+00:00,1.32,532.3,157819
2026-02-18 08:47:00+00:00,1.37,529.9,115505
2026-02-18 08:48:00+00:00,1.99,537.9,113512
2026-02-18 08:49:00+00:00,1.82,546.5,117754
2026-02-18 08:50:00+00:00,1.34,551.7,121356
2026-02-18 08:51:00+00:00,1.49,559.2,148191
2026-02-18 08:52:00+00:00,1.30,538.6,121444
2026-02-18 08:53:00+00:00,2.21,557.0,237135
2026-02-18 08:54:00+00:00,2.20,556.8,235562
2026-02-18 08:55:00+00:00,1.36,545.5,142723
2026-02-18 08:56:00+00:00,1.33,547.4,128560
2026-02-18 08:57:00+00:00,1.12,527.7,63208
2026-02-18 08:58:00+00:00,2.11,534.3,158814
2026-02-18 08:59:00+00:00,1.74,528.8,164799
2026-02-18 09:00:00+00:00,2.15,532.8,206487
2026-02-18 09:01:00+00:00,1.90,527.8,176585
2026-02-18 09:02:00+00:00,1.67,527.3,148240
2026-02-18 09:03:00+00:00,1.58,530.7,152957
2026-02-18 09:04:00+00:00,1.60,532.2,170092
2026-02-18 09:05:00+00:00,1.86,532.5,186696
2026-02-18 09:06:00+00:00,1.66,524.4,159067
2026-02-18 09:07:00+00:00,1.45,515.6,124364
2026-02-18 09:08:00+00:00,1.70,523.2,160653
2026-02-18 09:09:00+00:00,1.62,522.4,141523
2026-02-18 09:10:00+00:00,1.75,532.0,167219
2026-02-18 09:11:00+00:00,0.94,503.3,82723
2026-02-18 09:12:00+00:00,3.19,532.4,207595
2026-02-18 09:13:00+00:00,2.56,520.7,156339
2026-02-18 09:14:00+00:00,1.92,516.3,142963
2026-02-18 09:15:00+00:00,2.01,516.4,143506
2026-02-18 09:16:00+00:00,2.14,519.6,154839
2026-02-18 09:17:00+00:00,2.07,521.1,155646
2026-02-18 09:18:00+00:00,1.21,509.9,119121
2026-02-18 09:19:00+00:00,1.34,508.2,118068
2026-02-18 09:20:00+00:00,2.25,517.7,154027
2026-02-18 09:21:00+00:00,2.43,521.9,168211
2026-02-18 09:22:00+00:00,2.17,521.3,158046
2026-02-18 09:23:00+00:00,1.26,511.8,122845
2026-02-18 09:24:00+00:00,1.92,522.0,159398
2026-02-18 09:25:00+00:00,2.26,530.2,193276
2026-02-18 09:26:00+00:00,2.29,,
2026-02-18 09:27:00+00:00,2.29,525.9,186290
2026-02-18 09:28:00+00:00,1.56,514.0,119131
2026-02-18 09:29:00+00:00,1.96,523.0,149441
2026-02-18 09:30:00+00:00,1.03,500.1,84946
2026-02-18 09:31:00+00:00,1.98,511.3,113488
2026-02-18 09:32:00+00:00,2.45,519.8,140490
2026-02-18 09:33:00+00:00,2.09,516.6,126803
2026-02-18 09:34:00+00:00,2.07,518.8,133081
2026-02-18 09:35:00+00:00,2.12,521.2,143581
2026-02-18 09:36:00+00:00,1.98,521.7,146992
2026-02-18 09:37:00+00:00,1.60,516.1,132262
2026-02-18 09:38:00+00:00,1.27,508.5,112682
2026-02-18 09:39:00+00:00,2.21,529.0,175018
2026-02-18 09:40:00+00:00,1.93,523.5,136468
2026-02-18 09:41:00+00:00,1.86,525.3,144396
2026-02-18 09:42:00+00:00,0.95,491.6,65378
2026-02-18 09:43:00+00:00,1.98,546.5,239763
2026-02-18 09:44:00+00:00,2.15,524.5,148861
2026-02-18 09:45:00+00:00,1.91,529.4,150619
2026-02-18 09:46:00+00:00,2.13,534.4,151607
2026-02-18 09:47:00+00:00,1.94,523.9,151812
2026-02-18 09:48:00+00:00,1.96,522.4,156110
2026-02-18 09:49:00+00:00,1.55,511.0,124513
2026-02-18 09:50:00+00:00,1.87,523.6,178403
2026-02-18 09:51:00+00:00,2.10,530.4,193834
2026-02-18 09:52:00+00:00,1.81,518.0,138127
2026-02-18 09:53:00+00:00,1.66,510.1,118436
2026-02-18 09:54:00+00:00,1.66,511.6,138081
2026-02-18 09:55:00+00:00,2.03,535.5,222958
2026-02-18 09:56:00+00:00,1.17,520.2,170931
2026-02-18 09:57:00+00:00,1.02,515.0,136999
2026-02-18 10:02:00+00:00,1.52,519.4,159570
2026-02-18 10:03:00+00:00,1.43,519.4,154373
2026-02-18 10:04:00+00:00,1.77,523.7,188744
2026-02-18 10:05:00+00:00,1.64,520.1,177699
2026-02-18 10:06:00+00:00,1.68,515.5,153822
2026-02-18 10:07:00+00:00,1.75,513.6,147480
2026-02-18 10:08:00+00:00,1.32,504.6,126257
2026-02-18 10:09:00+00:00,0.85,488.6,67867
2026-02-18 10:10:00+00:00,1.24,488.7,45464
2026-02-18 10:11:00+00:00,2.31,511.3,131124
2026-02-18 10:12:00+00:00,1.84,510.6,134155
2026-02-18 10:13:00+00:00,1.35,511.8,141173
2026-02-18 10:14:00+00:00,2.19,530.4,265042
2026-02-18 10:15:00+00:00,2.02,510.6,141439
2026-02-18 10:16:00+00:00,1.57,502.7,122920
2026-02-18 10:17:00+00:00,2.60,517.5,167504
2026-02-18 10:18:00+00:00,1.88,507.6,128166
2026-02-18 10:19:00+00:00,2.13,512.0,128155
2026-02-18 10:20:00+00:00,1.83,502.1,108280
2026-02-18 10:21:00+00:00,2.37,510.5,145657
2026-02-18 10:22:00+00:00,2.71,520.8,178267
2026-02-18 10:23:00+00:00,2.43,519.8,167839
2026-02-18 10:24:00+00:00,2.15,514.4,146871
2026-02-18 10:25:00+00:00,2.27,513.6,150250
2026-02-18 10:26:00+00:00,2.49,517.0,164624
2026-02-18 10:27:00+00:00,1.79,508.1,130995
2026-02-18 10:28:00+00:00,1.33,501.8,123341
2026-02-18 10:29:00+00:00,2.60,520.7,177500
2026-02-18 10:30:00+00:00,2.32,514.7,146695
2026-02-18 10:31:00+00:00,2.08,510.4,130085
2026-02-18 10:32:00+00:00,2.08,,
2026-02-18 10:33:00+00:00,2.03,527.2,163840
2026-02-18 10:34:00+00:00,1.66,512.1,105153
2026-02-18 10:35:00+00:00,1.90,511.4,105201
2026-02-18 10:36:00+00:00,2.03,516.2,119090
2026-02-18 10:37:00+00:00,2.05,511.4,119074
2026-02-18 10:38:00+00:00,1.98,511.8,129969
2026-02-18 10:39:00+00:00,1.39,502.7,101660
2026-02-18 10:40:00+00:00,1.37,506.8,110357
2026-02-18 10:41:00+00:00,2.31,529.3,171750
2026-02-18 10:42:00+00:00,2.39,523.4,143719
2026-02-18 10:43:00+00:00,1.74,518.8,116376
2026-02-18 10:44:00+00:00,1.76,517.5,115232
2026-02-18 10:45:00+00:00,2.60,521.4,158243
2026-02-18 10:46:00+00:00,1.52,506.9,96088
2026-02-18 10:47:00+00:00,2.36,524.0,94683
2026-02-18 10:48:00+00:00,2.83,546.1,147071
2026-02-18 10:49:00+00:00,2.37,540.1,128449
2026-02-18 10:50:00+00:00,1.59,527.9,98633
2026-02-18 10:51:00+00:00,2.18,521.6,83211
2026-02-18 10:52:00+00:00,2.64,554.5,101888
2026-02-18 10:53:00+00:00,2.95,576.2,159612
2026-02-18 10:54:00+00:00,2.76,560.5,148312
2026-02-18 10:55:00+00:00,2.59,552.1,135194
2026-02-18 10:56:00+00:00,2.65,554.0,141743
2026-02-18 10:57:00+00:00,2.73,549.9,133280
2026-02-18 10:58:00+00:00,2.86,551.7,146973
2026-02-18 10:59:00+00:00,2.64,541.4,139958
2026-02-18 11:00:00+00:00,2.94,554.5,193104
2026-02-18 11:01:00+00:00,2.43,537.5,118474
2026-02-18 11:02:00+00:00,3.66,544.9,172770
2026-02-18 11:03:00+00:00,2.96,530.8,109016
2026-02-18 11:04:00+00:00,3.13,546.7,133060
2026-02-18 11:05:00+00:00,3.14,547.5,134325
2026-02-18 11:06:00+00:00,2.27,505.6,52916
2026-02-18 11:07:00+00:00,2.51,527.8,81021
2026-02-18 11:08:00+00:00,2.87,544.4,110198
2026-02-18 11:09:00+00:00,3.17,552.3,133294
2026-02-18 11:10:00+00:00,2.35,529.8,87372
2026-02-18 11:11:00+00:00,2.39,533.7,121282
2026-02-18 11:12:00+00:00,2.93,550.6,162284
2026-02-18 11:13:00+00:00,2.47,535.3,98090
2026-02-18 11:14:00+00:00,2.56,533.6,95735
2026-02-18 11:15:00+00:00,3.05,543.8,120920
2026-02-18 11:16:00+00:00,3.33,546.5,153401
2026-02-18 11:17:00+00:00,2.00,519.8,84507
2026-02-18 11:18:00+00:00,2.08,500.5,60077
2026-02-18 11:19:00+00:00,2.94,541.2,110214
2026-02-18 11:20:00+00:00,3.15,556.7,137191
2026-02-18 11:21:00+00:00,4.06,554.3,128297
2026-02-18 11:22:00+00:00,2.28,510.2,56331
2026-02-18 11:23:00+00:00,2.89,525.3,89303
2026-02-18 11:24:00+00:00,3.44,544.2,122297
2026-02-18 11:25:00+00:00,2.52,519.3,80201
2026-02-18 11:26:00+00:00,2.57,527.1,98846
2026-02-18 11:27:00+00:00,3.27,544.7,146214
2026-02-18 11:28:00+00:00,3.56,539.9,148286
2026-02-18 11:29:00+00:00,2.98,522.7,107222
2026-02-18 11:30:00+00:00,1.95,503.6,58548
2026-02-18 11:31:00+00:00,2.91,532.8,94297
2026-02-18 11:32:00+00:00,3.16,539.5,100483
2026-02-18 11:33:00+00:00,4.01,548.2,129222
2026-02-18 11:34:00+00:00,2.36,495.8,32768
2026-02-18 11:35:00+00:00,3.17,522.4,67649
2026-02-18 11:36:00+00:00,3.24,527.4,74587
2026-02-18 11:37:00+00:00,2.59,503.9,57804
2026-02-18 11:38:00+00:00,2.51,500.7,55540
2026-02-18 11:39:00+00:00,2.37,509.6,110329
2026-02-18 11:40:00+00:00,1.80,502.1,77291
2026-02-18 11:41:00+00:00,1.28,491.3,69022
2026-02-18 11:42:00+00:00,2.24,512.8,125917
2026-02-18 11:43:00+00:00,2.72,522.8,152628
2026-02-18 11:44:00+00:00,1.96,508.1,126434
2026-02-18 11:45:00+00:00,1.73,515.3,121653
2026-02-18 11:46:00+00:00,2.06,529.6,135749
2026-02-18 11:47:00+00:00,2.39,516.4,142637
2026-02-18 11:48:00+00:00,2.83,514.1,153185
2026-02-18 11:49:00+00:00,0.93,490.6,82864
2026-02-18 11:50:00+00:00,3.58,523.0,171012
2026-02-18 11:51:00+00:00,2.26,505.7,105411
2026-02-18 11:52:00+00:00,2.74,511.2,150236
2026-02-18 11:53:00+00:00,0.92,491.4,77818
2026-02-18 11:54:00+00:00,2.85,518.6,161268
2026-02-18 11:55:00+00:00,2.56,505.6,118346
2026-02-18 11:56:00+00:00,1.16,483.7,82901
2026-02-18 11:57:00+00:00,1.94,498.5,119353
2026-02-18 11:58:00+00:00,3.04,509.3,137369
2026-02-18 11:59:00+00:00,3.09,508.7,141704
2026-02-18 12:00:00+00:00,1.99,498.1,122274
2026-02-18 12:01:00+00:00,1.45,491.3,103311
2026-02-18 12:02:00+00:00,2.71,507.6,140404
2026-02-18 12:03:00+00:00,2.35,498.1,116105
2026-02-18 12:04:00+00:00,2.27,495.3,121588
2026-02-18 12:05:00+00:00,2.54,500.3,126128
2026-02-18 12:06:00+00:00,2.09,500.2,107046
2026-02-18 12:07:00+00:00,2.35,505.6,119442
2026-02-18 12:08:00+00:00,0.93,493.8,89429
2026-02-18 12:09:00+00:00,3.37,515.7,171871
2026-02-18 12:10:00+00:00,2.87,510.8,152355
2026-02-18 12:11:00+00:00,2.69,509.1,145483
2026-02-18 12:12:00+00:00,2.37,503.6,132360
2026-02-18 12:13:00+00:00,2.59,507.8,154586
2026-02-18 12:14:00+00:00,2.38,505.5,141019
2026-02-18 12:15:00+00:00,2.25,503.3,127315
2026-02-18 12:16:00+00:00,2.67,509.1,150680
2026-02-18 12:17:00+00:00,2.86,511.5,159196
2026-02-18 12:18:00+00:00,2.42,507.0,139559
2026-02-18 12:19:00+00:00,1.79,503.8,129727
2026-02-18 12:20:00+00:00,1.21,493.5,98242
2026-02-18 12:21:00+00:00,2.47,518.7,177277
2026-02-18 12:22:00+00:00,2.72,514.2,158933
2026-02-18 12:23:00+00:00,2.08,506.4,133667
2026-02-18 12:24:00+00:00,1.84,505.1,122835
2026-02-18 12:25:00+00:00,2.56,514.2,163699
2026-02-18 12:26:00+00:00,2.25,510.6,149429
2026-02-18 12:27:00+00:00,2.15,504.6,132448
2026-02-18 12:28:00+00:00,2.53,509.0,146098
2026-02-18 12:29:00+00:00,2.56,507.4,141388
2026-02-18 12:30:00+00:00,2.59,507.8,144918
2026-02-18 12:31:00+00:00,2.43,505.8,143082
2026-02-18 12:32:00+00:00,2.62,506.9,148645
2026-02-18 12:33:00+00:00,2.93,511.4,158814
2026-02-18 12:34:00+00:00,1.95,500.7,126376
2026-02-18 12:35:00+00:00,1.49,497.2,125804
2026-02-18 12:36:00+00:00,3.09,513.8,164179
2026-02-18 12:37:00+00:00,1.93,499.2,114243
2026-02-18 12:38:00+00:00,1.76,499.4,117705
2026-02-18 12:39:00+00:00,2.10,500.8,127176
2026-02-18 12:40:00+00:00,2.09,516.9,159168
2026-02-18 12:41:00+00:00,2.90,514.5,172270
2026-02-18 12:42:00+00:00,2.53,511.5,170225
2026-02-18 12:43:00+00:00,2.06,504.3,136298
2026-02-18 12:44:00+00:00,1.94,502.0,125254
2026-02-18 12:45:00+00:00,2.91,516.4,176042
2026-02-18 12:46:00+00:00,1.71,499.1,134607
2026-02-18 12:47:00+00:00,1.31,493.0,118284
2026-02-18 12:48:00+00:00,2.00,502.9,138537
2026-02-18 12:49:00+00:00,2.19,506.7,153774
2026-02-18 12:50:00+00:00,1.84,503.0,154004
2026-02-18 12:51:00+00:00,1.01,491.0,115688
2026-02-18 12:52:00+00:00,2.71,514.4,193131
2026-02-18 12:53:00+00:00,2.33,505.3,155040
2026-02-18 12:54:00+00:00,1.06,490.0,104541
2026-02-18 12:55:00+00:00,1.93,501.1,133544
2026-02-18 12:56:00+00:00,1.71,499.2,127313
2026-02-18 12:57:00+00:00,2.07,508.9,163157
2026-02-18 12:58:00+00:00,0.84,488.2,99601
2026-02-18 12:59:00+00:00,1.65,497.0,114814
2026-02-18 13:00:00+00:00,2.24,509.0,148257
2026-02-18 13:01:00+00:00,1.78,520.0,173041
2026-02-18 13:02:00+00:00,1.06,502.3,122585
2026-02-18 13:03:00+00:00,1.57,499.8,115244
2026-02-18 13:04:00+00:00,2.38,513.3,161465
2026-02-18 13:05:00+00:00,1.81,500.3,138621
2026-02-18 13:06:00+00:00,1.33,491.4,100190
2026-02-18 13:07:00+00:00,2.33,507.7,126950
2026-02-18 13:08:00+00:00,2.22,506.2,135562
2026-02-18 13:09:00+00:00,2.02,506.0,148988
2026-02-18 13:10:00+00:00,0.69,483.1,69891
2026-02-18 13:11:00+00:00,2.50,513.1,167736
2026-02-18 13:12:00+00:00,1.72,499.1,130337
2026-02-18 13:13:00+00:00,2.09,500.8,151250
2026-02-18 13:14:00+00:00,2.32,505.1,175099
2026-02-18 13:15:00+00:00,2.14,500.2,155558
2026-02-18 13:16:00+00:00,1.78,498.7,142334
2026-02-18 13:17:00+00:00,1.64,498.9,139947
2026-02-18 13:18:00+00:00,1.97,500.4,157173
2026-02-18 13:19:00+00:00,1.92,499.6,154287
2026-02-18 13:20:00+00:00,1.98,499.1,156919
2026-02-18 13:21:00+00:00,1.74,492.7,138267
2026-02-18 13:22:00+00:00,1.47,489.3,129025
2026-02-18 13:23:00+00:00,2.55,509.8,212972
2026-02-18 13:24:00+00:00,2.10,493.6,140467
2026-02-18 13:25:00+00:00,1.33,485.9,102099
2026-02-18 13:26:00+00:00,2.77,502.0,168639
2026-02-18 13:27:00+00:00,2.42,498.7,147909
2026-02-18 13:28:00+00:00,2.54,502.2,153850
2026-02-18 13:29:00+00:00,1.32,468.1,76117
2026-02-18 13:30:00+00:00,2.27,511.7,145821
2026-02-18 13:31:00+00:00,2.83,513.6,152447
2026-02-18 13:32:00+00:00,3.12,509.7,144869
2026-02-18 13:33:00+00:00,2.73,502.4,117070
2026-02-18 13:34:00+00:00,2.39,498.6,109067
2026-02-18 13:35:00+00:00,2.49,500.4,117755
2026-02-18 13:36:00+00:00,2.21,491.3,93017
2026-02-18 13:37:00+00:00,1.69,485.4,96101
2026-02-18 13:38:00+00:00,2.57,505.4,188063
2026-02-18 13:39:00+00:00,3.88,509.6,202339
2026-02-18 13:40:00+00:00,1.47,488.9,101102
2026-02-18 13:41:00+00:00,1.56,482.1,87775
2026-02-18 13:42:00+00:00,2.71,510.5,137356
2026-02-18 13:43:00+00:00,3.22,511.9,209262
2026-02-18 13:44:00+00:00,1.76,493.5,115085
2026-02-18 13:45:00+00:00,2.92,506.3,121150
2026-02-18 13:46:00+00:00,2.82,509.1,136653
2026-02-18 13:47:00+00:00,2.40,505.9,126377
2026-02-18 13:48:00+00:00,1.23,491.4,82108
2026-02-18 13:49:00+00:00,2.51,501.0,110169
2026-02-18 13:50:00+00:00,3.61,510.8,139075
2026-02-18 13:53:00+00:00,2.74,502.3,121310
2026-02-18 13:54:00+00:00,2.86,503.7,134167
2026-02-18 13:55:00+00:00,2.39,501.0,137772
2026-02-18 13:56:00+00:00,2.44,500.2,116336
2026-02-18 13:57:00+00:00,3.18,512.2,164096
2026-02-18 13:58:00+00:00,2.45,499.8,118492
2026-02-18 13:59:00+00:00,2.60,504.6,148071
2026-02-18 14:00:00+00:00,0.82,480.3,63474
2026-02-18 14:01:00+00:00,2.41,503.7,137956
2026-02-18 14:02:00+00:00,2.80,506.7,140161
2026-02-18 14:03:00+00:00,2.43,499.0,119417
2026-02-18 14:04:00+00:00,2.28,499.5,123855
2026-02-18 14:05:00+00:00,2.32,501.0,131211
2026-02-18 14:06:00+00:00,2.42,501.7,143683
2026-02-18 14:07:00+00:00,2.49,502.2,152676
2026-02-18 14:08:00+00:00,1.13,478.2,73373
2026-02-18 14:09:00+00:00,1.88,486.5,95026
2026-02-18 14:10:00+00:00,3.35,502.1,134088
2026-02-18 14:11:00+00:00,3.31,500.3,124854
2026-02-18 14:12:00+00:00,2.50,494.5,106883
2026-02-18 14:13:00+00:00,2.97,503.6,135745
2026-02-18 14:14:00+00:00,3.61,509.2,146818
2026-02-18 14:15:00+00:00,2.00,486.2,88725
2026-02-18 14:16:00+00:00,2.92,507.9,156715
2026-02-18 14:17:00+00:00,3.00,491.8,147944
2026-02-18 14:18:00+00:00,1.99,490.0,110082
2026-02-18 14:19:00+00:00,2.28,462.8,59621
2026-02-18 14:20:00+00:00,1.32,493.3,56703
2026-02-18 14:21:00+00:00,2.98,543.4,87566
2026-02-18 14:22:00+00:00,3.63,537.9,75667
2026-02-18 14:23:00+00:00,3.04,517.3,52873
2026-02-18 14:24:00+00:00,4.02,559.4,180987
2026-02-18 14:25:00+00:00,3.42,536.2,126966
2026-02-18 14:26:00+00:00,2.57,490.3,31072
2026-02-18 14:27:00+00:00,3.31,487.6,52938
2026-02-18 14:28:00+00:00,3.86,504.7,97409
2026-02-18 14:29:00+00:00,4.91,508.6,125243
2026-02-18 14:30:00+00:00,3.87,492.1,61187
2026-02-18 14:31:00+00:00,3.55,487.8,52599
2026-02-18 14:32:00+00:00,3.92,486.5,55562
2026-02-18 14:33:00+00:00,3.64,493.4,56280
2026-02-18 14:34:00+00:00,1.78,471.9,32847
2026-02-18 14:35:00+00:00,3.31,485.9,51172
2026-02-18 14:36:00+00:00,4.56,492.2,66399
2026-02-18 14:37:00+00:00,3.85,492.3,59224
2026-02-18 14:38:00+00:00,2.51,471.2,31745
2026-02-18 14:39:00+00:00,2.70,470.8,37103
2026-02-18 14:40:00+00:00,3.60,490.8,62714
2026-02-18 14:41:00+00:00,3.96,492.2,65126
2026-02-18 14:42:00+00:00,4.22,490.1,62442
2026-02-18 14:43:00+00:00,3.64,491.4,56599
2026-02-18 14:44:00+00:00,3.29,491.3,59779
2026-02-18 14:45:00+00:00,2.29,472.0,41226
2026-02-18 14:46:00+00:00,2.35,453.9,27138
2026-02-18 14:47:00+00:00,4.32,510.0,109155
2026-02-18 14:48:00+00:00,4.29,502.8,85234
2026-02-18 14:49:00+00:00,3.68,499.5,57597
2026-02-18 14:50:00+00:00,2.82,474.2,32381
2026-02-18 14:51:00+00:00,3.90,501.9,99163
2026-02-18 14:52:00+00:00,4.27,499.5,83865
2026-02-18 14:53:00+00:00,3.28,483.4,47855
2026-02-18 14:54:00+00:00,3.88,490.7,69190
2026-02-18 14:55:00+00:00,4.59,497.1,80171
2026-02-18 14:56:00+00:00,4.31,492.1,63544
2026-02-18 14:57:00+00:00,2.84,483.2,40650
2026-02-18 14:58:00+00:00,3.14,486.5,47738
2026-02-18 14:59:00+00:00,3.92,494.8,64718
2026-02-18 15:00:00+00:00,4.00,494.4,62065
2026-02-18 15:01:00+00:00,3.84,493.4,65280
2026-02-18 15:02:00+00:00,3.32,486.1,52444
2026-02-18 15:03:00+00:00,4.14,491.0,67247
2026-02-18 15:04:00+00:00,3.29,486.9,55673
2026-02-18 15:05:00+00:00,1.95,464.8,25688
2026-02-18 15:06:00+00:00,3.46,491.8,67190
2026-02-18 15:07:00+00:00,3.65,490.6,60943
2026-02-18 15:08:00+00:00,4.70,491.6,78797
2026-02-18 15:09:00+00:00,3.05,477.6,54225
2026-02-18 15:10:00+00:00,3.41,480.3,56331
2026-02-18 15:11:00+00:00,4.00,486.1,61530
2026-02-18 15:12:00+00:00,2.53,474.0,38826
2026-02-18 15:13:00+00:00,2.59,473.7,48133
2026-02-18 15:14:00+00:00,4.35,492.8,81475
2026-02-18 15:15:00+00:00,4.23,491.9,70013
2026-02-18 15:16:00+00:00,2.86,482.4,46657
2026-02-18 15:17:00+00:00,1.68,458.7,21242
2026-02-18 15:18:00+00:00,3.80,512.6,103505
2026-02-18 15:19:00+00:00,4.25,498.4,76249
2026-02-18 15:20:00+00:00,3.38,489.6,53810
2026-02-18 15:21:00+00:00,2.24,472.8,32950
2026-02-18 15:22:00+00:00,3.73,493.2,70540
2026-02-18 15:23:00+00:00,3.82,500.6,74537
2026-02-18 15:24:00+00:00,1.85,471.7,34488
2026-02-18 15:25:00+00:00,2.47,481.7,61346
2026-02-18 15:26:00+00:00,3.88,493.9,86096
2026-02-18 15:27:00+00:00,3.44,485.8,69282
2026-02-18 15:28:00+00:00,2.29,474.9,49674
2026-02-18 15:29:00+00:00,1.95,468.6,43715
2026-02-18 15:30:00+00:00,4.96,499.6,192639
2026-02-18 15:31:00+00:00,4.21,491.1,160255
2026-02-18 15:32:00+00:00,1.85,464.0,51694
2026-02-18 15:33:00+00:00,3.77,485.1,99786
2026-02-18 15:34:00+00:00,3.70,483.4,97757
2026-02-18 15:35:00+00:00,3.29,484.0,84720
2026-02-18 15:36:00+00:00,1.01,454.3,32753
2026-02-18 15:37:00+00:00,1.03,462.7,39564
2026-02-18 15:38:00+00:00,3.11,481.5,75357
2026-02-18 15:39:00+00:00,3.75,486.3,107457
2026-02-18 15:40:00+00:00,1.99,465.7,64203
2026-02-18 15:41:00+00:00,3.05,478.1,92713
2026-02-18 15:42:00+00:00,3.26,491.7,136341
2026-02-18 15:43:00+00:00,2.94,484.1,109897
2026-02-18 15:44:00+00:00,3.76,480.6,89167
2026-02-18 15:45:00+00:00,4.25,484.6,118763
2026-02-18 15:46:00+00:00,3.92,478.4,126299
2026-02-18 15:47:00+00:00,2.51,473.6,116065
2026-02-18 15:48:00+00:00,1.32,472.4,115679
2026-02-18 15:49:00+00:00,1.69,484.5,189869
2026-02-18 15:50:00+00:00,1.47,482.7,187752
2026-02-18 15:51:00+00:00,1.11,476.4,114197
2026-02-18 15:52:00+00:00,1.38,479.6,147088
2026-02-18 15:53:00+00:00,2.00,471.2,136897
2026-02-18 15:54:00+00:00,1.41,477.6,137558
2026-02-18 15:55:00+00:00,0.91,460.0,88199
2026-02-18 15:56:00+00:00,1.42,456.3,79130
2026-02-18 15:57:00+00:00,2.08,462.6,104845
2026-02-18 15:58:00+00:00,2.24,469.8,140563
2026-02-18 16:00:00+00:00,2.34,460.3,108958
2026-02-18 16:01:00+00:00,2.21,460.0,101480
2026-02-18 16:02:00+00:00,1.98,459.5,87594
2026-02-18 16:03:00+00:00,2.03,472.4,135316
2026-02-18 16:04:00+00:00,2.01,472.0,133746
2026-02-18 16:05:00+00:00,1.91,470.0,125586
2026-02-18 16:06:00+00:00,2.37,469.9,132507
2026-02-18 16:07:00+00:00,0.78,446.9,64232
2026-02-18 16:08:00+00:00,1.80,490.6,154710
2026-02-18 16:09:00+00:00,3.25,524.4,133141
2026-02-18 16:10:00+00:00,3.64,513.9,104596
2026-02-18 16:11:00+00:00,2.89,476.5,44952
2026-02-18 16:12:00+00:00,3.54,495.0,84399
2026-02-18 16:13:00+00:00,4.03,505.2,94415
2026-02-18 16:14:00+00:00,3.55,496.7,67630
2026-02-18 16:15:00+00:00,3.38,503.2,97773
2026-02-18 16:16:00+00:00,3.85,502.9,128778
2026-02-18 16:17:00+00:00,3.67,479.8,92843
2026-02-18 16:18:00+00:00,2.73,469.9,68144
2026-02-18 16:19:00+00:00,2.74,474.3,90919
2026-02-18 16:20:00+00:00,3.76,484.7,150545
2026-02-18 16:21:00+00:00,3.74,477.1,92463
2026-02-18 16:22:00+00:00,1.70,457.9,49122
2026-02-18 16:23:00+00:00,2.54,466.8,81838
2026-02-18 16:24:00+00:00,2.42,471.0,99527
2026-02-18 16:25:00+00:00,2.30,467.2,78211
2026-02-18 16:26:00+00:00,1.02,445.0,46672
2026-02-18 16:27:00+00:00,2.66,466.6,104809
2026-02-18 16:28:00+00:00,3.24,468.3,90797
2026-02-18 16:29:00+00:00,3.10,465.7,99818
2026-02-18 16:30:00+00:00,3.00,467.7,81104
2026-02-18 16:31:00+00:00,3.57,476.6,84679
2026-02-18 16:32:00+00:00,4.40,488.9,136833
2026-02-18 16:33:00+00:00,3.80,481.5,118705
2026-02-18 16:34:00+00:00,2.87,465.6,65490
2026-02-18 16:35:00+00:00,4.60,486.3,135140
2026-02-18 16:36:00+00:00,3.64,470.1,79199
2026-02-18 16:37:00+00:00,3.42,468.8,75960
2026-02-18 16:38:00+00:00,1.04,455.4,40784
2026-02-18 16:39:00+00:00,3.08,505.1,67355
2026-02-18 16:40:00+00:00,3.10,502.4,95668
2026-02-18 16:41:00+00:00,3.12,486.4,61986
2026-02-18 16:42:00+00:00,3.38,473.7,52774
2026-02-18 16:43:00+00:00,3.92,476.8,73991
2026-02-18 16:44:00+00:00,3.16,472.7,64457
2026-02-18 16:45:00+00:00,1.61,455.8,44767
2026-02-18 16:46:00+00:00,1.82,469.0,68710
2026-02-18 16:47:00+00:00,2.37,487.3,103659
2026-02-18 16:48:00+00:00,2.25,484.0,110967
2026-02-18 16:49:00+00:00,2.43,475.4,93787
2026-02-18 16:50:00+00:00,2.81,472.5,81537
2026-02-18 16:51:00+00:00,3.46,482.6,105768
2026-02-18 16:52:00+00:00,3.16,480.2,71457
2026-02-18 16:53:00+00:00,1.66,461.2,44376
2026-02-18 16:54:00+00:00,4.06,482.7,107510
2026-02-18 16:55:00+00:00,2.16,474.2,121206
2026-02-18 16:56:00+00:00,2.79,473.1,114563
2026-02-18 16:57:00+00:00,1.38,450.4,51788
2026-02-18 16:58:00+00:00,2.65,477.2,174321
2026-02-18 16:59:00+00:00,2.94,477.1,175031
2026-02-18 17:00:00+00:00,2.77,472.1,138022
2026-02-18 17:01:00+00:00,2.19,466.5,100525
2026-02-18 17:02:00+00:00,2.56,470.1,120690
2026-02-18 17:03:00+00:00,2.76,471.3,129605
2026-02-18 17:04:00+00:00,2.02,462.1,93324
2026-02-18 17:05:00+00:00,2.29,465.0,107854
2026-02-18 17:06:00+00:00,3.27,479.0,153074
2026-02-18 17:07:00+00:00,2.35,469.7,112769
2026-02-18 17:08:00+00:00,2.68,476.1,149972
2026-02-18 17:09:00+00:00,2.51,462.7,95680
2026-02-18 17:10:00+00:00,2.51,462.7,95979
2026-02-18 17:11:00+00:00,2.18,466.3,113619
2026-02-18 17:12:00+00:00,1.91,460.0,77775
2026-02-18 17:13:00+00:00,2.51,466.4,108171
2026-02-18 17:14:00+00:00,3.31,471.0,100878
2026-02-18 17:15:00+00:00,2.79,478.1,122473
2026-02-18 17:16:00+00:00,1.30,458.0,71065
2026-02-18 17:17:00+00:00,1.75,476.5,151011
2026-02-18 17:18:00+00:00,2.12,484.7,280002
2026-02-18 17:19:00+00:00,1.95,477.4,236081
2026-02-18 17:20:00+00:00,2.00,473.2,113952
2026-02-18 17:21:00+00:00,2.63,469.4,95268
2026-02-18 17:22:00+00:00,3.59,479.5,104372
2026-02-18 17:23:00+00:00,3.83,482.8,68266
2026-02-18 17:24:00+00:00,5.90,459.8,58505
2026-02-18 17:25:00+00:00,3.71,489.5,202642
2026-02-18 17:26:00+00:00,3.84,477.1,130686
2026-02-18 17:27:00+00:00,2.43,475.1,111239
2026-02-18 17:28:00+00:00,1.18,446.6,42137
2026-02-18 17:29:00+00:00,2.35,487.2,144012
2026-02-18 17:30:00+00:00,2.42,481.5,151726
2026-02-18 17:31:00+00:00,1.63,471.4,100675
2026-02-18 17:32:00+00:00,1.66,481.3,140924
2026-02-18 17:33:00+00:00,1.54,475.0,111120
2026-02-18 17:34:00+00:00,1.59,479.7,121962
2026-02-18 17:35:00+00:00,1.44,468.2,106345
2026-02-18 17:36:00+00:00,1.39,469.5,102395
2026-02-18 17:37:00+00:00,1.84,494.2,161379
2026-02-18 17:38:00+00:00,1.95,475.2,127155
2026-02-18 17:39:00+00:00,1.87,467.5,96866
2026-02-18 17:40:00+00:00,1.41,456.6,64705
2026-02-18 17:41:00+00:00,2.10,485.2,159047
2026-02-18 17:42:00+00:00,2.07,,
2026-02-18 17:43:00+00:00,2.07,471.5,118256
2026-02-18 17:44:00+00:00,2.33,490.2,196535
2026-02-18 17:45:00+00:00,2.56,481.0,158110
2026-02-18 17:46:00+00:00,2.11,476.8,130271
2026-02-18 17:47:00+00:00,1.36,451.5,67588
2026-02-18 17:48:00+00:00,1.81,472.2,122182
2026-02-18 17:49:00+00:00,2.40,487.7,173685
2026-02-18 17:50:00+00:00,2.25,483.4,149650
2026-02-18 17:51:00+00:00,1.92,474.5,109340
2026-02-18 17:52:00+00:00,2.07,471.8,109154
2026-02-18 17:53:00+00:00,2.35,474.4,125275
2026-02-18 17:54:00+00:00,2.35,470.3,105949
2026-02-18 17:55:00+00:00,2.47,466.1,85194
2026-02-18 17:56:00+00:00,3.01,482.5,156726
2026-02-18 17:57:00+00:00,2.61,468.2,116423
2026-02-18 17:58:00+00:00,2.56,470.8,116817
2026-02-18 17:59:00+00:00,2.32,464.8,91213
2026-02-18 18:00:00+00:00,3.08,482.5,164519
2026-02-18 18:01:00+00:00,2.52,471.5,135888
2026-02-18 18:02:00+00:00,1.41,454.7,73313
2026-02-18 18:03:00+00:00,2.29,466.7,117249
2026-02-18 18:04:00+00:00,3.11,474.5,134715
2026-02-18 18:05:00+00:00,2.63,469.8,114622
2026-02-18 18:06:00+00:00,1.81,453.9,78592
2026-02-18 18:07:00+00:00,2.35,463.3,116453
2026-02-18 18:08:00+00:00,3.15,477.4,146679
2026-02-18 18:09:00+00:00,2.93,468.6,106771
2026-02-18 18:10:00+00:00,2.83,467.6,108993
2026-02-18 18:11:00+00:00,2.88,465.1,103013
2026-02-18 18:12:00+00:00,3.14,469.2,123104
2026-02-18 18:13:00+00:00,2.61,466.1,103717
2026-02-18 18:14:00+00:00,0.85,444.4,51264
2026-02-18 18:16:00+00:00,4.69,489.8,219220
2026-02-18 18:17:00+00:00,3.04,463.8,102696
2026-02-18 18:18:00+00:00,1.37,446.5,60653
2026-02-18 18:19:00+00:00,2.53,467.8,114924
2026-02-18 18:20:00+00:00,3.57,472.3,121811
2026-02-18 18:21:00+00:00,2.75,460.5,90546
2026-02-18 18:22:00+00:00,3.07,462.8,100584
2026-02-18 18:23:00+00:00,3.84,470.1,123253
2026-02-18 18:24:00+00:00,3.51,467.9,116901
2026-02-18 18:25:00+00:00,2.39,457.1,88302
2026-02-18 18:26:00+00:00,1.73,448.3,65145
2026-02-18 18:27:00+00:00,3.76,464.1,115017
2026-02-18 18:28:00+00:00,4.83,478.0,196629
2026-02-18 18:29:00+00:00,2.45,459.9,93680
2026-02-18 18:30:00+00:00,1.71,456.2,90509
2026-02-18 18:31:00+00:00,2.32,464.3,119083
2026-02-18 18:32:00+00:00,1.98,461.7,103438
2026-02-18 18:33:00+00:00,1.14,447.2,66649
2026-02-18 18:34:00+00:00,2.06,468.6,128131
2026-02-18 18:35:00+00:00,2.49,472.0,142710
2026-02-18 18:36:00+00:00,2.31,473.0,145600
2026-02-18 18:37:00+00:00,1.35,454.7,85343
2026-02-18 18:38:00+00:00,1.64,464.8,121652
2026-02-18 18:39:00+00:00,3.03,473.6,160286
2026-02-18 18:40:00+00:00,3.02,458.2,109678
2026-02-18 18:41:00+00:00,2.78,457.5,90579
2026-02-18 18:42:00+00:00,3.99,469.1,120727
2026-02-18 18:43:00+00:00,3.02,463.9,112328
2026-02-18 18:44:00+00:00,2.77,462.7,105953
2026-02-18 18:45:00+00:00,1.32,445.5,60061
2026-02-18 18:46:00+00:00,3.67,469.7,134775
2026-02-18 18:47:00+00:00,3.32,454.9,85850
2026-02-18 18:48:00+00:00,3.32,,
2026-02-18 18:49:00+00:00,3.90,465.0,124436
2026-02-18 18:50:00+00:00,3.61,459.8,114255
2026-02-18 18:51:00+00:00,3.18,458.7,96712
2026-02-18 18:52:00+00:00,2.21,450.8,75977
2026-02-18 18:53:00+00:00,3.25,458.0,87963
2026-02-18 18:54:00+00:00,4.05,464.9,107193
2026-02-18 18:55:00+00:00,3.63,463.0,109168
2026-02-18 18:56:00+00:00,2.41,453.3,87957
2026-02-18 18:57:00+00:00,1.57,443.1,63361
2026-02-18 18:58:00+00:00,2.64,447.5,70742
2026-02-18 18:59:00+00:00,3.50,456.2,90947
2026-02-18 19:00:00+00:00,2.94,455.8,91844
2026-02-18 19:01:00+00:00,4.54,471.2,141865
2026-02-18 19:02:00+00:00,2.74,451.7,87178
2026-02-18 19:03:00+00:00,2.65,453.4,103321
2026-02-18 19:04:00+00:00,1.18,441.3,72759
2026-02-18 19:05:00+00:00,2.90,464.2,126944
2026-02-18 19:06:00+00:00,3.65,462.3,128368
2026-02-18 19:07:00+00:00,3.08,454.0,110818
2026-02-18 19:08:00+00:00,1.54,441.3,77271
2026-02-18 19:09:00+00:00,2.44,452.0,107951
2026-02-18 19:10:00+00:00,3.33,461.6,139434
2026-02-18 19:11:00+00:00,2.36,453.2,114104
2026-02-18 19:12:00+00:00,2.44,448.6,78587
2026-02-18 19:13:00+00:00,3.70,455.6,80336
2026-02-18 19:14:00+00:00,3.01,458.7,97183
2026-02-18 19:15:00+00:00,2.15,458.6,88437
2026-02-18 19:16:00+00:00,1.31,449.0,55430
2026-02-18 19:17:00+00:00,2.42,474.1,120585
2026-02-18 19:18:00+00:00,2.43,466.6,97755
2026-02-18 19:19:00+00:00,2.12,460.2,65290
2026-02-18 19:20:00+00:00,2.48,466.0,96387
2026-02-18 19:21:00+00:00,2.50,466.3,98023
2026-02-18 19:22:00+00:00,3.03,477.5,128769
2026-02-18 19:23:00+00:00,1.32,449.0,54343
2026-02-18 19:24:00+00:00,1.98,463.7,78931
2026-02-18 19:25:00+00:00,2.91,464.7,98021
2026-02-18 19:26:00+00:00,3.41,462.0,85388
2026-02-18 19:27:00+00:00,3.21,451.6,59560
2026-02-18 19:28:00+00:00,2.56,447.8,84331
2026-02-18 19:29:00+00:00,2.76,468.2,150965
2026-02-18 19:30:00+00:00,3.18,472.2,133357
2026-02-18 19:31:00+00:00,2.26,458.7,68520
2026-02-18 19:32:00+00:00,2.97,470.0,92745
2026-02-18 19:33:00+00:00,2.82,462.0,80002
2026-02-18 19:34:00+00:00,2.56,459.8,75555
2026-02-18 19:35:00+00:00,2.61,456.4,61094
2026-02-18 19:36:00+00:00,3.00,473.8,114090
2026-02-18 19:37:00+00:00,3.58,460.2,83984
2026-02-18 19:38:00+00:00,3.21,462.7,108444
2026-02-18 19:39:00+00:00,2.81,455.6,72058
2026-02-18 19:40:00+00:00,3.37,465.1,118486
2026-02-18 19:41:00+00:00,3.43,461.1,115192
2026-02-18 19:42:00+00:00,2.52,446.5,65568
2026-02-18 19:43:00+00:00,2.61,447.3,53416
2026-02-18 19:44:00+00:00,3.69,459.0,74538
2026-02-18 19:45:00+00:00,3.88,461.6,76489
2026-02-18 19:46:00+00:00,3.14,451.1,48992
2026-02-18 19:47:00+00:00,2.81,441.8,39503
2026-02-18 19:48:00+00:00,3.92,472.5,99188
2026-02-18 19:49:00+00:00,3.50,457.4,69559
2026-02-18 19:50:00+00:00,3.51,453.4,68983
2026-02-18 19:51:00+00:00,3.69,460.7,64193
2026-02-18 19:52:00+00:00,4.31,469.8,68597
2026-02-18 19:53:00+00:00,3.73,460.9,68021
2026-02-18 19:54:00+00:00,3.65,459.7,67914
2026-02-18 19:55:00+00:00,3.50,450.6,64764
2026-02-18 19:56:00+00:00,2.55,442.9,50090
2026-02-18 19:57:00+00:00,2.34,442.0,44370
2026-02-18 19:58:00+00:00,3.04,448.5,49789
2026-02-18 19:59:00+00:00,3.67,455.0,60267
2026-02-18 20:00:00+00:00,4.33,460.1,73632
2026-02-18 20:01:00+00:00,3.96,456.3,64204
2026-02-18 20:02:00+00:00,2.61,448.7,43791
2026-02-18 20:03:00+00:00,4.29,464.7,78031
2026-02-18 20:04:00+00:00,4.73,465.6,75758
2026-02-18 20:05:00+00:00,3.27,463.5,58707
2026-02-18 20:08:00+00:00,4.23,480.5,117771
2026-02-18 20:09:00+00:00,3.26,467.1,61892
2026-02-18 20:10:00+00:00,4.50,469.0,68336
2026-02-18 20:11:00+00:00,4.47,463.2,59423
2026-02-18 20:12:00+00:00,3.59,454.7,47952
2026-02-18 20:13:00+00:00,1.88,441.0,36722
2026-02-18 20:14:00+00:00,2.94,447.0,47141
2026-02-18 20:15:00+00:00,3.97,456.0,52249
2026-02-18 20:16:00+00:00,3.75,454.3,48465
2026-02-18 20:17:00+00:00,3.41,448.4,51996
2026-02-18 20:18:00+00:00,2.61,442.3,53275
2026-02-18 20:19:00+00:00,4.05,451.4,63206
2026-02-18 20:20:00+00:00,2.53,443.4,48631
2026-02-18 20:21:00+00:00,2.24,441.7,44818
2026-02-18 20:22:00+00:00,4.40,456.5,73213
2026-02-18 20:23:00+00:00,3.85,455.3,43565
2026-02-18 20:24:00+00:00,3.29,452.6,41354
2026-02-18 20:25:00+00:00,1.82,435.4,32136
2026-02-18 20:26:00+00:00,3.72,467.9,72119
2026-02-18 20:27:00+00:00,4.19,475.7,81364
2026-02-18 20:28:00+00:00,4.16,456.4,45760
2026-02-18 20:29:00+00:00,3.95,455.0,44193
2026-02-18 20:30:00+00:00,4.15,454.9,45451
2026-02-18 20:31:00+00:00,4.05,452.6,44143
2026-02-18 20:32:00+00:00,2.90,444.2,33820
2026-02-18 20:33:00+00:00,2.80,444.6,36972
2026-02-18 20:34:00+00:00,4.39,457.4,57433
2026-02-18 20:35:00+00:00,4.03,452.9,48346
2026-02-18 20:36:00+00:00,4.09,449.3,44208
2026-02-18 20:37:00+00:00,2.36,438.1,28430
2026-02-18 20:38:00+00:00,4.83,459.3,71365
2026-02-18 20:39:00+00:00,4.84,456.1,77336
2026-02-18 20:40:00+00:00,1.88,440.2,43336
2026-02-18 20:41:00+00:00,4.53,456.9,74798
2026-02-18 20:42:00+00:00,4.54,454.4,61405
2026-02-18 20:43:00+00:00,3.56,449.6,61757
2026-02-18 20:44:00+00:00,1.81,438.0,54431
2026-02-18 20:45:00+00:00,3.11,448.5,73221
2026-02-18 20:46:00+00:00,4.89,455.7,85382
2026-02-18 20:47:00+00:00,4.54,451.3,83667
2026-02-18 20:48:00+00:00,3.20,446.3,78980
2026-02-18 20:49:00+00:00,3.19,447.9,83992
2026-02-18 20:50:00+00:00,4.34,456.7,105138
2026-02-18 20:51:00+00:00,3.37,450.6,92181
2026-02-18 20:52:00+00:00,1.45,434.2,55564
2026-02-18 20:53:00+00:00,4.31,457.3,100571
2026-02-18 20:54:00+00:00,4.97,455.9,93129
2026-02-18 20:55:00+00:00,3.62,449.0,76803
2026-02-18 20:56:00+00:00,1.64,434.1,56198
2026-02-18 20:57:00+00:00,4.37,459.1,125806
2026-02-18 20:58:00+00:00,4.14,453.1,95009
2026-02-18 20:59:00+00:00,3.58,451.0,78449
2026-02-18 21:00:00+00:00,3.44,451.0,75932
2026-02-18 21:01:00+00:00,4.33,459.0,97770
2026-02-18 21:02:00+00:00,3.79,457.1,92469
2026-02-18 21:03:00+00:00,3.42,452.4,81930
2026-02-18 21:04:00+00:00,4.00,455.0,97309
2026-02-18 21:05:00+00:00,4.39,458.9,118570
2026-02-18 21:06:00+00:00,3.76,450.3,100507
2026-02-18 21:07:00+00:00,3.25,446.9,92808
2026-02-18 21:08:00+00:00,2.26,440.7,75825
2026-02-18 21:09:00+00:00,3.82,453.4,118592
2026-02-18 21:10:00+00:00,2.66,445.2,98741
2026-02-18 21:11:00+00:00,2.04,432.9,69938
2026-02-18 21:12:00+00:00,3.72,462.8,159358
2026-02-18 21:13:00+00:00,3.53,456.7,142140
2026-02-18 21:14:00+00:00,2.68,449.6,107954
2026-02-18 21:15:00+00:00,2.52,452.1,109986
2026-02-18 21:16:00+00:00,2.74,466.6,159067
2026-02-18 21:17:00+00:00,2.34,463.8,156085
2026-02-18 21:18:00+00:00,2.43,454.8,113028
2026-02-18 21:19:00+00:00,3.09,453.1,82092
2026-02-18 21:20:00+00:00,3.04,451.6,65542
2026-02-18 21:21:00+00:00,2.57,456.1,82698
2026-02-18 21:22:00+00:00,2.23,462.0,109992
2026-02-18 21:23:00+00:00,1.39,440.2,58845
2026-02-18 21:24:00+00:00,2.99,451.9,106790
2026-02-18 21:25:00+00:00,2.46,459.4,123645
2026-02-18 21:26:00+00:00,1.62,,
2026-02-18 21:27:00+00:00,1.62,447.1,80709
2026-02-18 21:28:00+00:00,3.37,458.8,132845
2026-02-18 21:29:00+00:00,3.21,460.5,108481
2026-02-18 21:30:00+00:00,1.71,443.7,82958
2026-02-18 21:31:00+00:00,1.99,450.1,96267
2026-02-18 21:32:00+00:00,2.19,453.5,102345
2026-02-18 21:34:00+00:00,2.52,449.2,109741
2026-02-18 21:35:00+00:00,2.55,448.9,103893
2026-02-18 21:36:00+00:00,2.81,448.7,98321
2026-02-18 21:37:00+00:00,2.76,451.2,105913
2026-02-18 21:38:00+00:00,1.97,457.6,121486
2026-02-18 21:39:00+00:00,1.66,462.1,126861
2026-02-18 21:40:00+00:00,1.47,465.0,117330
2026-02-18 21:41:00+00:00,1.11,471.2,121672
2026-02-18 21:42:00+00:00,1.73,458.2,127595
2026-02-18 21:43:00+00:00,1.94,457.7,126829
2026-02-18 21:44:00+00:00,1.51,470.9,86777
2026-02-18 21:45:00+00:00,1.29,475.5,86368
2026-02-18 21:46:00+00:00,1.26,472.4,101701
2026-02-18 21:47:00+00:00,1.18,477.5,88437
2026-02-18 21:48:00+00:00,1.07,481.3,73172
2026-02-18 21:49:00+00:00,1.14,478.4,84142
2026-02-18 21:50:00+00:00,1.24,474.3,95908
2026-02-18 21:51:00+00:00,1.13,479.4,79260
2026-02-18 21:52:00+00:00,0.91,485.9,60131
2026-02-18 21:53:00+00:00,0.86,484.3,66630
2026-02-18 21:54:00+00:00,0.98,483.5,71232
2026-02-18 21:55:00+00:00,0.94,483.8,64868
2026-02-18 21:56:00+00:00,1.13,476.1,99374
2026-02-18 21:57:00+00:00,1.21,474.2,111029
2026-02-18 22:03:00+00:00,1.40,464.0,138057
2026-02-18 22:04:00+00:00,1.66,457.5,130954
2026-02-18 22:07:00+00:00,1.90,457.5,128935
2026-02-18 22:08:00+00:00,1.80,461.6,121878
2026-02-18 22:09:00+00:00,1.67,468.0,106076
2026-02-18 22:10:00+00:00,1.65,468.0,102894
2026-02-18 22:11:00+00:00,1.50,466.7,119982
2026-02-18 22:12:00+00:00,1.37,470.7,105591
2026-02-18 22:13:00+00:00,2.67,462.6,78070
2026-02-18 22:14:00+00:00,1.55,473.8,66947
2026-02-18 22:15:00+00:00,3.22,465.3,63811
2026-02-18 22:16:00+00:00,2.42,471.0,59333
2026-02-18 22:17:00+00:00,1.53,464.8,73740
2026-02-18 22:18:00+00:00,1.56,468.6,85878
2026-02-18 22:19:00+00:00,1.64,467.2,71772
2026-02-18 22:20:00+00:00,1.54,462.4,89287
2026-02-18 22:21:00+00:00,1.63,461.9,79494
2026-02-18 22:22:00+00:00,1.51,464.0,91186
2026-02-18 22:23:00+00:00,1.54,462.6,94845
2026-02-18 22:24:00+00:00,1.53,466.3,86909
2026-02-18 22:25:00+00:00,1.23,476.3,95517
2026-02-18 22:26:00+00:00,1.32,477.3,90289
2026-02-18 22:27:00+00:00,1.40,474.5,99587
2026-02-18 22:28:00+00:00,1.43,475.4,99624
2026-02-18 22:29:00+00:00,1.43,473.3,89656
2026-02-18 22:30:00+00:00,1.22,471.8,97353
2026-02-18 22:31:00+00:00,1.09,471.9,95047
2026-02-18 22:32:00+00:00,1.28,473.8,99664
2026-02-18 22:33:00+00:00,1.33,473.1,83917
2026-02-18 22:34:00+00:00,1.32,474.0,79510
2026-02-18 22:35:00+00:00,1.41,471.2,88706
2026-02-18 22:36:00+00:00,1.22,475.7,74589
2026-02-18 22:37:00+00:00,1.36,474.1,75774
2026-02-18 22:40:00+00:00,1.33,475.0,93045
2026-02-18 22:41:00+00:00,1.34,474.6,86127
2026-02-18 22:42:00+00:00,1.36,473.4,83922
2026-02-18 22:43:00+00:00,1.37,473.0,106940
2026-02-18 22:44:00+00:00,1.26,475.4,90789
2026-02-18 22:45:00+00:00,1.51,473.6,81143
2026-02-18 22:46:00+00:00,1.66,465.1,103007
2026-02-18 22:47:00+00:00,1.48,471.6,85499
2026-02-18 22:48:00+00:00,2.10,461.7,90094
2026-02-18 22:49:00+00:00,1.68,467.3,88778
2026-02-18 22:50:00+00:00,1.30,472.1,71768
2026-02-18 22:51:00+00:00,1.67,467.4,95719
2026-02-18 22:52:00+00:00,1.60,470.7,90028
2026-02-18 22:53:00+00:00,1.60,472.5,80036
2026-02-18 22:54:00+00:00,1.56,473.1,72933
2026-02-18 22:55:00+00:00,1.48,473.4,68341
2026-02-18 22:56:00+00:00,1.35,474.6,68963
2026-02-18 22:57:00+00:00,1.15,476.6,70358
2026-02-18 22:58:00+00:00,1.18,477.1,68952
2026-02-18 22:59:00+00:00,1.24,478.8,65062
2026-02-18 23:00:00+00:00,1.45,473.1,63025
2026-02-18 23:01:00+00:00,2.95,450.2,57497
2026-02-18 23:02:00+00:00,2.99,448.7,61304
2026-02-18 23:03:00+00:00,3.05,447.1,66597
2026-02-18 23:04:00+00:00,3.80,448.3,55625
2026-02-18 23:05:00+00:00,3.42,448.8,56750
2026-02-18 23:06:00+00:00,2.88,454.5,57446
2026-02-18 23:07:00+00:00,3.04,450.8,64442
2026-02-18 23:08:00+00:00,3.21,452.7,58212
2026-02-18 23:09:00+00:00,2.91,455.3,62976
2026-02-18 23:10:00+00:00,2.73,456.6,71059
2026-02-18 23:11:00+00:00,2.77,457.1,73239
2026-02-18 23:13:00+00:00,1.74,454.8,82466
2026-02-18 23:14:00+00:00,2.02,455.6,76530
2026-02-18 23:15:00+00:00,2.51,456.2,67886
2026-02-18 23:16:00+00:00,1.77,451.7,87535
2026-02-18 23:17:00+00:00,2.09,453.9,69262
2026-02-18 23:18:00+00:00,1.86,455.5,79226
2026-02-18 23:19:00+00:00,0.89,482.0,68249
2026-02-18 23:20:00+00:00,3.74,470.7,64836
2026-02-18 23:21:00+00:00,3.39,462.6,59283
2026-02-18 23:22:00+00:00,2.21,455.0,97563
2026-02-18 23:23:00+00:00,2.25,462.2,66138
2026-02-18 23:24:00+00:00,2.00,462.3,83940
2026-02-18 23:25:00+00:00,2.07,460.1,87533
2026-02-18 23:26:00+00:00,2.00,458.9,86619
2026-02-18 23:27:00+00:00,1.99,459.7,94677
2026-02-18 23:28:00+00:00,1.94,461.2,106733
2026-02-18 23:29:00+00:00,1.80,458.3,118003
2026-02-18 23:30:00+00:00,2.27,451.6,110570
2026-02-18 23:31:00+00:00,2.77,448.9,93841
2026-02-18 23:32:00+00:00,3.23,448.2,87411
2026-02-18 23:33:00+00:00,3.34,450.0,76860
2026-02-18 23:34:00+00:00,3.13,448.3,91544
2026-02-18 23:35:00+00:00,3.37,448.0,84118
2026-02-18 23:36:00+00:00,3.54,447.2,82375
2026-02-18 23:37:00+00:00,3.24,448.3,88474
2026-02-18 23:38:00+00:00,3.37,450.3,80470
2026-02-18 23:39:00+00:00,3.76,452.3,79345
2026-02-18 23:40:00+00:00,3.70,454.1,78440
2026-02-18 23:41:00+00:00,3.44,452.5,84165
2026-02-18 23:42:00+00:00,3.13,451.0,97417
2026-02-18 23:43:00+00:00,2.24,456.5,121230
2026-02-18 23:44:00+00:00,1.48,462.4,138508
2026-02-18 23:46:00+00:00,2.88,461.3,86359
2026-02-18 23:47:00+00:00,2.83,460.5,85927
2026-02-18 23:48:00+00:00,2.65,457.9,84818
2026-02-18 23:49:00+00:00,2.55,459.7,86717
2026-02-18 23:50:00+00:00,2.74,458.6,79170
2026-02-18 23:51:00+00:00,3.25,464.1,74112
2026-02-18 23:52:00+00:00,3.51,466.2,69684
2026-02-18 23:53:00+00:00,2.78,465.7,71004
2026-02-18 23:54:00+00:00,2.59,464.6,69216
2026-02-18 23:55:00+00:00,2.92,464.6,71209
2026-02-18 23:56:00+00:00,2.19,464.8,90118
2026-02-18 23:57:00+00:00,1.66,464.5,95576
2026-02-18 23:58:00+00:00,2.00,462.6,96173
2026-02-18 23:59:00+00:00,3.04,461.7,95438
2026-02-19 00:00:00+00:00,3.61,466.5,82847
2026-02-19 00:01:00+00:00,3.47,470.8,70739
2026-02-19 00:02:00+00:00,3.70,467.1,78479
2026-02-19 00:03:00+00:00,3.71,466.4,89700
2026-02-19 00:04:00+00:00,3.62,469.8,84492
2026-02-19 00:05:00+00:00,3.39,464.1,86007
2026-02-19 00:06:00+00:00,2.95,462.9,89863
2026-02-19 00:07:00+00:00,2.33,464.2,81341
2026-02-19 00:08:00+00:00,2.42,465.9,79974
2026-02-19 00:09:00+00:00,2.21,467.0,75682
2026-02-19 00:10:00+00:00,2.17,467.6,77537
2026-02-19 00:11:00+00:00,2.12,464.9,85279
2026-02-19 00:12:00+00:00,2.26,465.4,89411
2026-02-19 00:13:00+00:00,2.55,462.1,91728
2026-02-19 00:14:00+00:00,2.53,462.6,86806
2026-02-19 00:15:00+00:00,2.36,464.9,79951
2026-02-19 00:16:00+00:00,2.12,465.6,76003
2026-02-19 00:17:00+00:00,1.81,466.9,73555
2026-02-19 00:19:00+00:00,2.13,469.0,85194
2026-02-19 00:20:00+00:00,2.11,469.1,85276
2026-02-19 00:21:00+00:00,1.97,469.7,85168
2026-02-19 00:22:00+00:00,2.32,470.2,78851
2026-02-19 00:23:00+00:00,2.27,474.4,75807
2026-02-19 00:24:00+00:00,2.02,476.1,77643
2026-02-19 00:25:00+00:00,2.01,476.2,77740
2026-02-19 00:26:00+00:00,1.88,472.7,84856
2026-02-19 00:27:00+00:00,1.78,472.6,88711
2026-02-19 00:28:00+00:00,1.83,472.3,88540
2026-02-19 00:29:00+00:00,1.88,473.7,91682
2026-02-19 00:30:00+00:00,1.72,474.8,98045
2026-02-19 00:31:00+00:00,1.59,474.8,106563
2026-02-19 00:32:00+00:00,1.98,472.2,113717
2026-02-19 00:33:00+00:00,2.46,468.9,116226
2026-02-19 00:34:00+00:00,2.23,472.0,114796
2026-02-19 00:35:00+00:00,2.01,476.3,110739
2026-02-19 00:36:00+00:00,2.40,469.8,116308
2026-02-19 00:37:00+00:00,2.61,473.9,119999
2026-02-19 00:38:00+00:00,3.08,487.3,90167
2026-02-19 00:39:00+00:00,2.67,476.9,88421
2026-02-19 00:40:00+00:00,2.86,480.9,71306
2026-02-19 00:41:00+00:00,3.34,488.1,81639
2026-02-19 00:42:00+00:00,2.73,491.3,90705
2026-02-19 00:43:00+00:00,3.35,481.6,95937
2026-02-19 00:44:00+00:00,2.99,471.8,118598
2026-02-19 00:45:00+00:00,2.89,470.1,127683
2026-02-19 00:46:00+00:00,3.24,475.8,107792
2026-02-19 00:47:00+00:00,3.03,477.6,97433
2026-02-19 00:48:00+00:00,2.13,478.0,116538
2026-02-19 00:49:00+00:00,1.46,481.6,134186
2026-02-19 00:50:00+00:00,1.40,480.6,132498
2026-02-19 00:52:00+00:00,2.43,473.5,90886
2026-02-19 00:53:00+00:00,2.38,474.0,93015
2026-02-19 00:54:00+00:00,1.85,479.2,116442
2026-02-19 02:36:00+00:00,1.87,473.1,74873
2026-02-19 02:37:00+00:00,1.86,474.8,72051
2026-02-19 02:38:00+00:00,1.78,475.0,73293
2026-02-19 02:39:00+00:00,1.91,474.8,72507
2026-02-19 02:40:00+00:00,1.99,477.2,64755
2026-02-19 02:41:00+00:00,1.87,477.8,62558
2026-02-19 02:42:00+00:00,2.01,473.8,69497
2026-02-19 02:43:00+00:00,2.21,473.8,69287
2026-02-19 02:44:00+00:00,2.31,476.9,71340
2026-02-19 02:45:00+00:00,2.17,475.8,78923
2026-02-19 02:46:00+00:00,1.93,475.8,65461
2026-02-19 02:47:00+00:00,1.53,465.0,65044
2026-02-19 02:48:00+00:00,2.31,474.9,73222
2026-02-19 02:49:00+00:00,2.11,472.5,74122
2026-02-19 02:50:00+00:00,1.91,474.2,103371
2026-02-19 02:51:00+00:00,2.13,472.6,84133
2026-02-19 02:52:00+00:00,2.20,472.3,77082
2026-02-19 02:53:00+00:00,2.15,471.5,83262
2026-02-19 02:54:00+00:00,2.31,471.0,85745
2026-02-19 02:55:00+00:00,2.49,470.2,81013
2026-02-19 02:56:00+00:00,2.35,469.4,78043
2026-02-19 02:57:00+00:00,2.18,470.1,81414
2026-02-19 02:58:00+00:00,2.28,472.3,84991
2026-02-19 02:59:00+00:00,2.14,475.5,88224
2026-02-19 03:00:00+00:00,1.89,476.8,92537
2026-02-19 03:01:00+00:00,2.15,470.6,85365
2026-02-19 03:02:00+00:00,2.52,468.9,85705
2026-02-19 03:03:00+00:00,2.12,467.5,90078
2026-02-19 03:04:00+00:00,2.12,,
2026-02-19 03:05:00+00:00,1.65,480.9,97811
2026-02-19 03:06:00+00:00,2.12,475.1,69882
2026-02-19 03:07:00+00:00,2.29,468.6,68046
2026-02-19 03:08:00+00:00,2.08,466.1,68213
2026-02-19 03:09:00+00:00,1.62,473.6,80179
2026-02-19 03:10:00+00:00,2.05,472.5,75191
2026-02-19 03:11:00+00:00,2.54,466.8,67884
2026-02-19 03:12:00+00:00,2.13,465.4,68866
2026-02-19 03:13:00+00:00,1.76,464.9,69792
2026-02-19 03:14:00+00:00,1.99,464.8,73954
2026-02-19 03:15:00+00:00,1.86,463.9,66715
2026-02-19 03:16:00+00:00,1.89,464.5,73879
2026-02-19 03:17:00+00:00,2.34,457.1,66251
2026-02-19 03:18:00+00:00,2.23,461.7,74355
2026-02-19 03:19:00+00:00,2.04,465.9,63104
2026-02-19 03:20:00+00:00,2.41,463.1,69885
2026-02-19 03:21:00+00:00,2.86,468.3,80178
2026-02-19 03:22:00+00:00,2.83,465.3,82055
2026-02-19 03:23:00+00:00,2.07,464.6,65914
2026-02-19 03:24:00+00:00,1.68,467.4,65052
2026-02-19 03:25:00+00:00,1.97,468.2,73766
2026-02-19 03:26:00+00:00,2.32,467.7,74079
2026-02-19 03:27:00+00:00,2.36,466.3,74055
2026-02-19 03:28:00+00:00,2.85,466.1,73883
2026-02-19 03:29:00+00:00,3.07,466.8,71124
2026-02-19 03:30:00+00:00,2.28,463.8,77145
2026-02-19 03:31:00+00:00,2.72,461.4,77750
2026-02-19 03:32:00+00:00,1.92,465.3,70648
2026-02-19 03:33:00+00:00,2.18,464.1,129641
2026-02-19 03:34:00+00:00,1.70,473.9,137185
2026-02-19 03:35:00+00:00,1.56,469.1,152291
2026-02-19 03:36:00+00:00,1.75,471.4,135072
2026-02-19 03:37:00+00:00,1.76,471.5,134165
2026-02-19 03:38:00+00:00,1.49,478.8,124807
2026-02-19 03:39:00+00:00,1.40,472.3,172681
2026-02-19 03:40:00+00:00,1.38,477.3,141448
2026-02-19 03:41:00+00:00,1.49,475.7,147198
2026-02-19 03:42:00+00:00,1.32,472.6,148694
2026-02-19 03:43:00+00:00,1.19,475.1,139412
2026-02-19 03:44:00+00:00,1.23,476.0,150410
2026-02-19 03:45:00+00:00,1.30,470.8,164488
2026-02-19 03:46:00+00:00,1.36,470.5,153773
2026-02-19 03:47:00+00:00,0.89,481.3,113032
2026-02-19 03:48:00+00:00,0.98,477.6,130057
2026-02-19 03:49:00+00:00,1.14,478.2,120899
2026-02-19 03:50:00+00:00,1.27,481.9,100717
2026-02-19 03:51:00+00:00,1.23,479.6,104065
2026-02-19 03:52:00+00:00,1.08,475.5,112504
2026-02-19 03:53:00+00:00,1.02,473.4,117818
2026-02-19 03:54:00+00:00,1.07,472.8,123710
2026-02-19 03:55:00+00:00,1.09,471.2,133264
2026-02-19 03:56:00+00:00,1.33,474.5,128298
2026-02-19 03:57:00+00:00,1.41,473.6,130765
2026-02-19 03:58:00+00:00,1.27,472.5,127933
2026-02-19 04:00:00+00:00,1.54,469.0,148839
2026-02-19 04:01:00+00:00,1.56,470.3,141804
2026-02-19 04:02:00+00:00,1.61,471.9,132445
2026-02-19 04:03:00+00:00,1.63,470.5,142772
2026-02-19 04:04:00+00:00,1.63,473.0,144688
2026-02-19 04:05:00+00:00,1.60,475.2,136839
2026-02-19 04:06:00+00:00,1.48,472.1,146333
2026-02-19 04:07:00+00:00,1.39,475.7,152934
2026-02-19 04:08:00+00:00,1.43,476.8,154739
2026-02-19 04:09:00+00:00,1.34,477.9,149596
2026-02-19 04:10:00+00:00,1.33,478.1,148904
2026-02-19 04:11:00+00:00,2.12,464.8,153465
2026-02-19 04:12:00+00:00,2.02,468.1,157577
2026-02-19 04:13:00+00:00,1.82,470.3,159675
2026-02-19 04:14:00+00:00,1.64,474.9,158732
2026-02-19 04:15:00+00:00,1.59,478.0,158257
2026-02-19 04:16:00+00:00,1.48,480.5,155423
2026-02-19 04:17:00+00:00,1.43,479.4,159183
2026-02-19 04:18:00+00:00,1.63,471.9,179566
2026-02-19 04:19:00+00:00,1.53,475.5,195788
2026-02-19 04:20:00+00:00,1.79,469.4,205159
2026-02-19 04:21:00+00:00,2.19,461.3,174340
2026-02-19 04:22:00+00:00,3.34,470.1,94110
2026-02-19 04:23:00+00:00,2.33,473.7,106920
2026-02-19 04:24:00+00:00,2.47,468.4,102685
2026-02-19 04:25:00+00:00,1.99,470.0,109219
2026-02-19 04:26:00+00:00,2.52,471.3,103385
2026-02-19 04:27:00+00:00,2.68,471.5,105284
2026-02-19 04:28:00+00:00,2.70,470.5,110107
2026-02-19 04:29:00+00:00,2.14,471.2,142440
2026-02-19 04:30:00+00:00,1.59,478.7,163423
2026-02-19 04:31:00+00:00,1.42,480.7,174141
2026-02-19 04:32:00+00:00,1.47,477.3,178479
2026-02-19 04:33:00+00:00,1.65,475.0,161494
2026-02-19 04:34:00+00:00,1.85,471.7,148401
2026-02-19 04:35:00+00:00,2.13,474.2,144664
2026-02-19 04:36:00+00:00,3.02,467.1,95433
2026-02-19 04:37:00+00:00,2.39,469.5,124402
2026-02-19 04:38:00+00:00,2.11,468.1,177666
2026-02-19 04:39:00+00:00,1.87,469.1,164103
2026-02-19 04:40:00+00:00,2.03,469.3,162696
2026-02-19 04:41:00+00:00,2.46,468.1,115705
2026-02-19 04:42:00+00:00,3.06,462.4,115159
2026-02-19 04:43:00+00:00,3.18,461.1,116427
2026-02-19 04:44:00+00:00,3.22,460.1,91327
2026-02-19 04:45:00+00:00,2.79,463.1,99734
2026-02-19 04:46:00+00:00,2.29,464.4,115632
2026-02-19 04:47:00+00:00,1.87,465.8,127465
2026-02-19 04:48:00+00:00,1.77,466.4,126863
2026-02-19 04:49:00+00:00,2.11,464.6,124558
2026-02-19 04:50:00+00:00,2.15,465.7,134980
2026-02-19 04:51:00+00:00,1.99,468.1,134057
2026-02-19 04:52:00+00:00,3.21,470.3,88436
2026-02-19 04:53:00+00:00,3.85,488.1,83896
2026-02-19 04:54:00+00:00,3.24,485.1,94228
2026-02-19 04:55:00+00:00,2.10,477.1,90396
2026-02-19 04:56:00+00:00,2.07,482.5,102380
2026-02-19 04:57:00+00:00,2.01,476.6,138814
2026-02-19 04:58:00+00:00,2.35,474.2,122386
2026-02-19 04:59:00+00:00,2.15,473.5,108122
2026-02-19 05:00:00+00:00,0.78,450.4,43423
2026-02-19 05:01:00+00:00,1.11,465.7,66777
2026-02-19 05:02:00+00:00,1.43,480.6,115200
2026-02-19 05:03:00+00:00,1.67,475.6,116505
2026-02-19 05:04:00+00:00,2.30,473.1,100276
2026-02-19 05:05:00+00:00,2.41,474.9,100500
2026-02-19 05:06:00+00:00,2.18,473.4,105815
2026-02-19 05:07:00+00:00,2.10,473.9,96020
2026-02-19 05:08:00+00:00,2.11,472.1,101595
2026-02-19 05:09:00+00:00,1.91,474.9,118922
2026-02-19 05:10:00+00:00,2.09,476.2,106489
2026-02-19 05:11:00+00:00,2.11,472.0,96345
2026-02-19 05:12:00+00:00,2.08,476.4,82465
2026-02-19 05:13:00+00:00,2.19,478.4,81859
2026-02-19 05:14:00+00:00,2.21,475.0,86682
2026-02-19 05:15:00+00:00,2.77,480.1,102765
2026-02-19 05:16:00+00:00,2.95,482.1,107767
2026-02-19 05:17:00+00:00,3.06,483.3,80042
2026-02-19 05:18:00+00:00,2.35,477.7,94233
2026-02-19 05:19:00+00:00,2.79,473.2,94193
2026-02-19 05:20:00+00:00,3.51,473.1,85521
2026-02-19 05:21:00+00:00,2.85,468.4,99176
2026-02-19 05:22:00+00:00,2.70,461.7,109936
2026-02-19 05:23:00+00:00,3.07,466.0,96109
2026-02-19 05:24:00+00:00,3.59,469.0,88272
2026-02-19 05:25:00+00:00,4.11,471.9,80832
2026-02-19 05:26:00+00:00,4.07,467.1,87416
2026-02-19 05:27:00+00:00,1.99,464.0,126623
2026-02-19 05:28:00+00:00,1.60,470.0,180745
2026-02-19 05:29:00+00:00,1.48,478.7,183192
2026-02-19 05:30:00+00:00,1.95,464.6,143033
2026-02-19 05:31:00+00:00,3.35,461.3,97019
2026-02-19 05:32:00+00:00,3.85,459.4,88062
2026-02-19 05:33:00+00:00,4.19,453.3,87471
2026-02-19 05:34:00+00:00,4.10,450.5,85222
2026-02-19 05:35:00+00:00,3.94,454.4,89509
2026-02-19 05:36:00+00:00,3.86,458.5,88758
2026-02-19 05:37:00+00:00,3.84,460.1,77095
2026-02-19 05:38:00+00:00,3.59,463.3,72951
2026-02-19 05:39:00+00:00,2.31,466.4,78584
2026-02-19 05:40:00+00:00,2.93,464.9,84503
2026-02-19 05:41:00+00:00,3.09,462.0,83951
2026-02-19 05:42:00+00:00,2.79,464.4,77107
2026-02-19 05:43:00+00:00,2.61,466.3,68569
2026-02-19 05:44:00+00:00,4.60,465.9,68565
2026-02-19 05:45:00+00:00,4.28,468.1,63204
2026-02-19 05:46:00+00:00,3.17,471.0,71768
2026-02-19 05:47:00+00:00,3.92,467.7,65148
2026-02-19 05:48:00+00:00,4.47,468.4,67400
2026-02-19 05:49:00+00:00,4.57,469.3,69788
2026-02-19 05:50:00+00:00,3.78,468.6,58512
2026-02-19 05:51:00+00:00,3.49,470.5,66195
2026-02-19 05:52:00+00:00,4.01,469.4,65077
2026-02-19 05:53:00+00:00,5.05,462.9,58238
2026-02-19 05:54:00+00:00,4.84,458.6,68432
2026-02-19 05:55:00+00:00,4.75,458.5,65016
2026-02-19 05:56:00+00:00,4.33,460.4,65301
2026-02-19 05:57:00+00:00,4.69,461.2,66677
2026-02-19 05:58:00+00:00,4.40,464.9,73679
2026-02-19 05:59:00+00:00,4.31,469.6,74434
2026-02-19 06:00:00+00:00,5.05,464.4,68526
2026-02-19 06:01:00+00:00,3.96,465.1,69984
2026-02-19 06:02:00+00:00,3.80,471.3,63873
2026-02-19 06:03:00+00:00,4.59,472.3,64742
2026-02-19 06:04:00+00:00,4.45,473.2,64468
2026-02-19 06:05:00+00:00,4.20,473.3,68696
2026-02-19 06:06:00+00:00,4.26,470.2,70094
2026-02-19 06:07:00+00:00,4.51,470.8,68932
2026-02-19 06:08:00+00:00,4.53,472.2,68527
2026-02-19 06:09:00+00:00,4.05,467.0,72323
2026-02-19 06:10:00+00:00,2.90,463.8,111121
2026-02-19 06:11:00+00:00,1.38,467.5,171392
2026-02-19 06:12:00+00:00,2.08,462.0,115897
2026-02-19 06:13:00+00:00,1.86,462.1,142629
2026-02-19 06:14:00+00:00,2.06,461.0,122513
2026-02-19 06:15:00+00:00,1.99,456.9,134571
2026-02-19 06:16:00+00:00,4.34,462.7,91334
2026-02-19 06:17:00+00:00,4.28,475.1,116915
2026-02-19 06:18:00+00:00,4.54,474.7,91592
2026-02-19 06:19:00+00:00,3.39,482.6,99301
2026-02-19 06:20:00+00:00,2.90,480.6,101359
2026-02-19 06:21:00+00:00,2.97,471.7,109492
2026-02-19 06:22:00+00:00,3.04,467.5,115320
2026-02-19 06:23:00+00:00,2.11,477.1,165217
2026-02-19 06:24:00+00:00,2.76,488.6,142010
2026-02-19 06:25:00+00:00,3.78,511.0,104129
2026-02-19 06:26:00+00:00,3.87,520.5,92768
2026-02-19 06:27:00+00:00,3.40,513.1,90385
2026-02-19 06:28:00+00:00,2.56,504.1,94575
2026-02-19 06:29:00+00:00,2.53,497.1,97906
2026-02-19 06:30:00+00:00,2.73,497.8,104634
2026-02-19 06:31:00+00:00,3.91,464.9,142031
2026-02-19 06:32:00+00:00,2.78,469.8,139855
2026-02-19 06:33:00+00:00,2.18,488.7,123241
2026-02-19 06:34:00+00:00,2.01,476.8,168692
2026-02-19 06:35:00+00:00,2.08,473.2,176666
2026-02-19 06:36:00+00:00,1.92,472.9,165372
2026-02-19 06:37:00+00:00,2.16,469.8,158026
2026-02-19 06:38:00+00:00,2.01,471.9,146001
2026-02-19 06:39:00+00:00,2.32,469.5,131337
2026-02-19 06:40:00+00:00,3.09,462.9,122385
2026-02-19 06:41:00+00:00,3.27,462.3,121975
2026-02-19 06:42:00+00:00,3.31,462.3,127985
2026-02-19 06:43:00+00:00,3.24,461.0,130788
2026-02-19 06:44:00+00:00,3.02,460.4,134110
2026-02-19 06:45:00+00:00,3.21,461.2,119538
2026-02-19 06:46:00+00:00,3.66,462.9,109690
2026-02-19 06:47:00+00:00,3.20,463.6,107525
2026-02-19 06:48:00+00:00,3.14,464.4,114509
2026-02-19 06:49:00+00:00,2.99,466.4,118567
2026-02-19 06:50:00+00:00,3.27,464.2,118676
2026-02-19 06:51:00+00:00,3.19,463.9,120824
2026-02-19 06:52:00+00:00,3.32,462.1,118735
2026-02-19 06:53:00+00:00,3.17,464.3,121798
2026-02-19 06:54:00+00:00,3.05,466.7,119844
2026-02-19 06:55:00+00:00,3.06,467.2,116018
2026-02-19 06:56:00+00:00,2.76,467.9,129171
2026-02-19 06:57:00+00:00,2.87,466.5,122598
2026-02-19 06:58:00+00:00,2.78,465.2,106471
2026-02-19 06:59:00+00:00,2.39,467.7,94914
2026-02-19 07:00:00+00:00,3.69,466.7,89561
2026-02-19 07:01:00+00:00,4.04,468.7,93490
2026-02-19 07:02:00+00:00,4.17,464.2,99380
2026-02-19 07:03:00+00:00,4.19,464.9,102893
2026-02-19 07:04:00+00:00,3.76,463.7,101455
2026-02-19 07:05:00+00:00,3.71,465.5,111789
2026-02-19 07:06:00+00:00,3.21,465.7,125513
2026-02-19 07:07:00+00:00,2.93,470.2,117104
2026-02-19 07:08:00+00:00,2.98,470.0,124020
2026-02-19 07:09:00+00:00,3.07,469.3,124076
2026-02-19 07:10:00+00:00,2.84,470.4,121055
2026-02-19 07:11:00+00:00,2.93,471.5,112299
2026-02-19 07:12:00+00:00,3.25,471.7,102931
2026-02-19 07:13:00+00:00,2.81,463.9,124299
2026-02-19 07:14:00+00:00,2.67,464.4,125043
2026-02-19 07:15:00+00:00,2.21,464.1,121564
2026-02-19 07:16:00+00:00,2.09,461.3,115151
2026-02-19 07:17:00+00:00,3.34,479.7,183138
2026-02-19 07:18:00+00:00,2.15,466.0,122493
2026-02-19 07:19:00+00:00,2.34,466.0,137430
2026-02-19 07:20:00+00:00,1.85,450.7,94439
2026-02-19 07:21:00+00:00,2.85,480.8,205828
2026-02-19 07:22:00+00:00,3.11,474.7,184689
2026-02-19 07:23:00+00:00,2.33,469.2,157048
2026-02-19 07:24:00+00:00,1.30,455.0,94081
2026-02-19 07:25:00+00:00,1.61,467.8,154810
2026-02-19 07:26:00+00:00,1.92,475.5,177060
2026-02-19 07:27:00+00:00,1.93,471.1,156937
2026-02-19 07:28:00+00:00,2.03,470.1,163208
2026-02-19 07:29:00+00:00,1.25,449.3,28293
2026-02-19 07:30:00+00:00,1.54,455.6,60076
2026-02-19 07:31:00+00:00,2.11,464.7,125463
2026-02-19 07:32:00+00:00,1.74,447.2,84315
2026-02-19 07:33:00+00:00,2.99,488.0,162324
2026-02-19 07:34:00+00:00,3.42,489.5,202839
2026-02-19 07:35:00+00:00,2.60,470.6,150836
2026-02-19 07:36:00+00:00,3.33,476.9,179198
2026-02-19 07:37:00+00:00,2.85,469.4,144206
2026-02-19 07:38:00+00:00,2.32,467.6,132218
2026-02-19 07:39:00+00:00,2.41,466.1,132777
2026-02-19 07:40:00+00:00,2.60,475.0,153630
2026-02-19 07:41:00+00:00,2.89,479.6,165385
2026-02-19 07:42:00+00:00,2.75,481.5,166463
2026-02-19 07:43:00+00:00,2.16,479.9,162792
2026-02-19 07:44:00+00:00,1.47,460.1,100850
2026-02-19 07:45:00+00:00,1.67,447.7,64859
2026-02-19 07:46:00+00:00,2.63,468.6,148111
2026-02-19 07:47:00+00:00,2.27,472.3,154111
2026-02-19 07:48:00+00:00,2.53,477.6,185156
2026-02-19 07:49:00+00:00,2.51,469.2,147966
2026-02-19 07:50:00+00:00,2.74,470.9,143183
2026-02-19 07:51:00+00:00,2.05,472.4,153544
2026-02-19 07:52:00+00:00,1.96,489.9,180817
2026-02-19 07:53:00+00:00,3.18,484.8,153094
2026-02-19 07:54:00+00:00,2.98,475.3,142259
2026-02-19 07:55:00+00:00,2.87,469.4,134725
2026-02-19 07:56:00+00:00,3.26,473.5,159488
2026-02-19 07:57:00+00:00,2.97,473.0,152941
2026-02-19 07:58:00+00:00,2.01,457.9,106449
2026-02-19 07:59:00+00:00,2.46,455.0,93992
2026-02-19 08:00:00+00:00,3.34,462.8,110140
2026-02-19 08:01:00+00:00,3.05,461.9,108880
2026-02-19 08:02:00+00:00,3.27,462.5,122499
2026-02-19 08:03:00+00:00,3.35,464.9,126707
2026-02-19 08:04:00+00:00,3.43,471.3,136512
2026-02-19 08:05:00+00:00,2.09,457.4,106445
2026-02-19 08:06:00+00:00,2.95,462.7,112738
2026-02-19 08:07:00+00:00,2.72,464.3,111129
2026-02-19 08:08:00+00:00,2.26,455.6,90413
2026-02-19 08:09:00+00:00,2.77,458.3,100744
2026-02-19 08:10:00+00:00,2.80,436.1,50625
2026-02-19 08:11:00+00:00,3.25,450.5,61358
2026-02-19 08:12:00+00:00,4.05,462.4,86797
2026-02-19 08:13:00+00:00,3.52,460.3,73016
2026-02-19 08:14:00+00:00,3.03,456.7,57365
2026-02-19 08:15:00+00:00,3.09,457.4,61811
2026-02-19 08:16:00+00:00,3.14,460.7,70265
2026-02-19 08:17:00+00:00,2.52,452.0,57182
2026-02-19 08:18:00+00:00,2.00,443.3,57706
2026-02-19 08:19:00+00:00,3.70,473.0,126250
2026-02-19 08:20:00+00:00,3.75,467.6,96907
2026-02-19 08:21:00+00:00,3.45,462.7,82985
2026-02-19 08:22:00+00:00,1.09,432.5,33861
2026-02-19 08:23:00+00:00,2.92,456.7,71400
2026-02-19 08:24:00+00:00,2.39,446.9,57084
2026-02-19 08:25:00+00:00,2.65,450.6,67667
2026-02-19 08:26:00+00:00,3.48,461.1,100949
2026-02-19 08:27:00+00:00,3.12,457.7,80125
2026-02-19 08:28:00+00:00,2.99,458.4,78378
2026-02-19 08:29:00+00:00,2.09,438.3,51743
2026-02-19 08:30:00+00:00,1.93,450.8,128525
2026-02-19 08:31:00+00:00,2.97,467.7,136637
2026-02-19 08:32:00+00:00,4.00,467.2,74700
2026-02-19 08:33:00+00:00,3.86,466.9,76204
2026-02-19 08:34:00+00:00,2.87,456.7,45364
2026-02-19 08:35:00+00:00,3.20,493.1,73519
2026-02-19 08:36:00+00:00,2.91,489.8,68326
2026-02-19 08:37:00+00:00,1.50,474.3,45900
2026-02-19 08:38:00+00:00,3.85,503.5,122274
2026-02-19 08:39:00+00:00,3.56,491.0,85162
2026-02-19 08:40:00+00:00,3.14,488.7,77740
2026-02-19 08:41:00+00:00,2.45,463.4,36308
2026-02-19 08:42:00+00:00,3.32,499.2,99016
2026-02-19 08:43:00+00:00,3.51,493.3,87137
2026-02-19 08:44:00+00:00,3.62,491.4,85500
2026-02-19 08:45:00+00:00,3.01,481.7,66575
2026-02-19 08:46:00+00:00,3.60,485.5,90567
2026-02-19 08:47:00+00:00,3.83,487.8,99646
2026-02-19 08:48:00+00:00,2.80,465.6,55994
2026-02-19 08:49:00+00:00,2.77,460.3,54428
2026-02-19 08:50:00+00:00,3.92,492.2,115746
2026-02-19 08:51:00+00:00,4.01,490.9,127641
2026-02-19 08:52:00+00:00,2.89,471.1,60338
2026-02-19 08:53:00+00:00,2.10,459.3,44584
2026-02-19 08:54:00+00:00,4.01,481.2,99232
2026-02-19 08:55:00+00:00,3.14,471.9,68366
2026-02-19 08:56:00+00:00,1.58,452.1,32156
2026-02-19 08:57:00+00:00,3.82,477.1,108285
2026-02-19 08:58:00+00:00,4.11,471.5,85952
2026-02-19 08:59:00+00:00,3.24,466.3,71292
2026-02-19 09:00:00+00:00,1.68,446.9,42067
2026-02-19 09:01:00+00:00,2.84,461.2,79495
2026-02-19 09:02:00+00:00,4.02,469.8,94210
2026-02-19 09:03:00+00:00,3.75,462.3,74465
2026-02-19 09:04:00+00:00,3.29,457.8,64007
2026-02-19 09:05:00+00:00,3.18,457.5,60235
2026-02-19 09:06:00+00:00,3.48,463.2,70934
2026-02-19 09:07:00+00:00,4.23,471.0,92177
2026-02-19 09:08:00+00:00,3.92,464.7,79384
2026-02-19 09:09:00+00:00,3.85,464.3,78432
2026-02-19 09:10:00+00:00,3.04,460.9,68350
2026-02-19 09:11:00+00:00,3.43,462.6,91593
2026-02-19 09:12:00+00:00,1.37,441.4,48934
2026-02-19 09:13:00+00:00,3.62,478.0,104079
2026-02-19 09:14:00+00:00,4.02,480.5,112722
2026-02-19 09:15:00+00:00,3.61,471.3,95215
2026-02-19 09:16:00+00:00,3.75,476.0,111756
2026-02-19 09:17:00+00:00,3.87,475.8,96446
2026-02-19 09:18:00+00:00,4.40,481.0,100058
2026-02-19 09:19:00+00:00,4.37,481.8,99295
2026-02-19 09:20:00+00:00,3.92,481.6,99623
2026-02-19 09:21:00+00:00,4.08,489.2,115519
2026-02-19 09:22:00+00:00,4.12,487.9,96997
2026-02-19 09:23:00+00:00,3.78,484.9,93310
2026-02-19 09:24:00+00:00,4.30,485.7,95657
2026-02-19 09:25:00+00:00,5.29,496.9,150097
2026-02-19 09:26:00+00:00,3.26,470.2,57976
2026-02-19 09:27:00+00:00,3.48,475.9,81387
2026-02-19 09:28:00+00:00,3.83,486.8,122189
2026-02-19 09:29:00+00:00,4.61,483.0,126769
2026-02-19 09:30:00+00:00,4.28,476.2,96618
2026-02-19 09:31:00+00:00,4.01,475.0,86404
2026-02-19 09:32:00+00:00,4.14,484.4,105113
2026-02-19 09:33:00+00:00,4.75,488.1,146363
2026-02-19 09:34:00+00:00,4.29,476.7,115625
2026-02-19 09:35:00+00:00,3.81,468.7,82190
2026-02-19 09:36:00+00:00,4.04,471.9,91415
2026-02-19 09:37:00+00:00,3.79,472.0,89520
2026-02-19 09:38:00+00:00,2.73,457.7,72757
2026-02-19 09:39:00+00:00,2.04,441.7,52774
2026-02-19 09:40:00+00:00,3.82,465.3,86131
2026-02-19 09:41:00+00:00,4.01,474.0,100486
2026-02-19 09:42:00+00:00,4.01,473.8,100793
2026-02-19 09:43:00+00:00,3.68,465.4,118914
2026-02-19 09:44:00+00:00,4.24,482.6,189602
2026-02-19 09:45:00+00:00,3.72,472.1,148596
2026-02-19 09:46:00+00:00,3.00,453.9,94119
2026-02-19 09:47:00+00:00,3.61,460.8,101947
2026-02-19 09:48:00+00:00,3.90,467.3,116630
2026-02-19 09:49:00+00:00,4.09,474.6,149169
2026-02-19 09:50:00+00:00,2.77,462.5,110416
2026-02-19 09:51:00+00:00,3.02,459.2,68308
2026-02-19 09:52:00+00:00,4.61,475.0,83446
2026-02-19 09:53:00+00:00,4.58,479.8,89483
2026-02-19 09:54:00+00:00,4.54,476.7,78755
2026-02-19 09:55:00+00:00,4.80,481.8,90216
2026-02-19 09:56:00+00:00,4.13,477.6,79315
2026-02-19 09:57:00+00:00,4.28,476.5,81806
2026-02-19 09:58:00+00:00,1.23,445.0,31394
2026-02-19 09:59:00+00:00,4.13,491.8,94766
2026-02-19 10:00:00+00:00,4.13,487.1,73673
2026-02-19 10:01:00+00:00,10.21,505.4,61980
2026-02-19 10:02:00+00:00,3.68,461.1,35110
2026-02-19 10:03:00+00:00,2.67,474.6,99135
2026-02-19 10:04:00+00:00,3.09,489.6,126244
2026-02-19 10:05:00+00:00,3.17,473.5,86443
2026-02-19 10:06:00+00:00,3.69,474.5,72363
2026-02-19 10:07:00+00:00,7.96,494.2,77398
2026-02-19 10:08:00+00:00,8.33,493.2,75955
2026-02-19 10:09:00+00:00,3.09,466.1,66581
2026-02-19 10:10:00+00:00,3.15,453.9,58858
2026-02-19 10:11:00+00:00,3.54,484.6,126843
2026-02-19 10:12:00+00:00,5.44,499.1,181054
2026-02-19 10:13:00+00:00,12.27,498.2,65267
2026-02-19 10:14:00+00:00,4.11,,
2026-02-19 10:15:00+00:00,4.11,476.0,87812
2026-02-19 10:16:00+00:00,3.66,471.4,34049
2026-02-19 10:17:00+00:00,2.66,455.9,49282
2026-02-19 10:18:00+00:00,9.31,482.5,77288
2026-02-19 10:19:00+00:00,5.91,477.7,87159
2026-02-19 10:20:00+00:00,5.03,480.4,101478
2026-02-19 10:21:00+00:00,3.05,463.4,69181
2026-02-19 10:22:00+00:00,3.16,464.5,72764
2026-02-19 10:23:00+00:00,4.88,484.2,130010
2026-02-19 10:24:00+00:00,4.39,479.8,120501
2026-02-19 10:25:00+00:00,3.99,471.3,95741
2026-02-19 10:26:00+00:00,5.58,486.2,152224
2026-02-19 10:27:00+00:00,4.97,481.0,97470
2026-02-19 10:28:00+00:00,4.29,500.4,66919
2026-02-19 10:29:00+00:00,1.66,460.7,37482
2026-02-19 10:30:00+00:00,3.45,516.4,153049
2026-02-19 10:31:00+00:00,3.29,480.9,99016
2026-02-19 10:32:00+00:00,3.19,481.2,100857
2026-02-19 10:33:00+00:00,9.82,495.4,87606
2026-02-19 10:34:00+00:00,4.92,483.0,102019
2026-02-19 10:35:00+00:00,4.22,474.7,99423
2026-02-19 10:36:00+00:00,6.10,462.3,65104
2026-02-19 10:37:00+00:00,5.26,472.3,111080
2026-02-19 10:38:00+00:00,4.35,476.5,126956
2026-02-19 10:39:00+00:00,4.59,474.0,108433
2026-02-19 10:40:00+00:00,5.23,465.7,84076
2026-02-19 10:41:00+00:00,5.30,465.1,80932
2026-02-19 10:42:00+00:00,4.32,485.3,125648
2026-02-19 10:43:00+00:00,6.03,477.2,93574
2026-02-19 10:44:00+00:00,10.29,488.3,89064
2026-02-19 10:45:00+00:00,3.65,472.8,132346
2026-02-19 10:46:00+00:00,5.60,473.0,104576
2026-02-19 10:48:00+00:00,1.83,442.9,62105
2026-02-19 10:49:00+00:00,4.90,488.0,160948
2026-02-19 10:50:00+00:00,5.91,481.9,131813
2026-02-19 10:51:00+00:00,4.88,472.4,105363
2026-02-19 10:52:00+00:00,2.91,450.4,73318
2026-02-19 10:53:00+00:00,3.90,471.1,131423
2026-02-19 10:54:00+00:00,4.57,479.6,136515
2026-02-19 10:55:00+00:00,3.62,468.4,96801
2026-02-19 10:56:00+00:00,3.79,471.4,109496
2026-02-19 10:57:00+00:00,4.79,480.7,141614
2026-02-19 10:58:00+00:00,3.96,481.0,138096
2026-02-19 10:59:00+00:00,2.42,472.3,105468
2026-02-19 11:00:00+00:00,1.73,458.6,75191
2026-02-19 11:01:00+00:00,3.79,495.3,174083
2026-02-19 11:02:00+00:00,3.73,486.3,141519
2026-02-19 11:03:00+00:00,2.44,479.9,120020
2026-02-19 11:04:00+00:00,1.45,461.9,64440
2026-02-19 11:05:00+00:00,2.57,487.2,151417
2026-02-19 11:06:00+00:00,2.64,494.2,163308
2026-02-19 11:07:00+00:00,2.08,492.6,133676
2026-02-19 11:08:00+00:00,2.03,499.2,165086
2026-02-19 11:09:00+00:00,2.41,496.4,178298
2026-02-19 11:10:00+00:00,2.29,492.6,158977
2026-02-19 11:11:00+00:00,1.67,475.7,100395
2026-02-19 11:12:00+00:00,1.57,480.4,119804
2026-02-19 11:13:00+00:00,2.16,506.3,198560
2026-02-19 11:14:00+00:00,2.40,494.6,157168
2026-02-19 11:15:00+00:00,2.30,491.7,134209
2026-02-19 11:16:00+00:00,2.94,488.7,146671
2026-02-19 11:17:00+00:00,3.23,491.2,168585
2026-02-19 11:18:00+00:00,2.02,485.6,122752
2026-02-19 11:19:00+00:00,2.00,492.7,150853
2026-02-19 11:20:00+00:00,2.00,,
2026-02-19 11:21:00+00:00,3.20,506.8,302569
2026-02-19 11:22:00+00:00,2.61,492.5,172276
2026-02-19 11:23:00+00:00,2.60,486.1,128876
2026-02-19 11:24:00+00:00,3.00,497.9,180680
2026-02-19 11:25:00+00:00,2.97,493.1,164375
2026-02-19 11:26:00+00:00,2.17,477.7,110276
2026-02-19 11:27:00+00:00,2.36,479.6,118758
2026-02-19 11:28:00+00:00,3.40,489.8,143975
2026-02-19 11:29:00+00:00,3.83,491.2,129571
2026-02-19 11:30:00+00:00,3.70,490.5,114714
2026-02-19 11:31:00+00:00,3.04,487.2,101585
2026-02-19 11:32:00+00:00,3.46,492.1,131550
2026-02-19 11:33:00+00:00,3.06,481.5,101527
2026-02-19 11:34:00+00:00,3.38,478.6,110762
2026-02-19 11:35:00+00:00,3.18,481.1,104506
2026-02-19 11:36:00+00:00,4.09,488.0,134929
2026-02-19 11:37:00+00:00,3.04,482.8,133472
2026-02-19 11:38:00+00:00,1.53,460.4,66134
2026-02-19 11:39:00+00:00,2.71,475.2,89125
2026-02-19 11:40:00+00:00,3.78,487.2,127469
2026-02-19 11:41:00+00:00,2.95,479.0,108499
2026-02-19 11:42:00+00:00,2.58,458.6,73913
2026-02-19 11:43:00+00:00,2.93,474.9,122248
2026-02-19 11:44:00+00:00,3.43,496.2,166046
2026-02-19 11:45:00+00:00,3.55,475.3,110431
2026-02-19 11:46:00+00:00,3.08,464.5,72506
2026-02-19 11:47:00+00:00,4.16,482.8,107216
2026-02-19 11:48:00+00:00,4.44,487.1,132255
2026-02-19 11:49:00+00:00,2.98,468.1,71130
2026-02-19 11:50:00+00:00,2.16,437.2,29599
2026-02-19 11:51:00+00:00,3.23,473.9,75845
2026-02-19 11:52:00+00:00,3.36,485.7,117032
2026-02-19 11:53:00+00:00,3.37,486.4,119199
2026-02-19 11:54:00+00:00,5.01,476.9,136431
2026-02-19 11:55:00+00:00,3.52,465.9,99108
2026-02-19 11:56:00+00:00,2.85,466.4,91176
2026-02-19 11:57:00+00:00,3.02,456.1,55713
2026-02-19 11:58:00+00:00,3.37,488.6,135239
2026-02-19 11:59:00+00:00,3.42,506.8,145991
2026-02-19 12:00:00+00:00,3.69,494.2,85290
2026-02-19 12:01:00+00:00,3.68,483.8,83586
2026-02-19 12:02:00+00:00,3.03,467.6,46665
2026-02-19 12:03:00+00:00,3.92,497.1,82621
2026-02-19 12:04:00+00:00,3.88,498.2,91949
2026-02-19 12:05:00+00:00,3.65,484.8,60050
2026-02-19 12:06:00+00:00,4.18,514.8,125902
2026-02-19 12:07:00+00:00,4.07,508.1,101901
2026-02-19 12:08:00+00:00,3.37,498.3,61485
2026-02-19 12:09:00+00:00,7.77,472.3,51194
2026-02-19 12:10:00+00:00,3.89,529.6,87618
2026-02-19 12:11:00+00:00,3.05,521.2,85409
2026-02-19 12:12:00+00:00,4.00,517.3,115389
2026-02-19 12:13:00+00:00,3.91,488.9,86006
2026-02-19 12:14:00+00:00,3.75,480.1,69525
2026-02-19 12:15:00+00:00,4.18,487.5,82309
2026-02-19 12:16:00+00:00,3.22,471.8,65894
2026-02-19 12:17:00+00:00,2.42,471.7,70985
2026-02-19 12:18:00+00:00,3.91,507.1,115351
2026-02-19 12:19:00+00:00,3.29,498.4,76535
2026-02-19 12:20:00+00:00,3.78,489.2,84795
2026-02-19 12:21:00+00:00,2.24,460.1,38924
2026-02-19 12:22:00+00:00,3.38,524.1,122459
2026-02-19 12:23:00+00:00,3.10,494.4,63957
2026-02-19 12:24:00+00:00,3.54,495.9,73949
2026-02-19 12:25:00+00:00,3.98,506.0,94919
2026-02-19 12:26:00+00:00,4.04,507.3,97619
2026-02-19 12:27:00+00:00,3.54,497.5,90308
2026-02-19 12:28:00+00:00,2.23,476.3,50433
2026-02-19 12:29:00+00:00,2.97,486.8,96563
2026-02-19 12:30:00+00:00,3.62,495.1,109960
2026-02-19 12:31:00+00:00,3.46,486.3,79082
2026-02-19 12:32:00+00:00,2.89,470.4,54469
2026-02-19 12:33:00+00:00,2.65,469.8,59145
2026-02-19 12:34:00+00:00,3.62,492.5,96321
2026-02-19 12:35:00+00:00,3.27,482.0,65700
2026-02-19 12:36:00+00:00,3.12,475.1,61118
2026-02-19 12:37:00+00:00,4.17,489.8,114457
2026-02-19 12:38:00+00:00,4.37,491.4,95948
2026-02-19 12:39:00+00:00,3.30,482.3,69055
2026-02-19 12:40:00+00:00,1.62,452.2,27936
2026-02-19 12:41:00+00:00,3.39,489.5,91207
2026-02-19 12:42:00+00:00,3.32,488.2,79651
2026-02-19 12:43:00+00:00,3.29,483.2,69677
2026-02-19 12:44:00+00:00,2.55,463.6,44263
2026-02-19 12:45:00+00:00,3.16,481.6,92895
2026-02-19 12:46:00+00:00,3.67,495.3,114993
2026-02-19 12:47:00+00:00,3.51,490.4,86605
2026-02-19 12:48:00+00:00,3.44,498.7,94325
2026-02-19 12:49:00+00:00,3.72,508.1,118318
2026-02-19 12:50:00+00:00,4.13,495.2,94037
2026-02-19 12:51:00+00:00,3.68,481.9,71611
2026-02-19 12:52:00+00:00,2.41,457.4,33638
2026-02-19 12:53:00+00:00,2.99,511.2,79296
2026-02-19 12:54:00+00:00,2.74,526.3,72872
2026-02-19 12:56:00+00:00,3.92,484.3,74273
2026-02-19 12:57:00+00:00,3.68,491.1,67466
2026-02-19 12:58:00+00:00,3.64,495.2,74332
2026-02-19 12:59:00+00:00,3.64,495.9,76075
2026-02-19 13:00:00+00:00,2.68,492.9,109284
2026-02-19 13:01:00+00:00,1.79,483.1,97283
2026-02-19 13:02:00+00:00,2.77,485.3,119377
2026-02-19 13:03:00+00:00,2.65,478.0,105071
2026-02-19 13:04:00+00:00,1.40,469.5,71070
2026-02-19 13:05:00+00:00,2.39,486.2,98699
2026-02-19 13:06:00+00:00,3.29,491.9,114237
2026-02-19 13:07:00+00:00,2.79,478.7,84426
2026-02-19 13:08:00+00:00,4.50,503.4,139191
2026-02-19 13:09:00+00:00,4.36,501.8,161052
2026-02-19 13:10:00+00:00,2.02,477.8,77987
2026-02-19 13:11:00+00:00,2.17,456.2,57236
2026-02-19 13:12:00+00:00,2.96,491.4,70062
2026-02-19 13:13:00+00:00,2.77,502.8,173720
2026-02-19 13:14:00+00:00,2.96,496.9,137605
2026-02-19 13:15:00+00:00,2.82,490.8,92151
2026-02-19 13:16:00+00:00,2.55,486.6,73985
2026-02-19 13:17:00+00:00,2.02,484.6,75683
2026-02-19 13:18:00+00:00,1.65,475.6,76353
2026-02-19 13:19:00+00:00,2.01,492.4,135443
2026-02-19 13:20:00+00:00,2.55,517.1,178075
2026-02-19 13:21:00+00:00,2.29,515.7,145383
2026-02-19 13:22:00+00:00,1.51,507.2,128450
2026-02-19 13:23:00+00:00,1.71,495.0,108275
2026-02-19 13:24:00+00:00,3.21,519.6,160808
2026-02-19 13:25:00+00:00,1.54,503.6,100605
2026-02-19 13:26:00+00:00,1.43,493.5,105138
2026-02-19 13:27:00+00:00,1.85,501.5,108435
2026-02-19 13:28:00+00:00,1.44,491.5,95371
2026-02-19 13:29:00+00:00,2.23,496.5,109602
2026-02-19 13:30:00+00:00,1.80,464.0,67698
2026-02-19 13:31:00+00:00,1.94,489.9,99813
2026-02-19 13:32:00+00:00,2.03,501.0,113801
2026-02-19 13:33:00+00:00,2.44,503.8,154326
2026-02-19 13:34:00+00:00,2.74,501.2,121332
2026-02-19 13:35:00+00:00,2.06,488.8,91726
2026-02-19 13:36:00+00:00,1.23,480.3,77113
2026-02-19 13:37:00+00:00,1.64,483.3,61083
2026-02-19 13:38:00+00:00,1.98,485.2,88630
2026-02-19 13:39:00+00:00,2.40,497.3,157685
2026-02-19 13:40:00+00:00,3.84,510.9,155344
2026-02-19 13:41:00+00:00,3.32,496.7,99382
2026-02-19 13:42:00+00:00,1.23,466.7,43058
2026-02-19 13:43:00+00:00,3.16,507.4,119469
2026-02-19 13:44:00+00:00,4.09,512.0,150486
2026-02-19 13:45:00+00:00,3.10,486.6,65910
2026-02-19 13:46:00+00:00,3.40,494.9,85903
2026-02-19 13:47:00+00:00,3.65,498.7,104990
2026-02-19 13:48:00+00:00,3.18,496.2,105511
2026-02-19 13:49:00+00:00,1.69,474.8,71167
2026-02-19 13:50:00+00:00,1.86,483.7,67091
2026-02-19 13:51:00+00:00,2.62,496.5,100735
2026-02-19 13:52:00+00:00,2.86,494.1,106407
2026-02-19 13:53:00+00:00,3.12,498.8,94069
2026-02-19 13:54:00+00:00,2.68,494.8,96271
2026-02-19 13:55:00+00:00,2.19,481.6,57727
2026-02-19 13:56:00+00:00,2.21,482.0,68373
2026-02-19 13:57:00+00:00,1.05,462.6,62784
2026-02-19 13:58:00+00:00,2.22,512.5,143859
2026-02-19 13:59:00+00:00,1.74,496.9,92344
2026-02-19 14:00:00+00:00,3.47,541.1,100425
2026-02-19 14:01:00+00:00,8.10,501.2,80674
2026-02-19 14:02:00+00:00,3.97,544.6,189922
2026-02-19 14:03:00+00:00,3.20,536.7,116646
2026-02-19 14:04:00+00:00,3.76,538.2,110494
2026-02-19 14:05:00+00:00,3.97,541.8,122843
2026-02-19 14:06:00+00:00,2.83,518.6,77133
2026-02-19 14:07:00+00:00,2.81,520.1,85860
2026-02-19 14:08:00+00:00,2.55,512.0,78041
2026-02-19 14:09:00+00:00,2.62,515.8,87139
2026-02-19 14:10:00+00:00,3.13,539.6,130015
2026-02-19 14:11:00+00:00,2.54,517.8,82964
2026-02-19 14:12:00+00:00,2.39,499.2,55971
2026-02-19 14:13:00+00:00,2.34,499.7,55471
2026-02-19 14:14:00+00:00,1.90,506.2,52147
2026-02-19 14:15:00+00:00,3.36,557.1,180519
2026-02-19 14:16:00+00:00,2.01,507.6,55130
2026-02-19 14:17:00+00:00,2.85,521.6,88390
2026-02-19 14:18:00+00:00,3.45,529.2,128379
2026-02-19 14:19:00+00:00,3.05,527.5,113184
2026-02-19 14:20:00+00:00,2.22,497.5,61839
2026-02-19 14:21:00+00:00,1.57,493.6,39401
2026-02-19 14:22:00+00:00,2.47,526.7,94796
2026-02-19 14:23:00+00:00,3.36,543.7,129575
2026-02-19 14:24:00+00:00,2.38,529.4,81933
2026-02-19 14:25:00+00:00,1.91,537.1,79653
2026-02-19 14:26:00+00:00,3.57,559.8,156426
2026-02-19 14:27:00+00:00,3.15,514.6,108733
2026-02-19 14:28:00+00:00,1.76,490.5,42960
2026-02-19 14:29:00+00:00,3.39,545.6,112318
2026-02-19 14:30:00+00:00,4.22,548.6,186761
2026-02-19 14:31:00+00:00,4.27,527.8,130145
2026-02-19 14:32:00+00:00,0.98,487.3,41629
2026-02-19 14:33:00+00:00,2.83,522.6,102745
2026-02-19 14:34:00+00:00,2.89,528.7,94850
2026-02-19 14:35:00+00:00,2.95,517.5,90092
2026-02-19 14:36:00+00:00,3.19,524.3,110123
2026-02-19 14:37:00+00:00,3.14,524.1,102004
2026-02-19 14:38:00+00:00,3.05,520.9,91087
2026-02-19 14:41:00+00:00,3.49,523.1,111337
2026-02-19 14:42:00+00:00,3.54,521.2,101311
2026-02-19 14:43:00+00:00,3.05,515.8,84183
2026-02-19 14:44:00+00:00,2.94,514.5,78167
2026-02-19 14:45:00+00:00,3.18,527.6,107436
2026-02-19 14:46:00+00:00,3.57,522.7,110989
2026-02-19 14:47:00+00:00,1.85,489.2,39545
2026-02-19 14:48:00+00:00,3.08,524.3,95493
2026-02-19 14:49:00+00:00,3.75,531.4,126067
2026-02-19 14:50:00+00:00,3.08,523.4,86254
2026-02-19 14:51:00+00:00,1.78,502.2,44639
2026-02-19 14:52:00+00:00,1.66,504.3,42707
2026-02-19 14:53:00+00:00,3.03,532.3,109660
2026-02-19 14:54:00+00:00,2.57,531.5,92689
2026-02-19 14:55:00+00:00,2.24,538.2,76724
2026-02-19 14:56:00+00:00,3.27,562.3,132196
2026-02-19 14:57:00+00:00,3.33,557.8,135881
2026-02-19 14:58:00+00:00,2.37,524.1,67080
2026-02-19 14:59:00+00:00,1.93,504.7,46505
2026-02-19 15:00:00+00:00,2.90,589.3,129670
2026-02-19 15:01:00+00:00,2.66,586.6,261837
2026-02-19 15:02:00+00:00,3.46,572.4,206480
2026-02-19 15:03:00+00:00,1.94,525.2,60901
2026-02-19 15:04:00+00:00,2.92,557.5,139207
2026-02-19 15:05:00+00:00,3.04,539.8,128781
2026-02-19 15:06:00+00:00,1.47,495.7,54540
2026-02-19 15:07:00+00:00,2.25,528.9,94687
2026-02-19 15:08:00+00:00,2.80,547.1,139049
2026-02-19 15:09:00+00:00,3.04,543.8,141115
2026-02-19 15:10:00+00:00,2.30,512.6,85628
2026-02-19 15:11:00+00:00,1.60,489.8,45205
2026-02-19 15:12:00+00:00,3.84,580.2,320628
2026-02-19 15:13:00+00:00,2.97,556.2,227080
2026-02-19 15:14:00+00:00,1.86,524.6,82884
2026-02-19 15:15:00+00:00,2.94,552.0,138906
2026-02-19 15:16:00+00:00,2.10,527.9,67038
2026-02-19 15:17:00+00:00,1.34,509.8,43913
2026-02-19 15:18:00+00:00,1.93,501.1,58639
2026-02-19 15:19:00+00:00,2.87,549.7,131197
2026-02-19 15:20:00+00:00,1.67,521.5,87333
2026-02-19 15:21:00+00:00,2.72,530.1,107608
2026-02-19 15:22:00+00:00,1.95,516.1,65874
2026-02-19 15:23:00+00:00,2.13,520.6,77262
2026-02-19 15:24:00+00:00,1.93,524.3,71774
2026-02-19 15:25:00+00:00,2.02,523.6,83180
2026-02-19 15:26:00+00:00,2.50,528.6,109933
2026-02-19 15:27:00+00:00,2.54,527.1,102758
2026-02-19 15:28:00+00:00,1.90,517.9,72652
2026-02-19 15:29:00+00:00,1.11,504.6,48676
2026-02-19 15:30:00+00:00,0.94,492.1,34515
2026-02-19 15:31:00+00:00,1.91,508.7,61130
2026-02-19 15:32:00+00:00,2.76,520.7,81095
2026-02-19 15:33:00+00:00,2.83,525.8,87177
2026-02-19 15:34:00+00:00,2.78,525.6,80589
2026-02-19 15:35:00+00:00,3.43,518.4,97686
2026-02-19 15:36:00+00:00,1.80,514.3,64677
2026-02-19 15:37:00+00:00,1.03,496.9,37652
2026-02-19 15:38:00+00:00,2.82,531.3,119627
2026-02-19 15:39:00+00:00,3.13,530.6,100272
2026-02-19 15:40:00+00:00,2.99,526.1,84079
2026-02-19 15:41:00+00:00,2.06,513.2,59975
2026-02-19 15:42:00+00:00,2.59,520.0,82619
2026-02-19 15:43:00+00:00,3.20,527.4,100722
2026-02-19 15:44:00+00:00,2.92,522.7,88011
2026-02-19 15:45:00+00:00,3.30,531.4,90368
2026-02-19 15:46:00+00:00,3.02,529.1,82672
2026-02-19 15:47:00+00:00,2.45,524.4,69228
2026-02-19 15:48:00+00:00,2.55,522.9,81855
2026-02-19 15:49:00+00:00,1.01,493.3,36198
2026-02-19 15:50:00+00:00,3.09,532.1,104206
2026-02-19 15:51:00+00:00,3.31,531.0,108509
2026-02-19 15:52:00+00:00,2.74,516.0,73390
2026-02-19 15:53:00+00:00,2.74,521.7,79869
2026-02-19 15:54:00+00:00,2.67,525.1,75549
2026-02-19 15:55:00+00:00,2.72,529.0,78129
2026-02-19 15:56:00+00:00,1.54,502.8,39639
2026-02-19 15:57:00+00:00,2.08,523.3,71334
2026-02-19 15:58:00+00:00,2.84,540.6,96473
2026-02-19 16:00:00+00:00,2.23,527.6,74298
2026-02-19 16:01:00+00:00,2.26,533.2,80903
2026-02-19 16:02:00+00:00,2.30,535.1,85886
2026-02-19 16:03:00+00:00,2.19,512.9,66089
2026-02-19 16:04:00+00:00,2.14,516.2,66138
2026-02-19 16:05:00+00:00,3.17,542.8,95191
2026-02-19 16:06:00+00:00,3.42,534.4,102333
2026-02-19 16:07:00+00:00,2.28,520.8,74072
2026-02-19 16:08:00+00:00,0.65,494.4,24739
2026-02-19 16:09:00+00:00,2.55,539.4,80944
2026-02-19 16:10:00+00:00,3.62,547.1,123562
2026-02-19 16:11:00+00:00,2.38,526.5,75593
2026-02-19 16:12:00+00:00,2.10,501.8,47466
2026-02-19 16:13:00+00:00,2.76,531.9,87581
2026-02-19 16:14:00+00:00,2.74,539.9,88098
2026-02-19 16:15:00+00:00,2.48,530.1,75508
2026-02-19 16:16:00+00:00,2.79,537.3,93068
2026-02-19 16:17:00+00:00,3.16,542.8,103230
2026-02-19 16:20:00+00:00,1.43,503.2,41036
2026-02-19 16:21:00+00:00,2.85,547.9,94484
2026-02-19 16:22:00+00:00,2.85,539.0,91595
2026-02-19 16:23:00+00:00,3.43,545.4,110502
2026-02-19 16:24:00+00:00,1.91,504.6,43184
2026-02-19 16:25:00+00:00,3.15,552.8,109666
2026-02-19 16:26:00+00:00,2.47,530.3,68112
2026-02-19 16:27:00+00:00,2.32,529.6,73542
2026-02-19 16:28:00+00:00,2.70,547.0,104628
2026-02-19 16:29:00+00:00,3.05,555.7,114741
2026-02-19 16:30:00+00:00,2.94,548.5,90145
2026-02-19 16:31:00+00:00,2.04,522.5,47944
2026-02-19 16:32:00+00:00,1.93,526.3,55204
2026-02-19 16:33:00+00:00,3.06,558.7,104471
2026-02-19 16:34:00+00:00,3.21,547.6,98511
2026-02-19 16:35:00+00:00,2.51,527.1,61956
2026-02-19 16:36:00+00:00,2.44,523.4,67496
2026-02-19 16:37:00+00:00,3.06,532.9,76395
2026-02-19 16:38:00+00:00,4.62,544.7,41997
2026-02-19 16:39:00+00:00,2.53,505.6,109126
2026-02-19 16:40:00+00:00,3.44,512.2,136059
2026-02-19 16:41:00+00:00,2.83,506.7,128592
2026-02-19 16:42:00+00:00,2.67,504.3,118830
2026-02-19 16:43:00+00:00,1.74,492.9,95163
2026-02-19 16:44:00+00:00,2.77,505.6,128687
2026-02-19 16:45:00+00:00,3.40,513.6,146764
2026-02-19 16:46:00+00:00,3.07,509.5,116564
2026-02-19 16:47:00+00:00,3.22,514.7,128297
2026-02-19 16:48:00+00:00,3.44,516.9,152197
2026-02-19 16:49:00+00:00,2.94,505.8,125296
2026-02-19 16:50:00+00:00,2.62,503.9,113328
2026-02-19 16:53:00+00:00,1.93,499.8,57917
2026-02-19 16:54:00+00:00,2.33,500.6,68763
2026-02-19 16:55:00+00:00,2.60,505.8,83172
2026-02-19 16:56:00+00:00,2.13,506.0,67815
2026-02-19 16:57:00+00:00,2.11,514.3,94796
2026-02-19 16:58:00+00:00,1.22,485.0,56885
2026-02-19 16:59:00+00:00,2.44,515.2,120793
2026-02-19 17:00:00+00:00,2.92,530.3,137647
2026-02-19 17:01:00+00:00,3.14,516.2,109308
2026-02-19 17:02:00+00:00,3.03,503.1,72713
2026-02-19 17:03:00+00:00,3.03,512.4,84298
2026-02-19 17:04:00+00:00,3.61,521.8,135996
2026-02-19 17:05:00+00:00,3.27,506.1,130367
2026-02-19 17:06:00+00:00,2.17,493.0,72814
2026-02-19 17:07:00+00:00,3.54,511.9,100917
2026-02-19 17:08:00+00:00,3.72,519.5,131411
2026-02-19 17:09:00+00:00,1.98,506.6,88003
2026-02-19 17:10:00+00:00,1.84,484.8,49407
2026-02-19 17:11:00+00:00,2.55,511.1,175056
2026-02-19 17:12:00+00:00,3.04,503.0,96714
2026-02-19 17:13:00+00:00,2.25,501.8,125429
2026-02-19 17:14:00+00:00,2.52,507.2,149958
2026-02-19 17:15:00+00:00,2.94,509.4,149397
2026-02-19 17:16:00+00:00,2.61,503.0,119632
2026-02-19 17:17:00+00:00,1.66,493.7,118187
2026-02-19 17:18:00+00:00,2.17,498.5,131426
2026-02-19 17:19:00+00:00,3.24,507.9,142902
2026-02-19 17:20:00+00:00,3.40,508.9,143301
2026-02-19 17:21:00+00:00,2.49,499.4,114406
2026-02-19 17:22:00+00:00,1.48,491.4,85741
2026-02-19 17:23:00+00:00,2.28,505.9,105723
2026-02-19 17:24:00+00:00,1.94,493.5,84398
2026-02-19 17:25:00+00:00,2.09,495.0,87529
2026-02-19 17:26:00+00:00,3.67,511.0,121349
2026-02-19 17:27:00+00:00,2.87,500.4,84654
2026-02-19 17:28:00+00:00,2.31,499.3,84128
2026-02-19 17:29:00+00:00,1.03,473.1,53150
2026-02-19 17:30:00+00:00,2.95,516.1,123959
2026-02-19 17:31:00+00:00,3.44,514.3,120227
2026-02-19 17:32:00+00:00,2.99,495.7,112212
2026-02-19 17:33:00+00:00,1.85,478.6,94861
2026-02-19 17:34:00+00:00,2.40,487.1,131473
2026-02-19 17:35:00+00:00,3.46,497.2,167971
2026-02-19 17:36:00+00:00,2.61,485.1,137851
2026-02-19 17:37:00+00:00,1.32,470.3,78738
2026-02-19 17:38:00+00:00,2.00,473.6,52903
2026-02-19 17:39:00+00:00,3.34,489.1,96848
2026-02-19 17:40:00+00:00,3.31,492.5,144848
2026-02-19 17:41:00+00:00,1.40,468.5,104779
2026-02-19 17:42:00+00:00,2.99,501.7,186779
2026-02-19 17:43:00+00:00,3.72,504.7,225843
2026-02-19 17:44:00+00:00,2.21,494.7,244048
2026-02-19 17:45:00+00:00,3.20,493.3,160981
2026-02-19 17:46:00+00:00,2.79,485.3,87595
2026-02-19 17:47:00+00:00,2.41,487.7,130971
2026-02-19 17:48:00+00:00,1.45,474.6,101597
2026-02-19 17:49:00+00:00,2.09,496.8,139044
2026-02-19 17:50:00+00:00,3.03,508.7,187674
2026-02-19 17:51:00+00:00,3.33,505.1,178870
2026-02-19 17:52:00+00:00,2.69,494.2,139895
2026-02-19 17:53:00+00:00,2.05,486.6,123901
2026-02-19 17:54:00+00:00,2.83,501.7,135549
2026-02-19 17:55:00+00:00,2.74,486.7,96989
2026-02-19 17:56:00+00:00,1.39,462.1,45681
2026-02-19 17:57:00+00:00,3.27,509.9,255444
2026-02-19 17:58:00+00:00,3.26,509.8,252342
2026-02-19 17:59:00+00:00,2.66,499.2,69319
2026-02-19 18:00:00+00:00,1.89,471.0,33507
2026-02-19 18:01:00+00:00,2.84,512.2,104779
2026-02-19 18:02:00+00:00,2.87,504.9,87597
2026-02-19 18:03:00+00:00,2.42,499.2,91615
2026-02-19 18:04:00+00:00,2.64,505.9,108130
2026-02-19 18:05:00+00:00,2.02,504.4,95405
2026-02-19 18:06:00+00:00,1.52,498.7,71539
2026-02-19 18:07:00+00:00,1.48,484.2,56654
2026-02-19 18:08:00+00:00,1.61,479.8,63198
2026-02-19 18:09:00+00:00,2.24,497.8,93966
2026-02-19 18:10:00+00:00,2.97,507.5,114655
2026-02-19 18:11:00+00:00,2.46,499.5,90144
2026-02-19 18:12:00+00:00,1.23,482.3,63963
2026-02-19 18:13:00+00:00,2.94,504.9,122289
2026-02-19 18:14:00+00:00,3.66,512.3,136630
2026-02-19 18:15:00+00:00,1.35,483.5,87952
2026-02-19 18:16:00+00:00,2.06,490.7,86656
2026-02-19 18:17:00+00:00,2.86,501.8,104545
2026-02-19 18:18:00+00:00,2.99,505.2,115899
2026-02-19 18:19:00+00:00,1.48,480.3,71327
2026-02-19 18:20:00+00:00,2.63,503.9,106131
2026-02-19 18:21:00+00:00,3.80,517.2,167936
2026-02-19 18:22:00+00:00,3.73,512.0,148078
2026-02-19 18:23:00+00:00,2.76,500.4,86723
2026-02-19 18:24:00+00:00,2.44,497.5,77852
2026-02-19 18:25:00+00:00,2.67,502.6,100612
2026-02-19 18:26:00+00:00,1.98,497.3,94361
2026-02-19 18:27:00+00:00,2.15,500.6,107987
2026-02-19 18:28:00+00:00,2.55,503.5,152836
2026-02-19 18:29:00+00:00,1.31,484.5,96565
2026-02-19 18:32:00+00:00,2.62,502.7,174482
2026-02-19 18:33:00+00:00,1.56,493.2,104861
2026-02-19 18:34:00+00:00,1.69,492.7,110130
2026-02-19 18:35:00+00:00,2.14,497.2,112968
2026-02-19 18:36:00+00:00,2.19,495.9,106783
2026-02-19 18:37:00+00:00,2.65,497.3,110147
2026-02-19 18:38:00+00:00,2.30,483.1,86270
2026-02-19 18:39:00+00:00,2.41,485.2,89457
2026-02-19 18:40:00+00:00,3.24,502.5,115642
2026-02-19 18:41:00+00:00,3.30,503.1,99873
2026-02-19 18:42:00+00:00,3.20,499.5,78714
2026-02-19 18:43:00+00:00,3.68,496.2,90695
2026-02-19 18:44:00+00:00,3.73,498.2,95677
2026-02-19 18:45:00+00:00,2.99,488.6,97939
2026-02-19 18:46:00+00:00,1.07,468.7,39337
2026-02-19 18:48:00+00:00,3.94,536.9,206177
2026-02-19 18:49:00+00:00,2.95,516.7,115903
2026-02-19 18:50:00+00:00,2.08,480.2,54528
2026-02-19 18:51:00+00:00,2.88,519.7,124791
2026-02-19 18:52:00+00:00,3.37,541.8,165767
2026-02-19 18:53:00+00:00,3.16,520.7,123146
2026-02-19 18:54:00+00:00,3.07,507.9,95317
2026-02-19 18:55:00+00:00,3.53,515.6,128750
2026-02-19 18:56:00+00:00,3.61,516.6,140830
2026-02-19 18:57:00+00:00,2.31,496.9,89961
2026-02-19 18:58:00+00:00,1.42,484.7,74788
2026-02-19 18:59:00+00:00,3.08,510.4,135251
2026-02-19 19:00:00+00:00,3.33,505.1,132335
2026-02-19 19:01:00+00:00,2.66,496.9,109073
2026-02-19 19:02:00+00:00,1.94,488.3,80636
2026-02-19 19:04:00+00:00,3.47,509.2,145915
2026-02-19 19:05:00+00:00,1.34,479.9,67529
2026-02-19 19:06:00+00:00,2.57,501.5,101790
2026-02-19 19:07:00+00:00,2.64,500.2,109900
2026-02-19 19:08:00+00:00,2.62,500.4,110404
2026-02-19 19:09:00+00:00,1.53,483.6,77278
2026-02-19 19:10:00+00:00,1.79,494.6,102173
2026-02-19 19:11:00+00:00,2.59,506.8,124067
2026-02-19 19:12:00+00:00,2.95,503.3,113719
2026-02-19 19:13:00+00:00,2.99,503.5,108543
2026-02-19 19:14:00+00:00,2.27,498.1,84783
2026-02-19 19:15:00+00:00,2.43,502.3,89942
2026-02-19 19:16:00+00:00,1.91,496.6,81670
2026-02-19 19:17:00+00:00,0.96,477.9,56872
2026-02-19 19:18:00+00:00,3.40,516.1,164370
2026-02-19 19:19:00+00:00,2.56,499.0,97421
2026-02-19 19:20:00+00:00,2.64,503.5,103969
2026-02-19 19:21:00+00:00,1.81,486.7,57362
2026-02-19 19:22:00+00:00,2.75,506.5,107711
2026-02-19 19:23:00+00:00,2.61,504.4,95795
2026-02-19 19:24:00+00:00,2.02,496.4,71431
2026-02-19 19:25:00+00:00,2.28,498.3,77684
2026-02-19 19:26:00+00:00,3.32,511.9,113607
2026-02-19 19:27:00+00:00,3.15,514.2,112734
2026-02-19 19:28:00+00:00,2.15,493.3,71859
2026-02-19 19:29:00+00:00,2.27,494.5,78820
2026-02-19 19:30:00+00:00,2.88,526.1,117596
2026-02-19 19:31:00+00:00,2.82,510.1,84102
2026-02-19 19:32:00+00:00,3.04,513.8,97843
2026-02-19 19:33:00+00:00,1.25,486.6,52072
2026-02-19 19:34:00+00:00,3.25,515.0,112544
2026-02-19 19:35:00+00:00,3.35,513.2,116343
2026-02-19 19:36:00+00:00,3.35,,
2026-02-19 19:37:00+00:00,3.27,518.2,121941
2026-02-19 19:38:00+00:00,1.93,499.7,70665
2026-02-19 19:39:00+00:00,2.58,504.4,79398
2026-02-19 19:40:00+00:00,1.73,486.1,53231
2026-02-19 19:41:00+00:00,1.57,488.1,51067
2026-02-19 19:42:00+00:00,2.75,506.3,86289
2026-02-19 19:43:00+00:00,3.53,515.2,108449
2026-02-19 19:44:00+00:00,2.54,505.7,72859
2026-02-19 19:45:00+00:00,2.64,505.6,75039
2026-02-19 19:46:00+00:00,2.67,505.8,81196
2026-02-19 19:47:00+00:00,2.40,506.5,85370
2026-02-19 19:48:00+00:00,2.78,505.1,82396
2026-02-19 19:49:00+00:00,2.80,503.3,89090
2026-02-19 19:50:00+00:00,2.92,504.3,86008
2026-02-19 19:51:00+00:00,2.66,505.3,85808
2026-02-19 19:52:00+00:00,2.93,503.1,88189
2026-02-19 19:53:00+00:00,2.87,502.2,92592
2026-02-19 19:54:00+00:00,2.58,505.9,85895
2026-02-19 19:55:00+00:00,2.72,506.2,90494
2026-02-19 19:56:00+00:00,2.94,505.3,93549
2026-02-19 19:57:00+00:00,2.88,506.3,88076
2026-02-19 19:58:00+00:00,2.82,505.5,82210
2026-02-19 19:59:00+00:00,2.82,503.6,85196
2026-02-19 20:00:00+00:00,2.85,500.9,91255
2026-02-19 20:01:00+00:00,2.80,497.1,94072
2026-02-19 20:02:00+00:00,2.67,496.3,92641
2026-02-19 20:03:00+00:00,2.94,497.1,82621
2026-02-19 20:04:00+00:00,2.83,495.0,83978
2026-02-19 20:05:00+00:00,2.86,495.4,81220
2026-02-19 20:06:00+00:00,2.43,497.5,86770
2026-02-19 20:07:00+00:00,2.91,495.4,94435
2026-02-19 22:06:00+00:00,3.04,498.5,108503
2026-02-19 22:07:00+00:00,2.99,498.9,110671
2026-02-19 22:08:00+00:00,2.87,498.9,113860
2026-02-19 22:09:00+00:00,2.80,498.7,115738
2026-02-19 22:10:00+00:00,2.81,499.1,116662
2026-02-19 22:11:00+00:00,2.83,498.6,115964
2026-02-19 22:12:00+00:00,2.89,498.8,115350
2026-02-19 22:13:00+00:00,2.83,497.8,111076
2026-02-19 22:14:00+00:00,2.99,498.6,115325
2026-02-19 22:15:00+00:00,2.88,497.8,112627
2026-02-19 22:16:00+00:00,2.92,498.9,114834
2026-02-19 22:17:00+00:00,2.68,499.2,114932
2026-02-19 22:18:00+00:00,2.91,498.1,114669
2026-02-19 22:19:00+00:00,2.86,497.4,114415
2026-02-19 22:22:00+00:00,2.62,499.6,114921
2026-02-19 22:23:00+00:00,2.66,498.7,120239
2026-02-19 22:24:00+00:00,2.62,497.0,123168
2026-02-19 22:25:00+00:00,2.62,496.8,118571
2026-02-19 22:26:00+00:00,2.85,497.2,116238
2026-02-19 22:27:00+00:00,2.92,495.2,114194
2026-02-19 22:28:00+00:00,2.91,495.3,114482
2026-02-19 22:29:00+00:00,2.95,494.4,108627
2026-02-19 22:30:00+00:00,3.21,495.4,113195
2026-02-19 22:31:00+00:00,2.96,495.4,109098
2026-02-19 22:32:00+00:00,2.88,495.4,116658
2026-02-19 22:33:00+00:00,2.97,499.2,128925
2026-02-19 22:34:00+00:00,3.06,500.4,130838
2026-02-19 22:35:00+00:00,3.04,499.7,127931
2026-02-19 22:36:00+00:00,2.99,501.1,118952
2026-02-19 22:37:00+00:00,3.21,502.0,114416
2026-02-19 22:38:00+00:00,2.85,507.9,107670
2026-02-19 22:39:00+00:00,2.74,510.7,108385
2026-02-19 22:40:00+00:00,3.14,508.3,112337
2026-02-19 22:41:00+00:00,3.23,506.3,108139
2026-02-19 22:42:00+00:00,3.23,502.9,106969
2026-02-19 22:43:00+00:00,3.26,501.3,108891
2026-02-19 22:44:00+00:00,3.20,500.7,117723
2026-02-19 22:45:00+00:00,3.20,500.8,117342
2026-02-19 22:46:00+00:00,3.21,501.3,113142
2026-02-19 22:47:00+00:00,3.23,501.3,112801
2026-02-19 22:48:00+00:00,3.13,499.1,117412
2026-02-19 22:49:00+00:00,3.32,501.0,115864
2026-02-19 22:50:00+00:00,3.27,499.5,115184
2026-02-19 22:51:00+00:00,3.33,498.7,119066
2026-02-19 22:52:00+00:00,3.29,499.0,124526
2026-02-19 22:55:00+00:00,2.86,499.2,117599
2026-02-19 22:56:00+00:00,2.98,497.9,122979
2026-02-19 22:57:00+00:00,3.16,496.9,124418
2026-02-19 22:58:00+00:00,3.23,497.9,114146
2026-02-19 22:59:00+00:00,3.31,497.2,114337
2026-02-19 23:00:00+00:00,3.22,498.7,106680
2026-02-19 23:01:00+00:00,3.23,498.7,113808
2026-02-19 23:02:00+00:00,2.98,496.6,118667
2026-02-19 23:03:00+00:00,2.69,497.5,131440
2026-02-19 23:04:00+00:00,3.33,500.5,107079
2026-02-19 23:05:00+00:00,3.20,501.1,108418
2026-02-19 23:06:00+00:00,3.13,503.2,101294
2026-02-19 23:07:00+00:00,3.02,503.7,96625
2026-02-19 23:08:00+00:00,3.02,504.8,99334
2026-02-19 23:09:00+00:00,3.16,503.9,101646
2026-02-19 23:10:00+00:00,3.19,504.3,97103
2026-02-19 23:11:00+00:00,3.15,506.6,89305
2026-02-19 23:12:00+00:00,3.12,507.9,85871
2026-02-19 23:13:00+00:00,3.11,506.7,89248
2026-02-19 23:14:00+00:00,3.06,504.0,95248
2026-02-19 23:15:00+00:00,2.88,503.6,99134
2026-02-19 23:16:00+00:00,3.28,503.9,100215
2026-02-19 23:17:00+00:00,3.21,503.0,94562
2026-02-19 23:18:00+00:00,3.59,500.0,95755
2026-02-19 23:19:00+00:00,3.02,513.2,78500
2026-02-19 23:20:00+00:00,3.29,504.5,94066
2026-02-19 23:21:00+00:00,3.18,504.0,98887
2026-02-19 23:22:00+00:00,3.11,503.6,93770
2026-02-19 23:23:00+00:00,3.09,500.2,103247
2026-02-19 23:24:00+00:00,3.21,497.5,108993
2026-02-19 23:25:00+00:00,3.26,496.9,112390
2026-02-19 23:26:00+00:00,3.15,499.1,110042
2026-02-19 23:27:00+00:00,3.07,500.9,106903
2026-02-19 23:28:00+00:00,3.18,499.2,111753
2026-02-19 23:29:00+00:00,3.17,497.5,109957
2026-02-19 23:30:00+00:00,3.12,494.2,108038
2026-02-19 23:31:00+00:00,3.03,493.9,111468
2026-02-19 23:32:00+00:00,2.86,494.4,113219
2026-02-19 23:33:00+00:00,2.82,494.1,125108
2026-02-19 23:34:00+00:00,2.49,493.6,112744
2026-02-19 23:35:00+00:00,2.87,492.8,115894
2026-02-19 23:36:00+00:00,2.96,493.1,111244
2026-02-19 23:37:00+00:00,2.97,492.9,113325
2026-02-19 23:38:00+00:00,3.02,492.3,107503
2026-02-19 23:39:00+00:00,2.93,492.8,116532
2026-02-19 23:40:00+00:00,2.97,492.4,109931
2026-02-19 23:41:00+00:00,3.01,492.1,108523
2026-02-19 23:42:00+00:00,2.97,492.6,110380
2026-02-19 23:43:00+00:00,3.08,493.0,110201
2026-02-19 23:44:00+00:00,3.16,493.2,106167
2026-02-19 23:45:00+00:00,2.95,494.2,102706
2026-02-19 23:46:00+00:00,2.85,494.9,105259
2026-02-19 23:47:00+00:00,3.07,493.2,104536
2026-02-19 23:48:00+00:00,2.99,494.0,113090
2026-02-19 23:49:00+00:00,2.98,493.6,105471
2026-02-19 23:50:00+00:00,2.79,492.7,119224
2026-02-19 23:51:00+00:00,2.80,492.6,111809
2026-02-19 23:52:00+00:00,2.93,492.2,113433
2026-02-19 23:53:00+00:00,2.73,490.7,103477
2026-02-19 23:54:00+00:00,2.87,491.5,108829
2026-02-19 23:55:00+00:00,2.87,491.6,106935
2026-02-19 23:56:00+00:00,2.87,491.4,111570
2026-02-19 23:57:00+00:00,2.68,492.0,112220
2026-02-19 23:58:00+00:00,2.70,491.5,110628
2026-02-19 23:59:00+00:00,2.77,491.0,109214
2026-02-20 00:00:00+00:00,2.74,491.4,107997
2026-02-20 00:01:00+00:00,2.64,490.0,115305
2026-02-20 00:02:00+00:00,2.63,490.1,112719
2026-02-20 00:03:00+00:00,2.60,490.4,109260
2026-02-20 00:04:00+00:00,2.56,490.5,118783
2026-02-20 00:05:00+00:00,2.38,490.8,109914
2026-02-20 00:06:00+00:00,2.70,490.9,113151
2026-02-20 00:07:00+00:00,2.60,491.1,108498
2026-02-20 00:08:00+00:00,2.70,492.1,125824
2026-02-20 00:09:00+00:00,2.64,492.9,122335
2026-02-20 00:10:00+00:00,2.65,493.1,130966
2026-02-20 00:11:00+00:00,2.69,492.4,128432
2026-02-20 00:12:00+00:00,2.63,492.4,128049
2026-02-20 00:13:00+00:00,2.69,492.0,123684
2026-02-20 00:14:00+00:00,2.72,491.8,125232
2026-02-20 00:15:00+00:00,2.77,491.7,126132
2026-02-20 00:16:00+00:00,2.74,492.0,126060
2026-02-20 00:17:00+00:00,2.62,492.5,125352
2026-02-20 00:18:00+00:00,2.73,492.1,115855
2026-02-20 00:19:00+00:00,2.77,491.2,112700
2026-02-20 00:20:00+00:00,2.81,490.1,107243
2026-02-20 00:21:00+00:00,2.85,491.2,116732
2026-02-20 00:22:00+00:00,3.17,493.6,96704
2026-02-20 00:23:00+00:00,3.17,492.4,108579
2026-02-20 00:24:00+00:00,2.70,489.3,108025
2026-02-20 00:25:00+00:00,2.87,489.8,122013
2026-02-20 00:26:00+00:00,2.79,490.1,118010
2026-02-20 00:27:00+00:00,3.05,489.8,113605
2026-02-20 00:28:00+00:00,2.95,490.2,110088
2026-02-20 00:29:00+00:00,2.90,490.1,115329
2026-02-20 00:30:00+00:00,3.09,489.9,109005
2026-02-20 00:31:00+00:00,3.15,489.8,106514
2026-02-20 00:32:00+00:00,3.02,489.7,112973
2026-02-20 00:33:00+00:00,2.93,489.7,113135
2026-02-20 00:34:00+00:00,2.79,487.5,104893
2026-02-20 00:35:00+00:00,2.76,487.3,104952
2026-02-20 00:36:00+00:00,2.66,486.6,104787
2026-02-20 00:37:00+00:00,2.79,489.0,103131
2026-02-20 00:38:00+00:00,2.84,488.7,108513
2026-02-20 00:39:00+00:00,2.84,488.3,101580
2026-02-20 00:40:00+00:00,2.93,487.4,103488
2026-02-20 00:41:00+00:00,2.83,488.3,102905
2026-02-20 00:42:00+00:00,2.87,489.0,106885
2026-02-20 00:43:00+00:00,2.77,488.4,98576
2026-02-20 00:44:00+00:00,2.78,488.6,104519
2026-02-20 00:45:00+00:00,2.74,489.2,106728
2026-02-20 00:46:00+00:00,2.95,489.1,115948
2026-02-20 00:47:00+00:00,2.87,490.1,123254
2026-02-20 00:48:00+00:00,2.69,489.7,123694
2026-02-20 00:49:00+00:00,2.92,486.5,121505
2026-02-20 00:50:00+00:00,3.05,485.4,114845
2026-02-20 00:51:00+00:00,3.09,486.1,118201
2026-02-20 00:52:00+00:00,3.09,486.8,112454
2026-02-20 00:53:00+00:00,3.17,483.7,114606
2026-02-20 00:54:00+00:00,3.25,485.3,115976
2026-02-20 00:55:00+00:00,2.69,489.0,124751
2026-02-20 00:56:00+00:00,3.07,489.6,120559
2026-02-20 00:57:00+00:00,3.31,487.6,121065
2026-02-20 00:58:00+00:00,2.88,488.4,118100
2026-02-20 00:59:00+00:00,2.58,489.0,123576
2026-02-20 01:00:00+00:00,2.71,488.5,120344
2026-02-20 01:01:00+00:00,2.68,489.3,119616
2026-02-20 01:02:00+00:00,2.55,486.4,113554
2026-02-20 01:03:00+00:00,2.69,482.7,106394
2026-02-20 01:04:00+00:00,2.79,482.2,105638
2026-02-20 01:05:00+00:00,2.76,482.7,105129
2026-02-20 01:06:00+00:00,2.92,482.0,102467
2026-02-20 01:07:00+00:00,2.65,481.6,118417
2026-02-20 01:08:00+00:00,2.70,481.6,116843
2026-02-20 01:09:00+00:00,2.92,482.2,108546
2026-02-20 01:10:00+00:00,2.74,485.8,115307
2026-02-20 01:11:00+00:00,2.81,483.7,110201
2026-02-20 01:12:00+00:00,2.89,483.6,107174
2026-02-20 01:13:00+00:00,2.96,483.9,105546
2026-02-20 01:14:00+00:00,2.46,485.3,105881
2026-02-20 01:15:00+00:00,2.74,482.9,100886
2026-02-20 01:16:00+00:00,2.78,482.9,100988
2026-02-20 01:17:00+00:00,2.86,482.3,100158
2026-02-20 01:18:00+00:00,2.87,483.2,102537
2026-02-20 01:19:00+00:00,2.99,482.0,109702
2026-02-20 01:20:00+00:00,3.08,480.9,113004
2026-02-20 01:21:00+00:00,3.01,482.4,111493
2026-02-20 01:22:00+00:00,3.05,482.3,112598
2026-02-20 01:23:00+00:00,2.95,483.1,113095
2026-02-20 01:24:00+00:00,3.08,481.1,109271
2026-02-20 01:25:00+00:00,2.92,478.9,96379
2026-02-20 01:26:00+00:00,2.61,479.8,107639
2026-02-20 01:27:00+00:00,2.90,478.0,100436
2026-02-20 01:28:00+00:00,3.13,477.7,97806
2026-02-20 01:29:00+00:00,2.78,477.4,107705
2026-02-20 01:30:00+00:00,2.98,475.6,112528
2026-02-20 01:31:00+00:00,2.90,475.0,114797
2026-02-20 01:32:00+00:00,3.11,475.2,114832
2026-02-20 01:33:00+00:00,2.91,475.4,111358
2026-02-20 01:34:00+00:00,2.93,474.5,112423
2026-02-20 01:35:00+00:00,3.02,474.8,113779
2026-02-20 01:36:00+00:00,3.08,474.4,105695
2026-02-20 01:37:00+00:00,2.96,472.9,91741
2026-02-20 01:38:00+00:00,2.52,474.1,83538
2026-02-20 01:39:00+00:00,2.99,474.1,83423
2026-02-20 01:40:00+00:00,2.90,468.1,68777
2026-02-20 01:41:00+00:00,2.93,467.8,69104
2026-02-20 01:42:00+00:00,3.20,463.9,72620
2026-02-20 01:43:00+00:00,3.44,465.9,67919
2026-02-20 01:44:00+00:00,3.27,466.8,80672
2026-02-20 01:45:00+00:00,2.92,468.5,84448
2026-02-20 01:46:00+00:00,3.11,467.6,81804
2026-02-20 01:47:00+00:00,3.29,468.1,74903
2026-02-20 01:48:00+00:00,3.20,470.8,70460
2026-02-20 01:49:00+00:00,3.17,471.4,85401
2026-02-20 01:50:00+00:00,3.10,469.6,88219
2026-02-20 01:51:00+00:00,3.22,468.0,78362
2026-02-20 01:52:00+00:00,3.18,468.1,70033
2026-02-20 01:53:00+00:00,2.96,469.2,63155
2026-02-20 01:54:00+00:00,3.11,469.9,65999
2026-02-20 01:55:00+00:00,3.15,470.6,79361
2026-02-20 01:56:00+00:00,3.22,471.1,83601
2026-02-20 01:57:00+00:00,2.89,474.9,98034
2026-02-20 01:58:00+00:00,3.27,475.4,101871
2026-02-20 01:59:00+00:00,3.12,476.1,104929
2026-02-20 02:00:00+00:00,3.23,473.0,97464
2026-02-20 02:01:00+00:00,3.23,474.0,99196
2026-02-20 02:02:00+00:00,3.36,473.7,102262
2026-02-20 02:03:00+00:00,3.12,474.0,104473
2026-02-20 02:04:00+00:00,2.91,473.3,105238
2026-02-20 02:05:00+00:00,2.98,473.1,104445
2026-02-20 02:06:00+00:00,3.16,471.9,97778
2026-02-20 02:07:00+00:00,3.09,468.9,101514
2026-02-20 02:08:00+00:00,3.09,468.4,101851
2026-02-20 02:09:00+00:00,3.14,471.8,94179
2026-02-20 02:10:00+00:00,2.91,473.9,104629
2026-02-20 02:11:00+00:00,3.05,475.7,104355
2026-02-20 02:12:00+00:00,2.96,478.0,91424
2026-02-20 02:13:00+00:00,2.65,479.4,109202
2026-02-20 02:14:00+00:00,2.65,479.4,109233
2026-02-20 02:15:00+00:00,2.64,480.1,111054
2026-02-20 02:16:00+00:00,2.80,479.3,101991
2026-02-20 02:17:00+00:00,3.14,477.0,100074
2026-02-20 02:18:00+00:00,3.52,476.1,97430
2026-02-20 02:19:00+00:00,3.52,474.7,99608
2026-02-20 02:20:00+00:00,3.47,474.1,100719
2026-02-20 02:21:00+00:00,3.46,473.9,102460
2026-02-20 02:22:00+00:00,3.42,474.5,108416
2026-02-20 02:23:00+00:00,3.32,474.4,114745
2026-02-20 02:24:00+00:00,3.21,474.6,120812
2026-02-20 02:25:00+00:00,3.29,475.7,124659
2026-02-20 02:26:00+00:00,3.43,475.5,123377
2026-02-20 02:27:00+00:00,3.35,476.6,126570
2026-02-20 02:28:00+00:00,3.35,477.3,128365
2026-02-20 02:29:00+00:00,3.16,478.1,122994
2026-02-20 02:30:00+00:00,3.50,476.3,118766
2026-02-20 02:31:00+00:00,3.21,477.7,106605
2026-02-20 02:32:00+00:00,3.18,477.0,100313
2026-02-20 02:33:00+00:00,3.10,477.6,96521
2026-02-20 02:34:00+00:00,3.28,477.3,104726
2026-02-20 02:35:00+00:00,3.12,479.9,98173
2026-02-20 02:36:00+00:00,3.41,479.7,96496
2026-02-20 02:37:00+00:00,3.31,479.0,100928
2026-02-20 02:38:00+00:00,3.17,478.3,103994
2026-02-20 02:39:00+00:00,3.20,478.1,104547
2026-02-20 02:40:00+00:00,3.20,478.3,105651
2026-02-20 02:41:00+00:00,3.11,478.9,106903
2026-02-20 02:42:00+00:00,2.92,479.3,106503
2026-02-20 02:43:00+00:00,2.93,477.7,106412
2026-02-20 02:44:00+00:00,2.95,479.8,105290
2026-02-20 02:45:00+00:00,2.97,479.8,104668
2026-02-20 02:46:00+00:00,3.08,,
2026-02-20 02:47:00+00:00,3.08,478.4,102148
2026-02-20 02:48:00+00:00,2.52,481.7,114953
2026-02-20 02:49:00+00:00,3.03,479.5,107310
2026-02-20 02:50:00+00:00,3.10,479.2,102136
2026-02-20 02:51:00+00:00,3.21,478.0,105129
2026-02-20 02:52:00+00:00,3.00,479.7,104187
2026-02-20 02:53:00+00:00,3.07,479.6,104180
2026-02-20 02:54:00+00:00,2.95,479.4,103763
2026-02-20 02:55:00+00:00,2.92,479.5,104269
2026-02-20 02:56:00+00:00,3.09,479.6,104687
2026-02-20 02:57:00+00:00,3.18,479.6,103765
2026-02-20 02:58:00+00:00,3.29,478.6,104810
2026-02-20 02:59:00+00:00,3.16,478.8,104886
2026-02-20 03:00:00+00:00,3.27,478.9,106253
2026-02-20 03:01:00+00:00,3.15,481.4,114336
2026-02-20 03:02:00+00:00,2.56,482.5,117729
2026-02-20 03:03:00+00:00,2.85,481.9,115706
2026-02-20 03:04:00+00:00,3.01,481.9,112928
2026-02-20 03:05:00+00:00,2.95,482.6,109385
2026-02-20 03:06:00+00:00,3.13,480.5,113458
2026-02-20 03:07:00+00:00,2.98,480.7,114917
2026-02-20 03:08:00+00:00,3.12,480.3,113683
2026-02-20 03:09:00+00:00,3.24,479.5,110162
2026-02-20 03:10:00+00:00,3.29,478.5,107018
2026-02-20 03:11:00+00:00,3.25,478.4,106829
2026-02-20 03:12:00+00:00,3.30,477.7,109975
2026-02-20 03:13:00+00:00,3.28,475.9,114120
2026-02-20 03:14:00+00:00,3.04,475.8,113651
2026-02-20 03:15:00+00:00,3.42,476.0,108860
2026-02-20 03:16:00+00:00,3.34,475.2,114422
2026-02-20 03:17:00+00:00,3.47,474.6,113259
2026-02-20 03:18:00+00:00,3.21,476.7,122045
2026-02-20 03:20:00+00:00,3.90,475.4,105161
2026-02-20 03:21:00+00:00,3.43,475.9,107311
2026-02-20 03:22:00+00:00,3.54,475.4,114894
2026-02-20 03:23:00+00:00,3.33,477.7,112110
2026-02-20 03:24:00+00:00,3.37,476.3,107032
2026-02-20 03:25:00+00:00,3.17,476.9,109162
2026-02-20 03:26:00+00:00,3.23,475.5,102617
2026-02-20 03:27:00+00:00,3.32,474.6,97029
2026-02-20 03:28:00+00:00,3.10,476.9,105121
2026-02-20 03:29:00+00:00,3.01,478.6,122173
2026-02-20 03:30:00+00:00,3.42,478.2,127748
2026-02-20 03:31:00+00:00,3.40,481.1,102961
2026-02-20 03:32:00+00:00,1.91,490.2,100709
2026-02-20 03:33:00+00:00,3.46,473.8,89593
2026-02-20 03:34:00+00:00,3.12,476.1,93377
2026-02-20 03:35:00+00:00,3.31,490.0,93504
2026-02-20 03:36:00+00:00,3.20,475.9,93477
2026-02-20 03:37:00+00:00,2.83,470.8,90849
2026-02-20 03:38:00+00:00,3.04,462.9,105652
2026-02-20 03:39:00+00:00,3.03,463.8,113077
2026-02-20 03:40:00+00:00,2.99,465.0,112555
2026-02-20 03:41:00+00:00,2.86,465.3,110526
2026-02-20 03:42:00+00:00,2.85,463.6,112567
2026-02-20 03:43:00+00:00,2.89,461.7,107033
2026-02-20 03:44:00+00:00,2.70,461.5,104619
2026-02-20 03:45:00+00:00,2.62,462.8,117986
2026-02-20 03:46:00+00:00,2.84,465.1,123270
2026-02-20 03:47:00+00:00,2.69,466.0,111634
2026-02-20 03:48:00+00:00,2.72,465.6,108662
2026-02-20 03:49:00+00:00,2.48,468.0,114928
2026-02-20 03:50:00+00:00,2.13,468.1,111029
2026-02-20 03:51:00+00:00,2.55,468.0,87317
2026-02-20 03:52:00+00:00,2.55,,
2026-02-20 03:53:00+00:00,2.11,465.3,103561
2026-02-20 03:54:00+00:00,2.16,468.0,91919
2026-02-20 03:55:00+00:00,2.11,467.3,88581
2026-02-20 03:56:00+00:00,2.14,467.9,111223
2026-02-20 03:57:00+00:00,2.88,464.4,120123
2026-02-20 03:58:00+00:00,3.06,466.9,118870
2026-02-20 04:00:00+00:00,2.58,472.4,98715
2026-02-20 04:01:00+00:00,2.53,472.0,94602
2026-02-20 04:02:00+00:00,2.68,470.1,95716
2026-02-20 04:03:00+00:00,3.16,467.7,115752
2026-02-20 04:04:00+00:00,2.51,470.9,109417
2026-02-20 04:05:00+00:00,2.74,470.9,117439
2026-02-20 04:06:00+00:00,3.02,467.0,127165
2026-02-20 04:07:00+00:00,3.11,462.1,130313
2026-02-20 04:08:00+00:00,3.57,463.7,124413
2026-02-20 04:09:00+00:00,3.14,464.9,131656
2026-02-20 04:10:00+00:00,3.16,465.8,122930
2026-02-20 04:11:00+00:00,2.80,467.3,124164
2026-02-20 04:12:00+00:00,3.13,468.6,109843
2026-02-20 04:13:00+00:00,2.92,469.1,111962
2026-02-20 04:14:00+00:00,2.86,468.5,117620
2026-02-20 04:15:00+00:00,2.84,469.5,114645
2026-02-20 04:16:00+00:00,2.62,472.0,123121
2026-02-20 04:17:00+00:00,2.70,475.5,126472
2026-02-20 04:18:00+00:00,2.84,480.1,104817
2026-02-20 04:19:00+00:00,2.78,479.9,109966
2026-02-20 04:20:00+00:00,2.94,479.2,108614
2026-02-20 04:21:00+00:00,2.73,479.7,107030
2026-02-20 04:22:00+00:00,3.19,476.5,97557
2026-02-20 04:23:00+00:00,2.74,478.8,117501
2026-02-20 04:24:00+00:00,2.84,480.3,110265
2026-02-20 04:25:00+00:00,2.84,480.4,109884
2026-02-20 04:26:00+00:00,2.84,481.2,104331
2026-02-20 04:27:00+00:00,2.49,485.2,110032
2026-02-20 04:28:00+00:00,2.48,484.2,110283
2026-02-20 04:29:00+00:00,2.42,483.8,105778
2026-02-20 04:30:00+00:00,2.61,482.5,105602
2026-02-20 04:31:00+00:00,2.69,482.2,104842
2026-02-20 04:32:00+00:00,2.67,482.0,104278
2026-02-20 04:33:00+00:00,2.79,480.6,106462
2026-02-20 04:34:00+00:00,2.62,481.9,105577
2026-02-20 04:35:00+00:00,2.47,481.7,107357
2026-02-20 04:36:00+00:00,2.62,482.7,108434
2026-02-20 04:37:00+00:00,2.73,480.2,108927
2026-02-20 04:38:00+00:00,3.05,479.9,110730
2026-02-20 04:39:00+00:00,2.81,481.5,105681
2026-02-20 04:40:00+00:00,2.49,479.9,95199
2026-02-20 04:41:00+00:00,2.49,480.4,111930
2026-02-20 04:42:00+00:00,2.56,473.4,116058
2026-02-20 04:43:00+00:00,2.67,476.2,107383
2026-02-20 04:44:00+00:00,2.60,478.8,104457
2026-02-20 04:45:00+00:00,2.66,475.2,102230
2026-02-20 04:46:00+00:00,2.71,472.8,103013
2026-02-20 04:47:00+00:00,2.78,472.8,105750
2026-02-20 04:48:00+00:00,2.79,473.9,110988
2026-02-20 04:49:00+00:00,2.75,476.9,113394
2026-02-20 04:50:00+00:00,2.83,480.1,111601
2026-02-20 04:51:00+00:00,2.69,481.8,118235
2026-02-20 04:52:00+00:00,2.85,476.7,100090
2026-02-20 04:53:00+00:00,2.54,477.8,107677
2026-02-20 04:54:00+00:00,2.39,476.9,109223
2026-02-20 04:55:00+00:00,2.47,478.3,113781
2026-02-20 04:56:00+00:00,2.88,478.0,95030
2026-02-20 04:57:00+00:00,3.00,476.9,117058
2026-02-20 04:58:00+00:00,3.01,476.8,120098
2026-02-20 04:59:00+00:00,2.66,478.6,118300
2026-02-20 05:00:00+00:00,2.89,475.9,107351
2026-02-20 05:01:00+00:00,2.92,476.2,108292
2026-02-20 05:02:00+00:00,2.93,475.7,106134
2026-02-20 05:03:00+00:00,3.05,474.4,103447
2026-02-20 05:04:00+00:00,2.97,475.8,103274
2026-02-20 05:05:00+00:00,2.70,478.5,99363
2026-02-20 05:06:00+00:00,2.69,480.8,102814
2026-02-20 05:07:00+00:00,2.97,482.0,108776
2026-02-20 05:08:00+00:00,3.45,479.6,94549
2026-02-20 05:09:00+00:00,3.16,482.7,116373
2026-02-20 05:10:00+00:00,3.06,484.3,123615
2026-02-20 05:11:00+00:00,3.04,486.5,125261
2026-02-20 05:12:00+00:00,2.69,490.1,125661
2026-02-20 05:13:00+00:00,2.47,485.9,129280
2026-02-20 05:14:00+00:00,3.01,485.2,111436
2026-02-20 05:15:00+00:00,3.21,482.0,112289
2026-02-20 05:16:00+00:00,3.31,479.4,104449
2026-02-20 05:17:00+00:00,3.06,479.5,106026
2026-02-20 05:18:00+00:00,2.85,481.5,111741
2026-02-20 05:19:00+00:00,2.90,481.4,112304
2026-02-20 05:20:00+00:00,2.87,480.1,108428
2026-02-20 05:21:00+00:00,2.82,480.9,108496
2026-02-20 05:22:00+00:00,2.96,481.8,115615
2026-02-20 05:23:00+00:00,2.92,481.0,115617
2026-02-20 05:24:00+00:00,2.91,478.5,117542
2026-02-20 05:25:00+00:00,2.59,480.8,120896
2026-02-20 05:26:00+00:00,3.05,481.1,98545
2026-02-20 05:27:00+00:00,2.71,481.9,103410
2026-02-20 05:28:00+00:00,2.34,485.2,135858
2026-02-20 05:29:00+00:00,2.17,488.8,142793
2026-02-20 05:30:00+00:00,2.18,489.7,148563
2026-02-20 05:31:00+00:00,2.19,489.8,149704
2026-02-20 05:32:00+00:00,2.38,483.3,116231
2026-02-20 05:33:00+00:00,2.68,483.7,116065
2026-02-20 05:34:00+00:00,2.58,487.5,122261
2026-02-20 05:35:00+00:00,2.22,491.6,122933
2026-02-20 05:36:00+00:00,2.30,489.6,116598
2026-02-20 05:37:00+00:00,2.83,484.3,110312
2026-02-20 05:38:00+00:00,3.14,483.1,103664
2026-02-20 05:39:00+00:00,2.88,482.5,106895
2026-02-20 05:40:00+00:00,2.91,479.4,108634
2026-02-20 05:41:00+00:00,2.94,475.1,104623
2026-02-20 05:42:00+00:00,3.05,477.4,101452
2026-02-20 05:43:00+00:00,3.04,474.7,97794
2026-02-20 05:44:00+00:00,2.69,479.0,99219
2026-02-20 05:45:00+00:00,3.19,476.9,97721
2026-02-20 05:46:00+00:00,2.82,483.5,111339
2026-02-20 05:47:00+00:00,2.33,496.6,101550
2026-02-20 05:48:00+00:00,2.34,491.3,135431
2026-02-20 05:49:00+00:00,2.49,486.8,151678
2026-02-20 05:50:00+00:00,2.43,484.4,162902
2026-02-20 05:51:00+00:00,1.95,487.1,166461
2026-02-20 05:52:00+00:00,1.78,485.0,154423
2026-02-20 05:53:00+00:00,2.04,476.0,142453
2026-02-20 05:54:00+00:00,1.99,476.4,135828
2026-02-20 05:55:00+00:00,2.19,473.8,141303
2026-02-20 05:56:00+00:00,2.05,476.0,140438
2026-02-20 05:57:00+00:00,2.40,474.9,123516
2026-02-20 05:58:00+00:00,3.06,473.5,94796
2026-02-20 05:59:00+00:00,2.95,474.7,94626
2026-02-20 06:00:00+00:00,3.09,472.8,99667
2026-02-20 06:01:00+00:00,2.84,474.8,112569
2026-02-20 06:02:00+00:00,2.83,473.0,97697
2026-02-20 06:03:00+00:00,2.63,472.7,96250
2026-02-20 06:04:00+00:00,2.57,472.8,97005
2026-02-20 06:05:00+00:00,3.29,479.0,91482
2026-02-20 06:06:00+00:00,3.20,479.0,90805
2026-02-20 06:07:00+00:00,3.12,478.6,91429
2026-02-20 06:08:00+00:00,3.10,478.2,92288
2026-02-20 06:09:00+00:00,3.14,477.7,90825
2026-02-20 06:10:00+00:00,3.15,477.5,89540
2026-02-20 06:11:00+00:00,2.94,477.2,90084
2026-02-20 06:12:00+00:00,3.09,474.1,88061
2026-02-20 06:13:00+00:00,2.99,474.6,86022
2026-02-20 06:14:00+00:00,2.93,471.9,90154
2026-02-20 06:15:00+00:00,2.79,475.4,93214
2026-02-20 06:16:00+00:00,3.22,475.2,87918
2026-02-20 06:17:00+00:00,2.87,474.8,107286
2026-02-20 06:18:00+00:00,2.92,476.9,116740
2026-02-20 06:19:00+00:00,2.68,477.0,109006
2026-02-20 06:20:00+00:00,2.61,476.6,105848
2026-02-20 06:21:00+00:00,2.58,477.6,103980
2026-02-20 06:22:00+00:00,2.55,477.3,107982
2026-02-20 06:23:00+00:00,2.24,475.0,141882
2026-02-20 06:24:00+00:00,1.92,473.3,168541
2026-02-20 06:25:00+00:00,1.94,474.0,165305
2026-02-20 06:26:00+00:00,1.97,476.1,170376
2026-02-20 06:27:00+00:00,1.96,477.3,169450
2026-02-20 06:28:00+00:00,1.78,477.0,185701
2026-02-20 06:29:00+00:00,2.03,480.9,186059
2026-02-20 06:30:00+00:00,1.85,479.0,178408
2026-02-20 06:31:00+00:00,1.52,473.8,182167
2026-02-20 06:32:00+00:00,1.88,476.2,164950
2026-02-20 06:33:00+00:00,1.91,479.8,183711
2026-02-20 06:34:00+00:00,2.00,476.2,141458
2026-02-20 06:35:00+00:00,2.60,473.8,114815
2026-02-20 06:36:00+00:00,2.52,474.6,120736
2026-02-20 06:37:00+00:00,2.39,475.2,126040
2026-02-20 06:38:00+00:00,2.21,478.0,134178
2026-02-20 06:39:00+00:00,2.12,477.8,146664
2026-02-20 06:40:00+00:00,1.94,480.0,163547
2026-02-20 06:41:00+00:00,1.81,482.2,165340
2026-02-20 06:42:00+00:00,1.82,479.8,161527
2026-02-20 06:43:00+00:00,1.98,478.9,163176
2026-02-20 06:44:00+00:00,2.01,480.1,151137
2026-02-20 06:45:00+00:00,1.87,483.1,158390
2026-02-20 06:46:00+00:00,1.70,479.1,192634
2026-02-20 06:47:00+00:00,1.62,476.9,189685
2026-02-20 06:48:00+00:00,1.77,477.3,168019
2026-02-20 06:49:00+00:00,1.63,475.6,160474
2026-02-20 06:50:00+00:00,1.76,482.6,166117
2026-02-20 06:51:00+00:00,1.83,482.6,170599
2026-02-20 06:52:00+00:00,1.90,480.4,187278
2026-02-20 06:53:00+00:00,1.72,480.9,187466
2026-02-20 06:54:00+00:00,1.63,479.6,184805
2026-02-20 06:55:00+00:00,1.65,480.6,186843
2026-02-20 06:56:00+00:00,1.65,483.8,191739
2026-02-20 06:57:00+00:00,1.78,481.5,197069
2026-02-20 06:58:00+00:00,1.87,476.6,197871
2026-02-20 06:59:00+00:00,1.64,476.6,198302
2026-02-20 07:00:00+00:00,1.80,476.0,183715
2026-02-20 07:01:00+00:00,1.84,474.1,191077
2026-02-20 07:02:00+00:00,1.78,475.1,183429
2026-02-20 07:03:00+00:00,1.64,477.7,182494
2026-02-20 07:04:00+00:00,1.71,479.0,184997
2026-02-20 07:05:00+00:00,1.72,480.4,184446
2026-02-20 07:06:00+00:00,1.81,475.7,193728
2026-02-20 07:07:00+00:00,1.87,476.4,199397
2026-02-20 07:08:00+00:00,1.78,481.6,183741
2026-02-20 07:09:00+00:00,1.67,483.4,187278
2026-02-20 07:10:00+00:00,1.62,483.2,194330
2026-02-20 07:11:00+00:00,1.45,481.5,206075
2026-02-20 07:12:00+00:00,1.50,482.2,199794
2026-02-20 07:13:00+00:00,1.35,477.6,164562
2026-02-20 07:14:00+00:00,1.31,466.2,99583
2026-02-20 07:15:00+00:00,2.06,468.3,93378
2026-02-20 07:16:00+00:00,1.56,483.2,209281
2026-02-20 07:17:00+00:00,1.52,481.3,171305
2026-02-20 07:18:00+00:00,1.61,480.5,182470
2026-02-20 07:19:00+00:00,1.68,483.3,185519
2026-02-20 07:20:00+00:00,1.56,482.8,194320
2026-02-20 07:21:00+00:00,1.43,485.1,206130
2026-02-20 07:22:00+00:00,1.43,485.4,218552
2026-02-20 07:23:00+00:00,1.56,482.7,219151
2026-02-20 07:24:00+00:00,1.46,481.3,215386
2026-02-20 07:25:00+00:00,1.58,478.7,208384
2026-02-20 07:26:00+00:00,1.70,480.3,207912
2026-02-20 07:27:00+00:00,1.67,481.5,208088
2026-02-20 07:28:00+00:00,1.66,480.4,214448
2026-02-20 07:29:00+00:00,1.66,480.3,223969
2026-02-20 07:30:00+00:00,1.65,479.7,216344
2026-02-20 07:31:00+00:00,1.70,479.9,210123
2026-02-20 07:32:00+00:00,1.55,479.9,213569
2026-02-20 07:33:00+00:00,1.59,480.6,229085
2026-02-20 07:34:00+00:00,1.70,475.7,207542
2026-02-20 07:35:00+00:00,1.54,480.4,224428
2026-02-20 07:36:00+00:00,1.59,479.8,229244
2026-02-20 07:37:00+00:00,0.83,443.9,54345
2026-02-20 07:38:00+00:00,1.39,471.6,189477
2026-02-20 07:39:00+00:00,1.57,480.6,227558
2026-02-20 07:40:00+00:00,1.45,484.4,229753
2026-02-20 07:41:00+00:00,1.43,487.5,233133
2026-02-20 07:42:00+00:00,1.31,493.9,233922
2026-02-20 07:43:00+00:00,1.19,498.3,233165
2026-02-20 07:44:00+00:00,1.50,481.4,239377
2026-02-20 07:45:00+00:00,1.47,477.2,230469
2026-02-20 07:46:00+00:00,1.48,472.1,207268
2026-02-20 07:47:00+00:00,1.62,478.8,189559
2026-02-20 07:48:00+00:00,1.72,477.9,187163
2026-02-20 07:49:00+00:00,1.76,479.4,191497
2026-02-20 07:50:00+00:00,1.58,480.1,191262
2026-02-20 07:51:00+00:00,1.88,472.4,153329
2026-02-20 07:52:00+00:00,2.14,471.8,158547
2026-02-20 07:53:00+00:00,2.42,474.6,139085
2026-02-20 07:54:00+00:00,2.24,475.0,137237
2026-02-20 07:55:00+00:00,2.07,477.0,141592
2026-02-20 07:56:00+00:00,2.04,474.3,145636
2026-02-20 07:57:00+00:00,1.93,473.2,154666
2026-02-20 07:58:00+00:00,1.38,455.4,79745
2026-02-20 07:59:00+00:00,1.62,455.5,60429
2026-02-20 08:00:00+00:00,2.20,470.1,108424
2026-02-20 08:01:00+00:00,2.08,471.2,124420
2026-02-20 08:02:00+00:00,2.05,476.3,145656
2026-02-20 08:03:00+00:00,1.98,476.0,124416
2026-02-20 08:04:00+00:00,2.12,481.7,159897
2026-02-20 08:05:00+00:00,2.25,491.6,203907
2026-02-20 08:06:00+00:00,2.41,487.6,186506
2026-02-20 08:07:00+00:00,2.12,476.8,147901
2026-02-20 08:08:00+00:00,1.64,463.8,88015
2026-02-20 08:09:00+00:00,2.11,489.5,203467
2026-02-20 08:10:00+00:00,2.32,488.4,216457
2026-02-20 08:11:00+00:00,2.19,478.8,154395
2026-02-20 08:12:00+00:00,2.36,483.4,160045
2026-02-20 08:13:00+00:00,2.32,484.1,155145
2026-02-20 08:14:00+00:00,2.17,482.7,138781
2026-02-20 08:15:00+00:00,2.01,480.6,148211
2026-02-20 08:16:00+00:00,1.88,478.1,163354
2026-02-20 08:17:00+00:00,2.31,516.5,355509
2026-02-20 08:18:00+00:00,1.98,504.5,314712
2026-02-20 08:19:00+00:00,1.12,475.7,204112
2026-02-20 08:20:00+00:00,0.96,483.7,182377
2026-02-20 08:21:00+00:00,1.02,499.0,218083
2026-02-20 08:22:00+00:00,1.27,489.7,295544
2026-02-20 08:23:00+00:00,1.10,491.5,251941
2026-02-20 08:24:00+00:00,1.26,511.4,353781
2026-02-20 08:25:00+00:00,1.07,503.0,239837
2026-02-20 08:26:00+00:00,1.56,482.5,198906
2026-02-20 08:27:00+00:00,1.67,478.2,193255
2026-02-20 08:28:00+00:00,1.85,476.0,155871
2026-02-20 08:29:00+00:00,1.83,474.7,156530
2026-02-20 08:30:00+00:00,1.87,474.3,148280
2026-02-20 08:31:00+00:00,1.84,474.2,144916
2026-02-20 08:32:00+00:00,1.77,475.1,145774
2026-02-20 08:33:00+00:00,1.59,481.5,195207
2026-02-20 08:34:00+00:00,1.11,484.1,253089
2026-02-20 08:35:00+00:00,0.89,472.4,177976
2026-02-20 08:36:00+00:00,1.29,476.0,251968
2026-02-20 08:37:00+00:00,0.87,446.5,31726
2026-02-20 08:38:00+00:00,1.01,443.4,35507
2026-02-20 08:39:00+00:00,1.43,481.0,290955
2026-02-20 08:40:00+00:00,1.76,476.2,240476
2026-02-20 08:41:00+00:00,1.59,479.5,250549
2026-02-20 08:42:00+00:00,1.26,484.8,291658
2026-02-20 08:43:00+00:00,1.35,486.8,285176
2026-02-20 08:44:00+00:00,1.11,502.1,262490
2026-02-20 08:45:00+00:00,0.87,508.1,252870
2026-02-20 08:46:00+00:00,0.98,497.9,201440
2026-02-20 08:47:00+00:00,1.00,497.5,234487
2026-02-20 08:48:00+00:00,0.86,505.5,313991
2026-02-20 08:50:00+00:00,1.16,509.0,336014
2026-02-20 08:51:00+00:00,1.10,508.4,329864
2026-02-20 08:52:00+00:00,0.91,505.5,306195
2026-02-20 08:53:00+00:00,0.95,497.3,278231
2026-02-20 08:54:00+00:00,1.17,455.7,64208
2026-02-20 08:55:00+00:00,1.74,518.4,300811
2026-02-20 08:56:00+00:00,0.96,506.8,291568
2026-02-20 08:57:00+00:00,0.95,510.1,307287
2026-02-20 08:58:00+00:00,0.80,477.8,154312
2026-02-20 08:59:00+00:00,0.91,496.3,273225
2026-02-20 09:00:00+00:00,0.95,508.9,345382
2026-02-20 09:01:00+00:00,0.87,501.7,236634
2026-02-20 09:02:00+00:00,0.93,508.9,223413
2026-02-20 09:03:00+00:00,1.00,514.6,261662
2026-02-20 09:04:00+00:00,0.93,509.5,230919
2026-02-20 09:05:00+00:00,0.91,500.7,180516
2026-02-20 09:06:00+00:00,0.96,497.2,178748
2026-02-20 09:07:00+00:00,0.97,527.6,278250
2026-02-20 09:08:00+00:00,0.81,518.8,238574
2026-02-20 09:09:00+00:00,0.81,507.1,202896
2026-02-20 09:10:00+00:00,1.13,526.9,222355
2026-02-20 09:11:00+00:00,0.94,519.8,215987
2026-02-20 09:12:00+00:00,0.68,523.5,222318
2026-02-20 09:13:00+00:00,0.63,497.6,183376
2026-02-20 09:14:00+00:00,0.87,539.9,377909
2026-02-20 09:15:00+00:00,0.94,534.0,370505
2026-02-20 09:16:00+00:00,0.85,516.7,270211
2026-02-20 09:17:00+00:00,0.80,493.1,175510
2026-02-20 09:18:00+00:00,0.91,508.8,286432
2026-02-20 09:19:00+00:00,0.81,518.3,310771
2026-02-20 09:20:00+00:00,0.57,499.9,175525
2026-02-20 09:21:00+00:00,0.51,501.6,166141
2026-02-20 09:22:00+00:00,0.45,518.0,236193
2026-02-20 09:23:00+00:00,1.66,488.2,106888
2026-02-20 09:24:00+00:00,1.50,484.6,98476
2026-02-20 09:25:00+00:00,0.61,469.2,66860
2026-02-20 09:26:00+00:00,0.84,518.5,240775
2026-02-20 09:27:00+00:00,1.35,478.2,83731
2026-02-20 09:28:00+00:00,1.11,493.3,128798
2026-02-20 09:29:00+00:00,1.15,499.7,121839
2026-02-20 09:30:00+00:00,1.71,474.5,71631
2026-02-20 09:31:00+00:00,1.76,483.8,95968
2026-02-20 09:32:00+00:00,1.97,468.3,73542
2026-02-20 09:33:00+00:00,2.16,472.7,73919
2026-02-20 09:34:00+00:00,2.68,482.0,96529
2026-02-20 09:35:00+00:00,2.96,476.2,87133
2026-02-20 09:36:00+00:00,2.52,457.5,56839
2026-02-20 09:37:00+00:00,2.31,457.0,55343
2026-02-20 09:38:00+00:00,2.78,487.6,81312
2026-02-20 09:39:00+00:00,2.72,485.8,87020
2026-02-20 09:40:00+00:00,2.69,474.9,66374
2026-02-20 09:41:00+00:00,2.98,478.5,70124
2026-02-20 09:42:00+00:00,3.78,479.7,75562
2026-02-20 09:43:00+00:00,1.38,466.5,66592
2026-02-20 09:44:00+00:00,2.65,473.5,70477
2026-02-20 09:45:00+00:00,2.65,479.8,75955
2026-02-20 09:46:00+00:00,2.93,490.3,132285
2026-02-20 09:47:00+00:00,2.98,487.3,102387
2026-02-20 09:48:00+00:00,2.16,486.2,95849
2026-02-20 09:49:00+00:00,1.76,483.6,94503
2026-02-20 09:50:00+00:00,2.64,481.0,82408
2026-02-20 09:51:00+00:00,2.64,480.6,82464
2026-02-20 09:52:00+00:00,2.03,484.1,110908
2026-02-20 09:53:00+00:00,2.32,481.8,116646
2026-02-20 09:54:00+00:00,2.69,473.0,82614
2026-02-20 09:55:00+00:00,3.36,482.9,104074
2026-02-20 09:56:00+00:00,4.22,497.0,149697
2026-02-20 09:57:00+00:00,4.01,494.5,141277
2026-02-20 09:58:00+00:00,1.69,466.1,48956
2026-02-20 09:59:00+00:00,1.94,467.8,66570
2026-02-20 10:02:00+00:00,1.88,457.3,46441
2026-02-20 10:03:00+00:00,1.45,459.8,40561
2026-02-20 10:04:00+00:00,1.51,476.9,98303
2026-02-20 10:05:00+00:00,2.13,477.8,98326
2026-02-20 10:06:00+00:00,2.14,469.7,70789
2026-02-20 10:07:00+00:00,1.60,457.6,52699
2026-02-20 10:08:00+00:00,1.72,460.0,63565
2026-02-20 10:09:00+00:00,2.52,475.6,88680
2026-02-20 10:10:00+00:00,2.71,470.9,74517
2026-02-20 10:11:00+00:00,2.21,466.9,65885
2026-02-20 10:12:00+00:00,2.37,477.3,87233
2026-02-20 10:13:00+00:00,2.69,474.0,82135
2026-02-20 10:14:00+00:00,2.04,470.2,66156
2026-02-20 10:15:00+00:00,2.18,464.8,51815
2026-02-20 10:16:00+00:00,2.15,480.6,71917
2026-02-20 10:17:00+00:00,2.29,475.5,89414
2026-02-20 10:18:00+00:00,2.47,468.6,72462
2026-02-20 10:19:00+00:00,2.18,463.9,57293
2026-02-20 10:20:00+00:00,2.26,471.3,68400
2026-02-20 10:21:00+00:00,2.27,469.2,71119
2026-02-20 10:22:00+00:00,1.97,463.8,66863
2026-02-20 10:23:00+00:00,1.82,469.9,71388
2026-02-20 10:24:00+00:00,2.20,475.9,84691
2026-02-20 10:25:00+00:00,3.08,473.4,88493
2026-02-20 10:26:00+00:00,3.17,472.9,73316
2026-02-20 10:27:00+00:00,1.70,471.0,65311
2026-02-20 10:28:00+00:00,2.61,473.5,73833
2026-02-20 10:29:00+00:00,0.62,433.5,35606
2026-02-20 10:30:00+00:00,0.65,434.0,35973
2026-02-20 10:31:00+00:00,2.20,464.7,57637
2026-02-20 10:32:00+00:00,2.63,474.3,79825
2026-02-20 10:33:00+00:00,2.45,468.9,69104
2026-02-20 10:34:00+00:00,1.52,443.4,44266
2026-02-20 10:35:00+00:00,1.48,467.7,107134
2026-02-20 10:36:00+00:00,1.52,483.0,119654
2026-02-20 10:37:00+00:00,1.81,476.4,86664
2026-02-20 10:38:00+00:00,1.86,459.6,53589
2026-02-20 10:39:00+00:00,1.69,457.2,49845
2026-02-20 10:40:00+00:00,1.65,461.7,55701
2026-02-20 10:41:00+00:00,1.56,452.6,49006
2026-02-20 10:42:00+00:00,1.37,453.2,70029
2026-02-20 10:43:00+00:00,1.61,481.9,145687
2026-02-20 10:44:00+00:00,1.92,483.1,182662
2026-02-20 10:45:00+00:00,1.95,464.6,73794
2026-02-20 10:46:00+00:00,1.62,426.0,29742
2026-02-20 10:47:00+00:00,2.21,465.4,62987
2026-02-20 10:48:00+00:00,2.40,476.1,97455
2026-02-20 10:49:00+00:00,1.17,457.6,83219
2026-02-20 10:50:00+00:00,1.98,476.6,118902
2026-02-20 10:51:00+00:00,2.02,467.9,94198
2026-02-20 10:52:00+00:00,1.81,462.1,76858
2026-02-20 10:53:00+00:00,1.68,444.9,49424
2026-02-20 10:54:00+00:00,2.03,463.4,76159
2026-02-20 10:55:00+00:00,2.29,473.9,86771
2026-02-20 10:56:00+00:00,2.08,464.0,64043
2026-02-20 10:57:00+00:00,1.76,465.7,61081
2026-02-20 10:58:00+00:00,1.49,460.4,59873
2026-02-20 10:59:00+00:00,1.16,465.7,81935
2026-02-20 11:00:00+00:00,0.82,464.7,67080
2026-02-20 11:01:00+00:00,0.85,475.8,109796
2026-02-20 11:02:00+00:00,1.11,,
2026-02-20 11:03:00+00:00,1.11,477.0,87138
2026-02-20 11:04:00+00:00,0.69,463.0,69007
2026-02-20 11:05:00+00:00,1.40,469.6,72397
2026-02-20 11:06:00+00:00,1.24,483.6,137294
2026-02-20 11:07:00+00:00,1.19,478.5,109990
2026-02-20 11:08:00+00:00,1.10,474.6,91732
2026-02-20 11:09:00+00:00,1.32,482.1,107138
2026-02-20 11:10:00+00:00,1.24,480.2,104603
2026-02-20 11:11:00+00:00,1.07,473.1,87831
2026-02-20 11:12:00+00:00,1.17,463.8,73427
2026-02-20 11:13:00+00:00,1.37,468.9,97819
2026-02-20 11:14:00+00:00,1.64,491.6,143418
2026-02-20 11:15:00+00:00,1.82,476.0,92341
2026-02-20 11:16:00+00:00,1.89,475.5,98419
2026-02-20 11:17:00+00:00,1.49,465.4,95974
2026-02-20 11:18:00+00:00,2.25,490.2,106657
2026-02-20 11:19:00+00:00,1.30,476.5,105775
2026-02-20 11:20:00+00:00,1.31,471.4,93769
2026-02-20 11:21:00+00:00,1.69,482.9,125579
2026-02-20 11:22:00+00:00,1.41,469.3,113097
2026-02-20 11:23:00+00:00,1.33,469.6,142751
2026-02-20 11:24:00+00:00,1.23,458.3,131242
2026-02-20 11:25:00+00:00,2.07,465.2,152013
2026-02-20 11:26:00+00:00,2.65,461.3,103344
2026-02-20 11:27:00+00:00,3.49,462.6,73636
2026-02-20 11:28:00+00:00,4.66,478.5,115887
2026-02-20 11:29:00+00:00,4.58,477.9,116845
2026-02-20 11:30:00+00:00,3.53,463.7,80505
2026-02-20 11:31:00+00:00,3.33,457.1,81298
2026-02-20 11:32:00+00:00,3.74,458.6,98246
2026-02-20 11:33:00+00:00,4.13,484.2,143527
2026-02-20 11:34:00+00:00,4.26,468.2,88032
2026-02-20 11:36:00+00:00,3.98,470.9,115079
2026-02-20 11:37:00+00:00,2.25,460.6,95623
2026-02-20 11:38:00+00:00,2.20,460.6,90148
2026-02-20 11:39:00+00:00,1.01,473.1,179111
2026-02-20 11:40:00+00:00,1.95,479.3,187875
2026-02-20 11:41:00+00:00,1.88,464.9,120729
2026-02-20 11:42:00+00:00,1.37,457.4,87349
2026-02-20 11:43:00+00:00,0.98,467.3,144726
2026-02-20 11:44:00+00:00,0.63,488.5,232394
2026-02-20 11:45:00+00:00,0.54,497.7,222851
2026-02-20 11:46:00+00:00,0.57,477.0,136459
2026-02-20 11:47:00+00:00,1.12,463.0,139643
2026-02-20 11:48:00+00:00,1.31,466.6,104455
2026-02-20 11:49:00+00:00,1.48,477.6,98393
2026-02-20 11:50:00+00:00,1.00,454.9,102879
2026-02-20 11:51:00+00:00,2.80,465.1,71076
2026-02-20 11:52:00+00:00,3.55,480.9,122395
2026-02-20 11:53:00+00:00,2.83,464.4,72474
2026-02-20 11:54:00+00:00,3.11,465.8,73817
2026-02-20 11:55:00+00:00,2.16,461.0,84813
2026-02-20 11:56:00+00:00,2.01,466.5,103466
2026-02-20 11:57:00+00:00,2.15,463.4,86558
2026-02-20 11:58:00+00:00,2.08,459.1,77899
2026-02-20 11:59:00+00:00,1.95,460.1,82282
2026-02-20 12:00:00+00:00,1.69,458.1,74133
2026-02-20 12:01:00+00:00,1.52,455.5,70003
2026-02-20 12:02:00+00:00,1.96,459.8,80322
2026-02-20 12:03:00+00:00,2.22,461.7,81088
2026-02-20 12:04:00+00:00,1.44,461.3,91377
2026-02-20 12:05:00+00:00,1.32,459.0,87155
2026-02-20 12:06:00+00:00,1.12,458.4,108983
2026-02-20 12:07:00+00:00,2.26,459.3,67927
2026-02-20 12:08:00+00:00,2.26,,
2026-02-20 12:09:00+00:00,2.32,472.9,92529
2026-02-20 12:10:00+00:00,1.61,456.0,65998
2026-02-20 12:11:00+00:00,1.38,457.5,96547
2026-02-20 12:12:00+00:00,1.27,458.3,102196
2026-02-20 12:13:00+00:00,1.28,458.7,96577
2026-02-20 12:14:00+00:00,1.15,448.7,81088
2026-02-20 12:15:00+00:00,1.19,450.0,93990
2026-02-20 12:16:00+00:00,1.43,462.1,120942
2026-02-20 12:17:00+00:00,1.39,462.1,112269
2026-02-20 12:18:00+00:00,1.34,462.4,103183
2026-02-20 12:19:00+00:00,1.58,470.7,127593
2026-02-20 12:20:00+00:00,1.27,463.3,123113
2026-02-20 12:21:00+00:00,1.66,463.7,98395
2026-02-20 12:22:00+00:00,0.30,440.7,87547
2026-02-20 12:23:00+00:00,1.04,468.6,142410
2026-02-20 12:24:00+00:00,1.21,475.2,135473
2026-02-20 12:25:00+00:00,1.60,459.7,82193
2026-02-20 12:26:00+00:00,1.89,460.9,89124
2026-02-20 12:27:00+00:00,0.66,435.3,33143
2026-02-20 12:28:00+00:00,0.97,459.9,63331
2026-02-20 12:29:00+00:00,1.57,456.1,73057
2026-02-20 12:30:00+00:00,1.03,437.4,36354
2026-02-20 12:31:00+00:00,0.75,447.3,69302
2026-02-20 12:32:00+00:00,1.23,462.4,116826
2026-02-20 12:33:00+00:00,1.66,456.0,86408
2026-02-20 12:34:00+00:00,1.82,456.8,106027
2026-02-20 12:35:00+00:00,1.10,474.7,194763
2026-02-20 12:36:00+00:00,0.63,452.1,112159
2026-02-20 12:37:00+00:00,1.47,457.7,91147
2026-02-20 12:38:00+00:00,1.14,466.4,168658
2026-02-20 12:39:00+00:00,0.88,457.7,143961
2026-02-20 12:40:00+00:00,0.84,455.3,132154
2026-02-20 12:41:00+00:00,0.83,455.1,131533
2026-02-20 12:42:00+00:00,1.15,463.4,161559
2026-02-20 12:43:00+00:00,0.98,460.4,146762
2026-02-20 12:44:00+00:00,0.90,454.5,120302
2026-02-20 12:45:00+00:00,1.13,450.7,95677
2026-02-20 12:46:00+00:00,1.20,460.2,133900
2026-02-20 12:47:00+00:00,1.04,458.0,118619
2026-02-20 12:48:00+00:00,0.94,444.3,59498
2026-02-20 12:49:00+00:00,1.02,446.1,79013
2026-02-20 12:50:00+00:00,1.08,452.3,110274
2026-02-20 12:51:00+00:00,0.98,445.4,89979
2026-02-20 12:52:00+00:00,1.28,446.4,90778
2026-02-20 12:53:00+00:00,1.32,432.3,70472
2026-02-20 12:54:00+00:00,3.58,464.7,124028
2026-02-20 12:55:00+00:00,1.97,446.3,100388
2026-02-20 12:56:00+00:00,2.16,447.4,105917
2026-02-20 12:57:00+00:00,0.93,427.4,64156
2026-02-20 12:58:00+00:00,1.73,451.5,87490
2026-02-20 12:59:00+00:00,1.38,446.8,96914
2026-02-20 13:00:00+00:00,1.09,435.8,87574
2026-02-20 13:01:00+00:00,1.27,451.2,133253
2026-02-20 13:02:00+00:00,1.15,447.7,126357
2026-02-20 13:03:00+00:00,0.86,439.9,124916
2026-02-20 13:04:00+00:00,0.72,439.1,155725
2026-02-20 13:05:00+00:00,0.74,443.0,185177
2026-02-20 13:06:00+00:00,0.89,461.6,222157
2026-02-20 13:07:00+00:00,0.80,451.9,170616
2026-02-20 13:08:00+00:00,0.70,454.5,167821
2026-02-20 13:09:00+00:00,0.86,468.0,141840
2026-02-20 13:10:00+00:00,0.77,452.3,168649
2026-02-20 13:11:00+00:00,0.82,447.1,159326
2026-02-20 13:12:00+00:00,0.57,436.7,119391
2026-02-20 13:13:00+00:00,0.84,459.5,252575
2026-02-20 13:14:00+00:00,0.87,462.6,270443
2026-02-20 13:16:00+00:00,1.01,443.5,123317
2026-02-20 13:17:00+00:00,1.19,444.4,94156
2026-02-20 13:18:00+00:00,1.15,440.8,68328
2026-02-20 13:19:00+00:00,1.27,445.0,128146
2026-02-20 13:20:00+00:00,2.77,458.3,160095
2026-02-20 13:21:00+00:00,3.97,463.6,115411
2026-02-20 13:22:00+00:00,3.46,470.3,142159
2026-02-20 13:23:00+00:00,4.49,480.1,139335
2026-02-20 13:24:00+00:00,3.64,427.4,57116
2026-02-20 13:25:00+00:00,4.95,458.0,123206
2026-02-20 13:26:00+00:00,3.28,447.5,187300
2026-02-20 13:27:00+00:00,3.34,433.1,60443
2026-02-20 13:28:00+00:00,4.39,458.0,159519
2026-02-20 13:29:00+00:00,3.81,442.9,95447
2026-02-20 13:30:00+00:00,4.04,446.0,96310
2026-02-20 13:31:00+00:00,2.98,444.9,70791
2026-02-20 13:32:00+00:00,3.09,461.9,132247
2026-02-20 13:33:00+00:00,3.50,457.5,134654
2026-02-20 13:34:00+00:00,3.87,444.1,101848
2026-02-20 13:35:00+00:00,3.82,439.5,85427
2026-02-20 13:36:00+00:00,4.04,446.6,114118
2026-02-20 13:37:00+00:00,4.31,451.7,138855
2026-02-20 13:38:00+00:00,3.78,438.2,84433
2026-02-20 13:39:00+00:00,4.33,440.8,59981
2026-02-20 13:40:00+00:00,4.31,490.1,92115
2026-02-20 13:41:00+00:00,4.75,494.0,159406
2026-02-20 13:42:00+00:00,3.32,459.0,114199
2026-02-20 13:43:00+00:00,4.68,424.7,43036
2026-02-20 13:44:00+00:00,5.73,467.0,92272
2026-02-20 13:45:00+00:00,5.81,475.2,88702
2026-02-20 13:46:00+00:00,5.83,456.5,61177
2026-02-20 13:47:00+00:00,5.84,452.1,55181
2026-02-20 13:48:00+00:00,5.99,514.7,160848
2026-02-20 13:49:00+00:00,5.92,484.0,94718
2026-02-20 13:50:00+00:00,6.01,452.1,55996
2026-02-20 13:51:00+00:00,5.87,464.0,69445
2026-02-20 13:52:00+00:00,5.52,490.7,88258
2026-02-20 13:53:00+00:00,5.42,491.5,90656
2026-02-20 13:54:00+00:00,5.39,478.3,74898
2026-02-20 13:55:00+00:00,4.50,465.0,87003
2026-02-20 13:56:00+00:00,2.00,489.6,171122
2026-02-20 13:57:00+00:00,2.56,484.8,217037
2026-02-20 13:58:00+00:00,5.68,447.4,61584
2026-02-20 13:59:00+00:00,2.58,464.2,92253
2026-02-20 14:00:00+00:00,2.30,461.4,125295
2026-02-20 14:01:00+00:00,2.49,462.1,118385
2026-02-20 14:02:00+00:00,1.98,442.7,76651
2026-02-20 14:03:00+00:00,2.36,470.0,137596
2026-02-20 14:04:00+00:00,2.52,468.0,148569
2026-02-20 14:05:00+00:00,2.58,456.0,107866
2026-02-20 14:06:00+00:00,2.66,454.7,103426
2026-02-20 14:07:00+00:00,2.41,457.0,109514
2026-02-20 14:08:00+00:00,2.15,455.6,100143
2026-02-20 14:09:00+00:00,2.29,451.9,95476
2026-02-20 14:10:00+00:00,2.70,457.8,117381
2026-02-20 14:11:00+00:00,3.12,475.6,174943
2026-02-20 14:12:00+00:00,2.33,459.0,124971
2026-02-20 14:13:00+00:00,2.50,462.8,139384
2026-02-20 14:14:00+00:00,2.87,432.5,73566
2026-02-20 14:15:00+00:00,4.33,487.7,141148
2026-02-20 14:16:00+00:00,3.73,461.2,80157
2026-02-20 14:17:00+00:00,3.79,446.6,61935
2026-02-20 14:18:00+00:00,4.08,472.5,137710
2026-02-20 14:21:00+00:00,3.04,424.0,44130
2026-02-20 14:22:00+00:00,3.76,449.2,78380
2026-02-20 14:23:00+00:00,3.51,458.7,92703
2026-02-20 14:24:00+00:00,2.55,441.8,70224
2026-02-20 14:25:00+00:00,2.49,437.8,64894
2026-02-20 14:26:00+00:00,2.52,446.9,87029
2026-02-20 14:27:00+00:00,2.99,456.0,107008
2026-02-20 14:28:00+00:00,5.65,447.4,67347
2026-02-20 14:29:00+00:00,8.84,421.7,43628
2026-02-20 14:30:00+00:00,2.86,467.4,107718
2026-02-20 14:31:00+00:00,2.91,467.9,133756
2026-02-20 14:32:00+00:00,4.08,468.6,100820
2026-02-20 14:33:00+00:00,4.17,445.7,62125
2026-02-20 14:34:00+00:00,4.63,466.1,115233
2026-02-20 14:35:00+00:00,5.07,489.4,129847
2026-02-20 14:36:00+00:00,4.89,471.1,87834
2026-02-20 14:37:00+00:00,4.12,473.7,97220
2026-02-20 14:38:00+00:00,4.27,484.9,122460
2026-02-20 14:39:00+00:00,4.35,475.2,94715
2026-02-20 14:40:00+00:00,3.99,458.5,56411
2026-02-20 14:41:00+00:00,3.79,464.3,57022
2026-02-20 14:42:00+00:00,3.64,493.2,84444
2026-02-20 14:43:00+00:00,4.45,507.6,123826
2026-02-20 14:44:00+00:00,4.25,483.7,78483
2026-02-20 14:45:00+00:00,4.42,463.5,61580
2026-02-20 14:46:00+00:00,4.89,506.4,136469
2026-02-20 14:47:00+00:00,5.41,466.8,58266
2026-02-20 14:48:00+00:00,3.00,464.9,45555
2026-02-20 14:49:00+00:00,5.17,490.0,87526
2026-02-20 14:50:00+00:00,4.65,502.6,131754
2026-02-20 14:51:00+00:00,5.62,485.5,94174
2026-02-20 14:52:00+00:00,5.28,451.8,59645
2026-02-20 14:53:00+00:00,4.94,439.1,50787
2026-02-20 14:54:00+00:00,4.84,512.9,235071
2026-02-20 14:55:00+00:00,4.75,489.8,160840
2026-02-20 14:56:00+00:00,4.56,467.8,84367
2026-02-20 14:57:00+00:00,4.11,475.4,90720
2026-02-20 14:58:00+00:00,3.52,476.8,89017
2026-02-20 14:59:00+00:00,3.90,464.7,73585
2026-02-20 15:00:00+00:00,5.40,476.6,75602
2026-02-20 15:01:00+00:00,5.06,492.7,94557
2026-02-20 15:02:00+00:00,4.99,499.9,128356
2026-02-20 15:03:00+00:00,4.59,472.1,73906
2026-02-20 15:04:00+00:00,4.70,469.2,74892
2026-02-20 15:05:00+00:00,4.42,494.2,114078
2026-02-20 15:06:00+00:00,4.21,476.2,86705
2026-02-20 15:07:00+00:00,3.69,456.8,60592
2026-02-20 15:08:00+00:00,4.15,462.9,71323
2026-02-20 15:09:00+00:00,3.73,472.5,108357
2026-02-20 15:10:00+00:00,4.07,470.8,98951
2026-02-20 15:11:00+00:00,4.36,445.6,57124
2026-02-20 15:12:00+00:00,3.70,451.3,71284
2026-02-20 15:13:00+00:00,4.05,490.0,118394
2026-02-20 15:14:00+00:00,5.19,479.1,99911
2026-02-20 15:15:00+00:00,4.57,458.7,63052
2026-02-20 15:16:00+00:00,4.61,464.5,76171
2026-02-20 15:17:00+00:00,5.29,495.5,105632
2026-02-20 15:18:00+00:00,5.08,502.0,145738
2026-02-20 15:19:00+00:00,5.41,435.9,57237
2026-02-20 15:20:00+00:00,6.86,496.0,219181
2026-02-20 15:21:00+00:00,5.58,499.2,222613
2026-02-20 15:22:00+00:00,2.58,490.8,141646
2026-02-20 15:23:00+00:00,1.71,462.5,106463
2026-02-20 15:24:00+00:00,2.27,477.2,131203
2026-02-20 15:25:00+00:00,2.38,488.8,156552
2026-02-20 15:26:00+00:00,2.27,489.2,163534
2026-02-20 15:27:00+00:00,2.80,490.2,192632
2026-02-20 15:28:00+00:00,2.82,480.1,155248
2026-02-20 15:29:00+00:00,2.79,466.4,120843
2026-02-20 15:30:00+00:00,2.65,459.8,131068
2026-02-20 15:31:00+00:00,2.86,447.4,99006
2026-02-20 15:32:00+00:00,4.05,467.9,178463
2026-02-20 15:33:00+00:00,3.52,461.9,90992
2026-02-20 15:34:00+00:00,3.94,471.5,104702
2026-02-20 15:35:00+00:00,3.61,455.6,77071
2026-02-20 15:36:00+00:00,4.26,473.0,110021
2026-02-20 15:37:00+00:00,4.45,468.7,102608
2026-02-20 15:38:00+00:00,3.82,459.3,92542
2026-02-20 15:39:00+00:00,4.61,472.8,133987
2026-02-20 15:40:00+00:00,4.50,469.9,110051
2026-02-20 15:41:00+00:00,4.58,465.4,88099
2026-02-20 15:42:00+00:00,4.58,456.4,78118
2026-02-20 15:43:00+00:00,5.18,465.5,71315
2026-02-20 15:44:00+00:00,5.86,485.4,74035
2026-02-20 15:45:00+00:00,6.04,485.2,72749
2026-02-20 15:46:00+00:00,6.39,475.1,60587
2026-02-20 15:47:00+00:00,5.88,477.0,71033
2026-02-20 15:48:00+00:00,6.31,503.0,107342
2026-02-20 15:49:00+00:00,5.64,470.4,65393
2026-02-20 15:50:00+00:00,6.16,450.4,52426
2026-02-20 15:51:00+00:00,6.98,487.4,145310
2026-02-20 15:52:00+00:00,6.16,480.0,86447
2026-02-20 15:53:00+00:00,5.72,476.3,71110
2026-02-20 15:54:00+00:00,6.55,447.3,51198
2026-02-20 15:55:00+00:00,6.16,474.6,83629
2026-02-20 15:56:00+00:00,5.41,487.1,103146
2026-02-20 15:57:00+00:00,4.60,494.5,111839
2026-02-20 15:58:00+00:00,3.59,477.9,90665
2026-02-20 16:00:00+00:00,4.07,481.4,94341
2026-02-20 16:01:00+00:00,4.07,481.4,94341
2026-02-20 16:03:00+00:00,4.51,502.6,156751
2026-02-20 16:04:00+00:00,4.14,478.0,92152
2026-02-20 16:05:00+00:00,4.11,482.0,120239
2026-02-20 16:06:00+00:00,4.85,447.9,61108
2026-02-20 16:07:00+00:00,4.42,491.7,128489
2026-02-20 16:08:00+00:00,4.00,498.7,123827
2026-02-20 16:09:00+00:00,3.90,472.4,83836
2026-02-20 16:10:00+00:00,4.73,496.0,184987
2026-02-20 16:11:00+00:00,4.98,480.0,131722
2026-02-20 16:12:00+00:00,4.72,471.4,91549
2026-02-20 16:13:00+00:00,4.38,456.1,66133
2026-02-20 16:14:00+00:00,4.08,476.5,94267
2026-02-20 16:15:00+00:00,4.91,500.8,155077
2026-02-20 16:16:00+00:00,5.13,483.7,131591
2026-02-20 16:17:00+00:00,3.90,462.9,68514
2026-02-20 16:18:00+00:00,3.83,471.6,95386
2026-02-20 16:19:00+00:00,3.99,482.4,113752
2026-02-20 16:20:00+00:00,3.85,489.0,128655
2026-02-20 16:21:00+00:00,3.35,459.0,72931
2026-02-20 16:22:00+00:00,4.00,503.0,174731
2026-02-20 16:23:00+00:00,6.38,471.4,78871
2026-02-20 16:24:00+00:00,6.07,467.7,72221
2026-02-20 16:25:00+00:00,7.37,428.5,45093
2026-02-20 16:26:00+00:00,6.89,486.6,88736
2026-02-20 16:27:00+00:00,7.10,481.3,101969
2026-02-20 16:28:00+00:00,6.68,462.1,72488
2026-02-20 16:29:00+00:00,6.90,477.1,77942
2026-02-20 16:30:00+00:00,7.15,489.3,101668
2026-02-20 16:31:00+00:00,7.29,484.5,95945
2026-02-20 16:32:00+00:00,7.46,480.1,79692
2026-02-20 16:33:00+00:00,9.42,490.4,122620
2026-02-20 16:34:00+00:00,8.69,486.0,110629
2026-02-20 16:35:00+00:00,6.92,475.8,81269
2026-02-20 16:36:00+00:00,6.92,474.1,78443
2026-02-20 16:37:00+00:00,5.62,450.0,48931
2026-02-20 16:38:00+00:00,7.03,501.3,118267
2026-02-20 16:39:00+00:00,5.64,477.5,83769
2026-02-20 16:40:00+00:00,5.87,462.4,64215
2026-02-20 16:41:00+00:00,6.03,490.0,112346
2026-02-20 16:42:00+00:00,6.68,491.4,118692
2026-02-20 16:43:00+00:00,6.44,482.0,90988
2026-02-20 16:44:00+00:00,6.48,447.4,56849
2026-02-20 16:45:00+00:00,2.60,418.9,30036
2026-02-20 16:46:00+00:00,3.51,456.4,74070
2026-02-20 16:47:00+00:00,6.10,481.0,95447
2026-02-20 16:48:00+00:00,6.17,475.2,86936
2026-02-20 16:49:00+00:00,6.29,486.5,124255
2026-02-20 16:50:00+00:00,5.52,482.7,137145
2026-02-20 16:51:00+00:00,4.82,467.8,89018
2026-02-20 16:52:00+00:00,4.91,452.7,79306
2026-02-20 16:53:00+00:00,5.09,499.3,166571
2026-02-20 16:54:00+00:00,5.45,488.0,148003
2026-02-20 16:55:00+00:00,4.65,468.8,95343
2026-02-20 16:56:00+00:00,5.13,461.9,78772
2026-02-20 16:57:00+00:00,5.25,487.2,91478
2026-02-20 16:58:00+00:00,6.12,499.6,175296
2026-02-20 16:59:00+00:00,5.45,464.4,90470
2026-02-20 17:00:00+00:00,5.09,490.3,85844
2026-02-20 17:01:00+00:00,6.08,500.4,144810
2026-02-20 17:02:00+00:00,6.63,497.0,172089
2026-02-20 17:03:00+00:00,5.77,468.2,110259
2026-02-20 17:04:00+00:00,5.06,462.5,75860
2026-02-20 17:05:00+00:00,5.23,499.3,119258
2026-02-20 17:08:00+00:00,6.42,509.6,135885
2026-02-20 17:09:00+00:00,6.51,512.4,158340
2026-02-20 17:10:00+00:00,4.04,476.9,65233
2026-02-20 17:11:00+00:00,4.27,476.7,66434
2026-02-20 17:12:00+00:00,5.23,512.3,163844
2026-02-20 17:13:00+00:00,5.33,494.9,114632
2026-02-20 17:14:00+00:00,5.20,492.6,123818
2026-02-20 17:15:00+00:00,5.48,487.5,103107
2026-02-20 17:16:00+00:00,5.52,497.0,125412
2026-02-20 17:17:00+00:00,5.68,491.5,116878
2026-02-20 17:18:00+00:00,5.39,476.1,88088
2026-02-20 17:19:00+00:00,5.88,481.3,135745
2026-02-20 17:20:00+00:00,6.14,483.9,155197
2026-02-20 17:21:00+00:00,5.61,471.7,99825
2026-02-20 17:22:00+00:00,5.90,464.8,94013
2026-02-20 17:23:00+00:00,5.29,448.9,70985
2026-02-20 17:24:00+00:00,5.74,498.8,162406
2026-02-20 17:25:00+00:00,5.34,495.8,191690
2026-02-20 17:26:00+00:00,5.98,453.9,70171
2026-02-20 17:27:00+00:00,8.01,464.6,124587
2026-02-20 17:28:00+00:00,8.14,480.2,139513
2026-02-20 17:29:00+00:00,7.16,494.0,130098
2026-02-20 17:30:00+00:00,6.47,461.0,87698
2026-02-20 17:31:00+00:00,5.52,497.3,135807
2026-02-20 17:32:00+00:00,5.63,499.9,152758
2026-02-20 17:33:00+00:00,6.35,496.6,180115
2026-02-20 17:34:00+00:00,6.21,465.5,122896
2026-02-20 17:35:00+00:00,5.26,465.9,144378
2026-02-20 17:36:00+00:00,5.21,488.1,209782
2026-02-20 17:37:00+00:00,5.35,466.2,140195
2026-02-20 17:38:00+00:00,4.25,442.9,70819
2026-02-20 17:39:00+00:00,6.61,502.0,298865
2026-02-20 17:40:00+00:00,6.50,496.6,265713
2026-02-20 17:41:00+00:00,5.75,462.6,74072
2026-02-20 17:42:00+00:00,4.47,429.7,34167
2026-02-20 17:43:00+00:00,6.24,474.8,131986
2026-02-20 17:44:00+00:00,6.17,476.3,117995
2026-02-20 17:45:00+00:00,5.50,471.5,80479
2026-02-20 17:46:00+00:00,4.55,461.6,71259
2026-02-20 17:47:00+00:00,5.36,472.6,101641
2026-02-20 17:48:00+00:00,5.59,478.0,99477
2026-02-20 17:49:00+00:00,4.46,463.1,65568
2026-02-20 17:50:00+00:00,4.48,470.9,91166
2026-02-20 17:51:00+00:00,5.00,477.9,104053
2026-02-20 17:52:00+00:00,5.04,471.7,85531
2026-02-20 17:53:00+00:00,4.39,461.0,71972
2026-02-20 17:54:00+00:00,3.52,451.0,55999
2026-02-20 17:55:00+00:00,5.10,484.7,116484
2026-02-20 17:56:00+00:00,5.39,480.3,119702
2026-02-20 17:57:00+00:00,4.85,470.9,99107
2026-02-20 17:58:00+00:00,6.17,481.9,128144
2026-02-20 17:59:00+00:00,4.86,469.3,89846
2026-02-20 18:00:00+00:00,4.42,468.0,75625
2026-02-20 18:01:00+00:00,3.84,435.9,47289
2026-02-20 18:02:00+00:00,4.65,478.4,83794
2026-02-20 18:03:00+00:00,5.09,489.8,121448
2026-02-20 18:04:00+00:00,6.03,494.7,171970
2026-02-20 18:05:00+00:00,5.39,476.5,111757
2026-02-20 18:06:00+00:00,4.74,472.5,102084
2026-02-20 18:07:00+00:00,5.14,482.6,148644
2026-02-20 18:08:00+00:00,4.23,465.9,112499
2026-02-20 18:09:00+00:00,3.23,456.2,77201
2026-02-20 18:10:00+00:00,5.21,489.4,149565
2026-02-20 18:11:00+00:00,6.12,488.9,160938
2026-02-20 18:12:00+00:00,3.80,464.8,74426
2026-02-20 18:13:00+00:00,3.97,466.2,78954
2026-02-20 18:14:00+00:00,5.79,481.2,128002
2026-02-20 18:15:00+00:00,4.09,471.5,83165
2026-02-20 18:16:00+00:00,4.38,472.0,74130
2026-02-20 18:17:00+00:00,4.79,475.6,115334
2026-02-20 18:18:00+00:00,4.60,471.5,103154
2026-02-20 18:19:00+00:00,5.13,478.6,133431
2026-02-20 18:20:00+00:00,3.16,453.1,79488
2026-02-20 18:21:00+00:00,3.87,475.2,145399
2026-02-20 18:22:00+00:00,5.08,488.4,165249
2026-02-20 18:23:00+00:00,4.52,476.8,115616
2026-02-20 18:24:00+00:00,3.13,457.8,74978
2026-02-20 18:25:00+00:00,2.92,455.6,84027
2026-02-20 18:26:00+00:00,4.49,485.7,154682
2026-02-20 18:27:00+00:00,4.82,476.1,128315
2026-02-20 18:28:00+00:00,3.93,464.8,84972
2026-02-20 18:29:00+00:00,5.42,484.3,134655
2026-02-20 18:30:00+00:00,5.30,482.1,124980
2026-02-20 18:31:00+00:00,4.95,476.1,80445
2026-02-20 18:32:00+00:00,3.80,440.1,36756
2026-02-20 18:33:00+00:00,5.05,482.7,106489
2026-02-20 18:34:00+00:00,5.07,481.7,138598
2026-02-20 18:35:00+00:00,5.01,476.7,138334
2026-02-20 18:36:00+00:00,5.06,478.0,146403
2026-02-20 18:37:00+00:00,5.69,484.0,137134
2026-02-20 18:38:00+00:00,5.24,480.6,121762
2026-02-20 18:39:00+00:00,4.80,474.1,96619
2026-02-20 18:40:00+00:00,5.06,478.7,90563
2026-02-20 18:41:00+00:00,5.40,486.9,122762
2026-02-20 18:42:00+00:00,5.86,485.4,135363
2026-02-20 18:43:00+00:00,5.08,473.0,98650
2026-02-20 18:44:00+00:00,3.33,440.5,43306
2026-02-20 18:45:00+00:00,6.62,516.2,304151
2026-02-20 18:46:00+00:00,6.55,515.0,299769
2026-02-20 18:47:00+00:00,2.46,444.9,41213
2026-02-20 18:48:00+00:00,5.58,496.9,166392
2026-02-20 18:49:00+00:00,6.55,486.5,122272
2026-02-20 18:50:00+00:00,6.00,480.2,87041
2026-02-20 18:51:00+00:00,5.46,471.7,65472
2026-02-20 18:52:00+00:00,5.82,483.7,96601
2026-02-20 18:53:00+00:00,6.48,486.7,115915
2026-02-20 18:54:00+00:00,5.96,477.5,89295
2026-02-20 18:55:00+00:00,4.97,471.9,72924
2026-02-20 18:56:00+00:00,5.06,476.7,99612
2026-02-20 18:57:00+00:00,5.85,482.9,114523
2026-02-20 18:58:00+00:00,5.46,469.9,75814
2026-02-20 18:59:00+00:00,4.38,452.1,58048
2026-02-20 19:00:00+00:00,6.23,496.0,134196
2026-02-20 19:01:00+00:00,6.63,489.3,118790
2026-02-20 19:02:00+00:00,6.88,485.2,116083
2026-02-20 19:03:00+00:00,4.24,437.8,32213
2026-02-20 19:04:00+00:00,5.87,484.1,98430
2026-02-20 19:05:00+00:00,6.30,484.1,104424
2026-02-20 19:06:00+00:00,5.52,472.7,80217
2026-02-20 19:07:00+00:00,4.88,468.7,83043
2026-02-20 19:08:00+00:00,5.43,478.7,159934
2026-02-20 19:09:00+00:00,5.99,476.6,174576
2026-02-20 19:10:00+00:00,4.31,454.5,120223
2026-02-20 19:11:00+00:00,3.22,470.1,174572
2026-02-20 19:12:00+00:00,3.37,501.5,258892
2026-02-20 19:13:00+00:00,2.91,493.0,214395
2026-02-20 19:14:00+00:00,2.97,470.1,140294
2026-02-20 19:15:00+00:00,3.59,455.8,128062
2026-02-20 19:16:00+00:00,4.62,489.9,250970
2026-02-20 19:17:00+00:00,4.25,489.6,211770
2026-02-20 19:20:00+00:00,2.27,468.4,136915
2026-02-20 19:21:00+00:00,2.27,470.0,144140
2026-02-20 19:22:00+00:00,2.61,458.6,122657
2026-02-20 19:23:00+00:00,3.25,490.2,233062
2026-02-20 19:24:00+00:00,2.99,493.8,213826
2026-02-20 19:25:00+00:00,3.43,479.8,184932
2026-02-20 19:26:00+00:00,3.53,469.2,166130
2026-02-20 19:27:00+00:00,3.87,472.8,193533
2026-02-20 19:28:00+00:00,3.84,472.5,200103
2026-02-20 19:29:00+00:00,2.90,460.0,144500
2026-02-20 19:30:00+00:00,2.48,449.4,105661
2026-02-20 19:31:00+00:00,1.86,437.6,52032
2026-02-20 19:32:00+00:00,3.39,465.6,173976
2026-02-20 19:33:00+00:00,3.22,465.4,178382
2026-02-20 19:34:00+00:00,3.02,451.3,137929
2026-02-20 19:35:00+00:00,3.84,481.9,244618
2026-02-20 19:36:00+00:00,4.26,479.4,232811
2026-02-20 19:37:00+00:00,3.80,468.7,197733
2026-02-20 19:38:00+00:00,4.09,465.0,152176
2026-02-20 19:39:00+00:00,3.99,468.3,167785
2026-02-20 19:40:00+00:00,4.06,472.2,182197
2026-02-20 19:41:00+00:00,3.07,452.5,129782
2026-02-20 19:42:00+00:00,3.46,462.0,156429
2026-02-20 19:43:00+00:00,4.77,479.1,229714
2026-02-20 19:44:00+00:00,5.04,472.3,224262
2026-02-20 19:45:00+00:00,3.93,455.2,151400
2026-02-20 19:46:00+00:00,3.06,448.0,125197
2026-02-20 19:47:00+00:00,4.89,474.1,211119
2026-02-20 19:48:00+00:00,5.27,470.6,225634
2026-02-20 19:49:00+00:00,3.07,443.8,114359
2026-02-20 19:50:00+00:00,5.27,482.8,269805
2026-02-20 19:52:00+00:00,5.04,466.7,179103
2026-02-20 19:53:00+00:00,3.09,443.3,107611
2026-02-20 19:54:00+00:00,4.92,471.0,206810
2026-02-20 19:55:00+00:00,4.84,467.5,183881
2026-02-20 19:56:00+00:00,4.49,460.2,151631
2026-02-20 19:57:00+00:00,3.99,452.6,127333
2026-02-20 19:58:00+00:00,4.71,458.2,167695
2026-02-20 19:59:00+00:00,5.08,461.2,191003
2026-02-20 20:00:00+00:00,3.88,448.6,144747
2026-02-20 20:01:00+00:00,3.89,450.6,153887
2026-02-20 20:02:00+00:00,5.62,470.5,221004
2026-02-20 20:03:00+00:00,5.29,461.3,170254
2026-02-20 20:04:00+00:00,5.14,459.4,155831
2026-02-20 20:05:00+00:00,4.73,445.0,111292
2026-02-20 20:06:00+00:00,6.32,486.4,237705
2026-02-20 20:07:00+00:00,6.71,489.3,325632
2026-02-20 20:08:00+00:00,6.07,460.6,198452
2026-02-20 20:09:00+00:00,5.89,458.1,186893
2026-02-20 20:10:00+00:00,5.28,469.7,114752
2026-02-20 20:11:00+00:00,4.80,473.7,113510
2026-02-20 20:12:00+00:00,5.06,470.3,134943
2026-02-20 20:13:00+00:00,4.98,468.1,135693
2026-02-20 20:14:00+00:00,5.20,464.7,134912
2026-02-20 20:15:00+00:00,5.50,461.9,144901
2026-02-20 20:16:00+00:00,5.60,461.9,159021
2026-02-20 20:17:00+00:00,5.63,462.6,163254
2026-02-20 20:18:00+00:00,5.35,463.6,154671
2026-02-20 20:19:00+00:00,5.27,463.7,158736
2026-02-20 20:20:00+00:00,5.90,460.3,167887
2026-02-20 20:21:00+00:00,5.96,458.7,162285
2026-02-20 20:22:00+00:00,5.46,458.8,174024
2026-02-20 20:25:00+00:00,4.65,472.7,190388
2026-02-20 20:26:00+00:00,5.50,459.8,185757
2026-02-20 20:27:00+00:00,5.57,454.6,175244
2026-02-20 20:28:00+00:00,4.80,455.9,154101
2026-02-20 20:29:00+00:00,4.70,456.3,130310
2026-02-20 20:30:00+00:00,4.55,456.9,115824
2026-02-20 20:31:00+00:00,4.65,457.8,114907
2026-02-20 20:32:00+00:00,4.72,459.5,118773
2026-02-20 20:33:00+00:00,4.39,460.9,114121
2026-02-20 20:34:00+00:00,4.46,460.3,105695
2026-02-20 20:35:00+00:00,4.24,461.1,111110
2026-02-20 20:36:00+00:00,4.15,457.2,113488
2026-02-20 20:37:00+00:00,3.87,458.2,105277
2026-02-20 20:38:00+00:00,3.54,462.4,105975
2026-02-20 20:39:00+00:00,4.17,462.9,120810
2026-02-20 20:40:00+00:00,4.28,463.7,104979
2026-02-20 20:41:00+00:00,4.57,468.2,110431
2026-02-20 20:42:00+00:00,4.90,461.4,125059
2026-02-20 20:43:00+00:00,4.25,461.8,139269
2026-02-20 20:44:00+00:00,3.92,471.0,127348
2026-02-20 20:45:00+00:00,3.99,465.8,142775
2026-02-20 20:46:00+00:00,4.57,457.8,157885
2026-02-20 20:47:00+00:00,4.81,461.7,140307
2026-02-20 20:48:00+00:00,5.32,466.9,117937
2026-02-20 20:49:00+00:00,5.68,469.4,109979
2026-02-20 20:50:00+00:00,4.90,477.3,103103
2026-02-20 20:51:00+00:00,5.46,479.1,107584
2026-02-20 20:52:00+00:00,4.47,475.8,110199
2026-02-20 20:53:00+00:00,6.31,466.9,82720
2026-02-20 20:54:00+00:00,5.42,459.7,104812
2026-02-20 20:55:00+00:00,5.23,469.3,100818
2026-02-20 20:58:00+00:00,4.49,476.1,80291
2026-02-20 20:59:00+00:00,4.73,474.6,80281
2026-02-20 21:00:00+00:00,4.59,473.6,86371
2026-02-20 21:01:00+00:00,4.68,470.2,74151
2026-02-20 21:02:00+00:00,4.88,466.4,80557
2026-02-20 21:03:00+00:00,5.77,465.6,80084
2026-02-20 21:04:00+00:00,6.25,464.3,70183
2026-02-20 21:05:00+00:00,5.61,461.5,74494
2026-02-20 21:06:00+00:00,5.93,464.1,67653
2026-02-20 21:07:00+00:00,7.39,469.4,66821
2026-02-20 21:08:00+00:00,7.57,463.7,95281
2026-02-20 21:09:00+00:00,6.53,460.0,93998
2026-02-20 21:10:00+00:00,7.61,457.8,80628
2026-02-20 21:11:00+00:00,6.66,462.7,84456
2026-02-20 21:12:00+00:00,7.14,463.3,56710
2026-02-20 21:13:00+00:00,6.81,461.4,76807
2026-02-20 21:14:00+00:00,8.18,459.3,78550
2026-02-20 21:15:00+00:00,8.28,462.1,74040
2026-02-20 21:16:00+00:00,7.88,460.3,74315
2026-02-20 21:17:00+00:00,6.78,460.3,91798
2026-02-20 21:18:00+00:00,7.56,457.4,95421
2026-02-20 21:19:00+00:00,8.42,457.5,82219
2026-02-20 21:20:00+00:00,8.39,461.1,73964
2026-02-20 21:21:00+00:00,8.57,462.1,77306
2026-02-20 21:22:00+00:00,7.93,464.1,81008
2026-02-20 21:23:00+00:00,6.78,468.4,72431
2026-02-20 21:24:00+00:00,5.47,473.3,65488
2026-02-20 21:25:00+00:00,5.86,461.5,66111
2026-02-20 21:26:00+00:00,5.33,463.5,78829
2026-02-20 21:27:00+00:00,7.52,464.3,64580
2026-02-20 21:28:00+00:00,4.66,469.5,76157
2026-02-20 21:31:00+00:00,8.47,476.7,53375
2026-02-20 21:32:00+00:00,9.67,470.6,65093
2026-02-20 21:33:00+00:00,9.79,469.8,67966
2026-02-20 21:34:00+00:00,8.86,473.1,60489
2026-02-20 21:35:00+00:00,8.31,476.4,57498
2026-02-20 21:36:00+00:00,7.79,475.4,75871
2026-02-20 21:37:00+00:00,6.94,470.2,88349
2026-02-20 21:38:00+00:00,6.57,467.0,71622
2026-02-20 21:39:00+00:00,6.27,466.7,77898
2026-02-20 21:40:00+00:00,5.99,468.3,74401
2026-02-20 21:41:00+00:00,6.07,473.1,70304
2026-02-20 21:42:00+00:00,6.33,470.0,64556
2026-02-20 21:43:00+00:00,5.74,470.6,71709
2026-02-20 21:44:00+00:00,6.55,468.3,76234
2026-02-20 21:45:00+00:00,6.51,464.9,77685
2026-02-20 21:46:00+00:00,7.53,467.4,76365
2026-02-20 21:47:00+00:00,7.01,469.4,78361
2026-02-20 21:48:00+00:00,7.02,467.8,82064
2026-02-20 21:49:00+00:00,8.54,465.3,78625
2026-02-20 21:50:00+00:00,7.38,470.9,80804
2026-02-20 21:51:00+00:00,5.48,473.8,81745
2026-02-20 21:52:00+00:00,5.79,467.1,85327
2026-02-20 21:53:00+00:00,6.42,461.5,93397
2026-02-20 21:54:00+00:00,6.71,461.3,84485
2026-02-20 21:55:00+00:00,7.62,462.9,76370
2026-02-20 21:56:00+00:00,5.81,473.3,93410
2026-02-20 21:57:00+00:00,6.15,472.2,72459
2026-02-20 22:04:00+00:00,11.17,464.1,74467
2026-02-20 22:05:00+00:00,10.92,464.2,73242
2026-02-20 22:06:00+00:00,10.83,463.6,73492
2026-02-20 22:07:00+00:00,10.52,463.7,76346
2026-02-20 22:08:00+00:00,10.35,465.0,77492
2026-02-20 22:09:00+00:00,10.46,465.6,75907
2026-02-20 22:10:00+00:00,10.12,466.3,74804
2026-02-20 22:11:00+00:00,10.41,467.4,74178
2026-02-20 22:12:00+00:00,11.02,464.3,78522
2026-02-20 22:13:00+00:00,11.39,465.7,73945
2026-02-20 22:14:00+00:00,10.20,466.8,72568
2026-02-20 22:15:00+00:00,7.70,465.2,75437
2026-02-20 22:16:00+00:00,7.85,464.8,71643
2026-02-20 22:17:00+00:00,6.88,462.7,55795
2026-02-20 22:18:00+00:00,7.02,462.5,54595
2026-02-20 22:19:00+00:00,6.97,463.5,48681
2026-02-20 22:20:00+00:00,6.22,461.2,50042
2026-02-20 22:21:00+00:00,6.04,462.8,49344
2026-02-20 22:22:00+00:00,6.03,463.5,50988
2026-02-20 22:23:00+00:00,6.38,461.9,53258
2026-02-20 22:24:00+00:00,6.59,460.0,53531
2026-02-20 22:25:00+00:00,6.25,459.3,53156
2026-02-20 22:26:00+00:00,6.35,461.7,51313
2026-02-20 22:27:00+00:00,6.61,464.1,55288
2026-02-20 22:28:00+00:00,6.55,465.7,67408
2026-02-20 22:29:00+00:00,6.05,470.0,67614
2026-02-20 22:30:00+00:00,5.99,474.1,93288
2026-02-20 22:31:00+00:00,5.12,481.3,122064
2026-02-20 22:32:00+00:00,5.55,481.4,89946
2026-02-20 22:33:00+00:00,5.32,479.0,76056
2026-02-20 22:34:00+00:00,5.00,482.8,75433
2026-02-20 22:37:00+00:00,5.59,468.6,100289
2026-02-20 22:38:00+00:00,5.55,468.5,116451
2026-02-20 22:39:00+00:00,6.57,464.2,125641
2026-02-20 22:40:00+00:00,7.31,462.4,105617
2026-02-20 22:41:00+00:00,7.00,465.8,83178
2026-02-20 22:42:00+00:00,7.05,467.5,94178
2026-02-20 22:43:00+00:00,6.37,471.3,121743
2026-02-20 22:44:00+00:00,7.50,463.0,113082
2026-02-20 22:45:00+00:00,8.03,477.8,112509
2026-02-20 22:46:00+00:00,7.68,475.1,119007
2026-02-20 22:47:00+00:00,7.42,476.9,106488
2026-02-20 22:48:00+00:00,8.89,470.1,131627
2026-02-20 22:49:00+00:00,6.96,473.1,124196
2026-02-20 22:50:00+00:00,6.70,473.5,123040
2026-02-20 22:51:00+00:00,6.00,474.6,165115
2026-02-20 22:52:00+00:00,7.24,477.9,146863
2026-02-20 22:53:00+00:00,7.16,484.0,136736
2026-02-20 22:54:00+00:00,6.81,484.0,122053
2026-02-20 22:55:00+00:00,6.64,486.3,105531
2026-02-20 22:56:00+00:00,6.35,491.7,110316
2026-02-20 22:57:00+00:00,6.68,492.6,126379
2026-02-20 22:58:00+00:00,7.60,495.7,125115
2026-02-20 22:59:00+00:00,7.91,499.1,116687
2026-02-20 23:00:00+00:00,8.04,489.4,124745
2026-02-20 23:01:00+00:00,9.44,477.1,147117
2026-02-20 23:02:00+00:00,5.33,487.6,134741
2026-02-20 23:03:00+00:00,8.66,471.9,139809
2026-02-20 23:04:00+00:00,7.54,465.0,159025
2026-02-20 23:05:00+00:00,8.54,468.3,139222
2026-02-20 23:06:00+00:00,8.04,463.9,151795
2026-02-20 23:07:00+00:00,8.21,467.2,137937
2026-02-20 23:10:00+00:00,9.47,468.8,131519
2026-02-20 23:11:00+00:00,7.30,473.7,178962
2026-02-20 23:12:00+00:00,4.45,483.9,232300
2026-02-20 23:13:00+00:00,3.84,489.0,231785
2026-02-20 23:14:00+00:00,3.80,483.3,226487
2026-02-20 23:15:00+00:00,3.17,479.6,240604
2026-02-20 23:16:00+00:00,3.60,487.9,269943
2026-02-20 23:17:00+00:00,3.82,496.1,264946
2026-02-20 23:18:00+00:00,4.44,482.3,149557
2026-02-20 23:19:00+00:00,6.36,481.0,102117
2026-02-20 23:20:00+00:00,6.36,,
2026-02-20 23:21:00+00:00,5.02,488.5,99609
2026-02-20 23:22:00+00:00,4.49,485.0,104919
2026-02-20 23:23:00+00:00,4.26,483.7,106894
2026-02-20 23:24:00+00:00,4.56,483.8,102494
2026-02-20 23:25:00+00:00,4.96,485.4,104188
2026-02-20 23:26:00+00:00,5.50,488.0,100736
2026-02-20 23:27:00+00:00,5.38,488.7,95158
2026-02-20 23:28:00+00:00,5.24,487.9,94051
2026-02-20 23:29:00+00:00,5.90,489.5,93659
2026-02-20 23:30:00+00:00,6.32,492.3,95187
2026-02-20 23:31:00+00:00,6.62,492.7,99216
2026-02-20 23:32:00+00:00,7.35,496.2,98563
2026-02-20 23:33:00+00:00,7.30,493.8,94965
2026-02-20 23:34:00+00:00,6.22,493.3,101782
2026-02-20 23:35:00+00:00,7.98,500.1,105491
2026-02-20 23:36:00+00:00,7.38,500.7,91467
2026-02-20 23:37:00+00:00,8.11,496.7,102452
2026-02-20 23:38:00+00:00,7.89,495.9,92771
2026-02-20 23:39:00+00:00,7.93,498.5,91564
2026-02-20 23:40:00+00:00,8.61,498.6,94261
2026-02-20 23:41:00+00:00,9.05,497.1,88212
2026-02-20 23:42:00+00:00,9.13,496.5,83801
2026-02-20 23:43:00+00:00,7.46,488.3,77914
2026-02-20 23:44:00+00:00,7.27,488.4,78876
2026-02-20 23:45:00+00:00,6.82,488.0,79937
2026-02-20 23:46:00+00:00,6.59,486.9,80345
2026-02-20 23:47:00+00:00,6.78,487.7,81416
2026-02-20 23:48:00+00:00,6.67,490.6,77179
2026-02-20 23:49:00+00:00,7.21,489.5,79443
2026-02-20 23:50:00+00:00,7.02,489.4,75805
2026-02-20 23:51:00+00:00,6.71,492.4,82101
2026-02-20 23:52:00+00:00,6.46,491.7,79801
2026-02-20 23:53:00+00:00,6.88,490.7,79319
2026-02-20 23:54:00+00:00,7.25,491.5,80738
2026-02-20 23:55:00+00:00,7.76,493.6,81159
2026-02-20 23:56:00+00:00,7.54,492.0,83991
2026-02-20 23:57:00+00:00,7.31,492.8,80972
2026-02-20 23:58:00+00:00,7.36,497.2,89687
2026-02-20 23:59:00+00:00,7.61,496.6,91429
2026-02-21 00:00:00+00:00,7.53,492.9,80557
2026-02-21 00:01:00+00:00,7.40,493.0,78819
2026-02-21 00:02:00+00:00,7.50,494.4,84649
2026-02-21 00:03:00+00:00,7.20,497.5,94839
2026-02-21 00:04:00+00:00,8.75,501.8,112154
2026-02-21 00:05:00+00:00,7.96,496.0,98690
2026-02-21 00:06:00+00:00,7.65,497.4,103950
2026-02-21 00:07:00+00:00,8.20,498.2,102832
2026-02-21 00:08:00+00:00,8.82,500.5,99919
2026-02-21 00:09:00+00:00,8.34,499.9,102974
2026-02-21 00:10:00+00:00,7.60,497.3,90786
2026-02-21 00:11:00+00:00,7.33,494.5,92886
2026-02-21 00:12:00+00:00,9.32,496.7,108166
2026-02-21 00:13:00+00:00,9.82,500.6,99785
2026-02-21 00:14:00+00:00,10.93,506.4,90498
2026-02-21 00:15:00+00:00,12.06,509.9,90375
2026-02-21 00:16:00+00:00,10.67,507.8,80782
2026-02-21 00:17:00+00:00,11.00,508.1,85414
2026-02-21 00:18:00+00:00,11.91,512.4,93568
2026-02-21 00:19:00+00:00,12.22,517.3,89255
2026-02-21 00:20:00+00:00,11.14,503.6,81453
2026-02-21 00:21:00+00:00,13.44,515.4,101350
2026-02-21 00:22:00+00:00,13.28,511.1,89256
2026-02-21 00:23:00+00:00,13.86,518.1,85191
2026-02-21 00:24:00+00:00,11.88,508.0,79070
2026-02-21 00:25:00+00:00,8.61,525.1,84608
2026-02-21 00:26:00+00:00,7.48,520.2,80727
2026-02-21 00:27:00+00:00,8.68,510.2,60522
2026-02-21 00:28:00+00:00,9.68,506.3,51767
2026-02-21 00:29:00+00:00,8.99,507.5,54229
2026-02-21 00:30:00+00:00,9.38,508.5,49937
2026-02-21 00:31:00+00:00,9.97,508.9,46190
2026-02-21 00:32:00+00:00,9.67,508.1,44242
2026-02-21 00:33:00+00:00,9.41,506.2,41591
2026-02-21 00:34:00+00:00,9.47,505.2,45414
2026-02-21 00:35:00+00:00,10.11,502.2,44838
2026-02-21 00:36:00+00:00,9.37,502.3,48202
2026-02-21 00:37:00+00:00,9.60,500.7,43390
2026-02-21 00:38:00+00:00,9.17,501.6,47911
2026-02-21 00:39:00+00:00,9.03,502.0,44124
2026-02-21 00:40:00+00:00,8.77,502.7,49634
2026-02-21 00:41:00+00:00,9.43,504.0,48319
2026-02-21 00:42:00+00:00,9.24,504.4,51909
2026-02-21 00:43:00+00:00,10.76,505.0,51730
2026-02-21 00:44:00+00:00,10.66,508.2,55822
2026-02-21 00:45:00+00:00,10.75,507.4,63013
2026-02-21 00:46:00+00:00,11.55,507.3,61987
2026-02-21 00:47:00+00:00,12.30,508.1,56007
2026-02-21 00:48:00+00:00,12.59,507.9,53305
2026-02-21 00:49:00+00:00,12.33,507.7,54454
2026-02-21 00:50:00+00:00,12.40,507.2,53633
2026-02-21 00:51:00+00:00,12.33,507.1,55371
2026-02-21 00:52:00+00:00,11.49,512.6,68997
2026-02-21 00:53:00+00:00,11.79,515.1,67570
2026-02-21 00:54:00+00:00,11.38,512.2,62438
2026-02-21 00:55:00+00:00,12.01,507.6,65401
2026-02-21 00:56:00+00:00,10.95,504.6,68887
2026-02-21 00:57:00+00:00,11.62,506.8,70331
2026-02-21 00:58:00+00:00,13.92,508.3,87597
2026-02-21 00:59:00+00:00,11.79,512.1,73857
2026-02-21 01:00:00+00:00,8.85,509.6,63714
2026-02-21 01:01:00+00:00,9.48,507.0,64779
2026-02-21 01:02:00+00:00,11.00,508.9,68861
2026-02-21 01:03:00+00:00,11.96,510.0,68322
2026-02-21 01:04:00+00:00,12.14,509.4,67454
2026-02-21 01:05:00+00:00,12.04,509.2,70859
2026-02-21 01:06:00+00:00,12.82,508.8,73953
2026-02-21 01:07:00+00:00,12.57,509.3,76056
2026-02-21 01:08:00+00:00,12.18,507.9,75066
2026-02-21 01:09:00+00:00,12.87,510.9,77002
2026-02-21 01:10:00+00:00,9.10,483.2,75022
2026-02-21 01:11:00+00:00,11.39,502.4,81350
2026-02-21 01:12:00+00:00,12.27,501.8,57450
2026-02-21 01:13:00+00:00,14.19,496.0,57082
2026-02-21 01:14:00+00:00,17.03,495.5,56600
2026-02-21 01:15:00+00:00,17.18,496.0,58815
2026-02-21 01:16:00+00:00,16.21,494.2,52881
2026-02-21 01:17:00+00:00,15.36,491.8,47184
2026-02-21 01:18:00+00:00,15.66,490.9,45202
2026-02-21 01:19:00+00:00,15.38,490.0,42990
2026-02-21 01:20:00+00:00,15.02,489.0,42389
2026-02-21 01:21:00+00:00,15.63,489.0,44398
2026-02-21 01:22:00+00:00,14.42,491.1,46726
2026-02-21 01:23:00+00:00,14.54,491.8,45139
2026-02-21 01:24:00+00:00,14.77,493.9,40242
2026-02-21 01:25:00+00:00,13.81,492.5,45487
2026-02-21 01:26:00+00:00,15.49,490.3,50629
2026-02-21 01:27:00+00:00,15.37,485.0,45816
2026-02-21 01:28:00+00:00,16.60,486.0,48943
2026-02-21 01:29:00+00:00,15.36,486.1,47023
2026-02-21 01:30:00+00:00,16.58,488.8,47105
2026-02-21 01:31:00+00:00,15.37,486.4,42150
2026-02-21 01:32:00+00:00,15.79,486.1,44182
2026-02-21 01:33:00+00:00,15.72,485.6,45582
2026-02-21 01:34:00+00:00,15.63,485.5,46885
2026-02-21 01:35:00+00:00,15.72,484.4,47138
2026-02-21 01:36:00+00:00,16.14,482.9,48563
2026-02-21 01:37:00+00:00,16.00,484.6,52372
2026-02-21 01:38:00+00:00,13.93,488.5,50899
2026-02-21 01:39:00+00:00,13.73,489.6,43327
2026-02-21 01:40:00+00:00,16.99,486.3,35984
2026-02-21 01:41:00+00:00,16.51,486.9,39253
2026-02-21 01:42:00+00:00,15.61,487.1,41106
2026-02-21 01:43:00+00:00,15.87,487.7,44204
2026-02-21 01:44:00+00:00,15.42,489.6,46884
2026-02-21 01:45:00+00:00,15.88,491.1,44196
2026-02-21 01:46:00+00:00,14.70,489.5,44847
2026-02-21 01:47:00+00:00,15.56,490.6,50965
2026-02-21 01:48:00+00:00,15.47,488.2,44439
2026-02-21 01:49:00+00:00,15.49,488.5,45741
2026-02-21 01:50:00+00:00,14.47,487.5,48554
2026-02-21 01:51:00+00:00,15.04,487.4,53669
2026-02-21 01:52:00+00:00,17.15,488.4,51495
2026-02-21 01:53:00+00:00,18.05,487.8,41167
2026-02-21 01:54:00+00:00,18.47,488.2,42861
2026-02-21 01:55:00+00:00,19.03,487.1,46500
2026-02-21 01:56:00+00:00,18.64,487.0,46491
2026-02-21 01:57:00+00:00,16.62,486.4,46419
2026-02-21 01:58:00+00:00,18.55,487.8,46289
2026-02-21 01:59:00+00:00,14.34,488.0,54280
2026-02-21 02:00:00+00:00,14.13,490.1,58051
2026-02-21 02:01:00+00:00,13.62,489.2,56888
2026-02-21 02:02:00+00:00,13.46,489.1,54247
2026-02-21 02:03:00+00:00,14.23,489.1,56484
2026-02-21 02:04:00+00:00,14.74,493.7,54803
2026-02-21 02:05:00+00:00,15.31,493.2,54294
2026-02-21 02:06:00+00:00,16.46,488.8,56686
2026-02-21 02:07:00+00:00,17.09,486.2,56337
2026-02-21 02:08:00+00:00,15.18,487.2,58195
2026-02-21 02:09:00+00:00,11.60,488.3,60297
2026-02-21 02:10:00+00:00,10.27,487.1,54819
2026-02-21 02:11:00+00:00,11.44,488.1,57155
2026-02-21 02:12:00+00:00,11.02,488.6,57707
2026-02-21 02:13:00+00:00,12.09,492.8,57587
2026-02-21 02:14:00+00:00,10.63,492.1,56162
2026-02-21 02:15:00+00:00,11.89,493.3,49534
2026-02-21 02:16:00+00:00,11.04,493.0,49837
2026-02-21 02:17:00+00:00,11.81,494.3,44783
2026-02-21 02:18:00+00:00,12.68,492.3,32677
2026-02-21 02:19:00+00:00,12.85,496.2,30708
2026-02-21 02:20:00+00:00,11.97,497.4,33551
2026-02-21 02:21:00+00:00,11.33,498.5,31698
2026-02-21 02:22:00+00:00,11.69,496.3,30539
2026-02-21 02:23:00+00:00,12.64,493.9,30105
2026-02-21 02:24:00+00:00,13.30,493.6,30544
2026-02-21 02:25:00+00:00,14.08,493.2,31570
2026-02-21 02:26:00+00:00,14.34,494.0,32970
2026-02-21 02:27:00+00:00,11.87,495.6,41969
2026-02-21 02:28:00+00:00,10.57,493.4,41569
2026-02-21 02:29:00+00:00,10.64,493.4,41492
2026-02-21 02:30:00+00:00,11.37,492.8,40664
2026-02-21 02:31:00+00:00,10.69,497.5,41885
2026-02-21 02:32:00+00:00,10.48,495.2,42942
2026-02-21 02:33:00+00:00,10.15,493.7,42768
2026-02-21 02:34:00+00:00,11.34,497.3,40785
2026-02-21 02:35:00+00:00,10.97,496.7,43997
2026-02-21 02:36:00+00:00,11.14,496.0,40642
2026-02-21 02:37:00+00:00,10.70,494.5,40506
2026-02-21 02:38:00+00:00,10.94,495.4,39263
2026-02-21 02:39:00+00:00,10.81,495.4,39549
2026-02-21 02:40:00+00:00,10.61,494.6,40784
2026-02-21 02:41:00+00:00,11.28,495.9,39569
2026-02-21 02:42:00+00:00,11.39,497.0,39668
2026-02-21 02:43:00+00:00,11.67,496.7,38685
2026-02-21 02:44:00+00:00,11.54,494.9,43209
2026-02-21 02:45:00+00:00,12.57,494.8,44317
2026-02-21 02:46:00+00:00,11.43,491.7,43231
2026-02-21 02:47:00+00:00,12.64,496.4,52558
2026-02-21 02:48:00+00:00,11.11,493.3,57064
2026-02-21 02:49:00+00:00,11.89,495.1,54876
2026-02-21 02:50:00+00:00,11.56,495.5,58691
2026-02-21 02:51:00+00:00,10.25,494.0,76844
2026-02-21 02:52:00+00:00,8.85,495.8,85940
2026-02-21 02:53:00+00:00,9.42,498.1,77805
2026-02-21 02:54:00+00:00,9.87,502.4,71985
2026-02-21 02:55:00+00:00,9.49,505.3,72503
2026-02-21 02:56:00+00:00,7.67,505.4,95256
2026-02-21 02:57:00+00:00,5.53,501.8,118173
2026-02-21 02:58:00+00:00,6.20,495.2,104636
2026-02-21 02:59:00+00:00,7.59,498.8,117209
2026-02-21 03:00:00+00:00,7.36,511.7,143596
2026-02-21 03:01:00+00:00,4.29,516.4,170794
2026-02-21 03:02:00+00:00,4.28,516.0,169724
2026-02-21 03:03:00+00:00,3.55,493.6,106623
2026-02-21 03:04:00+00:00,4.08,496.5,126208
2026-02-21 03:05:00+00:00,4.29,500.9,176395
2026-02-21 03:06:00+00:00,3.00,495.4,179593
2026-02-21 03:07:00+00:00,2.56,495.2,161714
2026-02-21 03:08:00+00:00,2.81,497.1,162485
2026-02-21 03:09:00+00:00,3.04,500.0,177680
2026-02-21 03:10:00+00:00,2.95,498.8,178115
2026-02-21 03:11:00+00:00,2.60,500.1,176986
2026-02-21 03:12:00+00:00,2.06,505.5,177389
2026-02-21 03:13:00+00:00,1.78,503.2,181232
2026-02-21 03:14:00+00:00,2.00,498.3,193809
2026-02-21 03:15:00+00:00,1.94,508.2,173739
2026-02-21 03:16:00+00:00,2.05,511.0,161760
2026-02-21 03:17:00+00:00,2.04,512.0,165297
2026-02-21 03:18:00+00:00,2.19,518.2,196215
2026-02-21 03:19:00+00:00,2.09,518.0,159796
2026-02-21 03:20:00+00:00,2.05,511.1,161120
2026-02-21 03:21:00+00:00,2.09,507.3,156584
2026-02-21 03:22:00+00:00,2.09,513.8,147330
2026-02-21 03:23:00+00:00,1.93,516.0,150991
2026-02-21 03:24:00+00:00,1.82,513.9,144016
2026-02-21 03:25:00+00:00,1.95,513.9,139224
2026-02-21 03:26:00+00:00,2.15,514.3,141738
2026-02-21 03:27:00+00:00,1.99,510.0,132732
2026-02-21 03:28:00+00:00,1.79,505.6,128953
2026-02-21 03:29:00+00:00,1.89,506.7,136018
2026-02-21 03:30:00+00:00,1.82,510.3,133085
2026-02-21 03:31:00+00:00,1.69,515.3,146003
2026-02-21 03:32:00+00:00,1.87,520.1,137503
2026-02-21 03:33:00+00:00,1.89,513.8,127806
2026-02-21 03:34:00+00:00,2.07,,
2026-02-21 03:35:00+00:00,2.07,509.4,129044
2026-02-21 03:36:00+00:00,2.08,514.4,136721
2026-02-21 03:37:00+00:00,1.93,519.5,146242
2026-02-21 03:38:00+00:00,1.78,517.8,186323
2026-02-21 03:39:00+00:00,1.73,520.4,190278
2026-02-21 03:40:00+00:00,1.93,520.3,191906
2026-02-21 03:41:00+00:00,1.93,519.1,174472
2026-02-21 03:42:00+00:00,1.83,528.1,159477
2026-02-21 03:43:00+00:00,1.81,532.1,161719
2026-02-21 03:44:00+00:00,1.72,525.5,163272
2026-02-21 03:45:00+00:00,1.62,522.3,164369
2026-02-21 03:46:00+00:00,1.81,523.5,169491
2026-02-21 03:47:00+00:00,2.06,525.8,148966
2026-02-21 03:48:00+00:00,1.73,531.5,131324
2026-02-21 03:49:00+00:00,1.62,537.3,117682
2026-02-21 03:50:00+00:00,1.52,528.4,121114
2026-02-21 03:51:00+00:00,1.65,521.4,102024
2026-02-21 03:52:00+00:00,1.81,523.7,110024
2026-02-21 03:53:00+00:00,1.86,533.7,121049
2026-02-21 03:54:00+00:00,1.53,538.3,114263
2026-02-21 03:55:00+00:00,1.52,533.6,115678
2026-02-21 03:56:00+00:00,1.60,532.6,123996
2026-02-21 03:57:00+00:00,1.81,533.2,117587
2026-02-21 03:58:00+00:00,1.84,537.2,114499
2026-02-21 04:00:00+00:00,1.66,532.8,110110
2026-02-21 04:01:00+00:00,1.80,535.0,109736
2026-02-21 04:02:00+00:00,1.94,540.4,116467
2026-02-21 04:03:00+00:00,1.77,543.5,127929
2026-02-21 04:04:00+00:00,2.14,544.4,103502
2026-02-21 04:05:00+00:00,1.83,549.1,114338
2026-02-21 04:06:00+00:00,1.92,559.8,106413
2026-02-21 04:08:00+00:00,1.57,540.2,116015
2026-02-21 04:09:00+00:00,1.54,533.1,114443
2026-02-21 04:10:00+00:00,1.91,532.7,108785
2026-02-21 04:11:00+00:00,1.93,539.5,110496
2026-02-21 04:12:00+00:00,2.02,542.8,113806
2026-02-21 04:13:00+00:00,1.87,541.4,107753
2026-02-21 04:14:00+00:00,1.89,536.9,111373
2026-02-21 04:15:00+00:00,2.26,529.9,105847
2026-02-21 04:16:00+00:00,2.68,523.0,85215
2026-02-21 04:17:00+00:00,2.68,526.5,74435
2026-02-21 04:18:00+00:00,2.32,538.5,76428
2026-02-21 04:19:00+00:00,2.51,537.8,83247
2026-02-21 04:20:00+00:00,2.37,538.9,87759
2026-02-21 04:21:00+00:00,2.38,537.2,79959
2026-02-21 04:22:00+00:00,2.54,543.4,81876
2026-02-21 04:23:00+00:00,2.90,539.0,75183
2026-02-21 04:24:00+00:00,2.80,539.6,73524
2026-02-21 04:25:00+00:00,2.99,538.8,78334
2026-02-21 04:26:00+00:00,2.89,537.2,74221
2026-02-21 04:27:00+00:00,3.07,535.0,77680
2026-02-21 04:28:00+00:00,3.44,529.3,72062
2026-02-21 04:29:00+00:00,3.51,528.6,73596
2026-02-21 04:30:00+00:00,3.50,530.8,73410
2026-02-21 04:31:00+00:00,3.33,530.1,72210
2026-02-21 04:32:00+00:00,2.98,527.7,71244
2026-02-21 04:33:00+00:00,2.97,527.7,70764
2026-02-21 04:34:00+00:00,3.23,530.5,76818
2026-02-21 04:35:00+00:00,3.05,533.6,76661
2026-02-21 04:36:00+00:00,3.04,534.8,71268
2026-02-21 04:37:00+00:00,2.79,534.2,70853
2026-02-21 04:38:00+00:00,3.15,536.4,74728
2026-02-21 04:39:00+00:00,3.15,539.8,69043
2026-02-21 04:40:00+00:00,3.15,,
2026-02-21 04:41:00+00:00,2.67,541.9,63591
2026-02-21 04:42:00+00:00,2.53,542.0,65048
2026-02-21 04:43:00+00:00,2.33,539.3,66771
2026-02-21 04:44:00+00:00,2.37,540.9,63501
2026-02-21 04:45:00+00:00,2.37,541.9,65375
2026-02-21 04:46:00+00:00,2.36,540.1,70045
2026-02-21 04:47:00+00:00,2.41,542.5,73095
2026-02-21 04:48:00+00:00,2.47,547.2,73167
2026-02-21 04:49:00+00:00,2.44,545.7,75598
2026-02-21 04:50:00+00:00,2.26,540.4,80003
2026-02-21 04:51:00+00:00,2.10,538.2,72728
2026-02-21 04:52:00+00:00,1.85,538.1,71564
2026-02-21 04:53:00+00:00,2.29,542.9,64752
2026-02-21 04:54:00+00:00,2.60,545.6,60887
2026-02-21 04:55:00+00:00,2.69,538.4,56633
2026-02-21 04:56:00+00:00,2.57,541.9,56389
2026-02-21 04:57:00+00:00,2.15,541.2,64176
2026-02-21 04:58:00+00:00,2.11,542.4,62417
2026-02-21 04:59:00+00:00,2.00,540.8,58884
2026-02-21 05:00:00+00:00,1.91,539.4,61133
2026-02-21 05:01:00+00:00,2.10,541.2,56357
2026-02-21 05:02:00+00:00,2.12,541.9,51534
2026-02-21 05:03:00+00:00,2.01,540.6,53762
2026-02-21 05:04:00+00:00,2.26,539.3,58278
2026-02-21 05:05:00+00:00,2.63,538.7,58064
2026-02-21 05:06:00+00:00,2.58,538.8,55306
2026-02-21 05:07:00+00:00,2.43,540.1,58467
2026-02-21 05:08:00+00:00,2.47,541.4,58611
2026-02-21 05:09:00+00:00,2.86,543.9,51890
2026-02-21 05:10:00+00:00,2.07,542.7,62325
2026-02-21 05:11:00+00:00,1.89,545.1,66367
2026-02-21 05:12:00+00:00,3.30,533.1,44159
2026-02-21 05:13:00+00:00,3.37,532.5,42991
2026-02-21 05:14:00+00:00,2.12,537.5,52050
2026-02-21 05:15:00+00:00,2.10,530.5,45235
2026-02-21 05:16:00+00:00,2.71,525.0,44112
2026-02-21 05:17:00+00:00,2.42,527.4,44890
2026-02-21 05:18:00+00:00,2.28,525.3,45126
2026-02-21 05:19:00+00:00,2.73,520.5,40026
2026-02-21 05:20:00+00:00,2.96,521.2,38679
2026-02-21 05:21:00+00:00,3.09,525.9,43124
2026-02-21 05:22:00+00:00,3.37,526.6,41453
2026-02-21 05:23:00+00:00,3.03,519.9,43606
2026-02-21 05:24:00+00:00,2.97,521.4,42848
2026-02-21 05:25:00+00:00,2.97,521.6,42774
2026-02-21 05:26:00+00:00,3.00,518.3,41873
2026-02-21 05:27:00+00:00,1.92,526.1,39294
2026-02-21 05:28:00+00:00,3.12,530.4,33036
2026-02-21 05:29:00+00:00,2.53,525.3,39209
2026-02-21 05:30:00+00:00,2.12,523.5,36007
2026-02-21 05:31:00+00:00,2.36,524.5,38637
2026-02-21 05:32:00+00:00,2.28,524.5,35948
2026-02-21 05:33:00+00:00,2.31,522.7,35611
2026-02-21 05:34:00+00:00,2.38,523.5,33395
2026-02-21 05:35:00+00:00,2.54,522.2,31909
2026-02-21 05:36:00+00:00,2.83,520.4,30736
2026-02-21 05:37:00+00:00,2.92,522.0,30137
2026-02-21 05:38:00+00:00,2.63,521.8,34842
2026-02-21 05:39:00+00:00,2.27,521.4,35146
2026-02-21 05:40:00+00:00,2.24,520.8,36894
2026-02-21 05:41:00+00:00,2.62,523.2,30380
2026-02-21 05:42:00+00:00,1.94,518.1,33379
2026-02-21 05:43:00+00:00,2.09,520.0,34670
2026-02-21 05:44:00+00:00,2.71,518.1,34108
2026-02-21 05:45:00+00:00,2.57,518.8,36410
2026-02-21 05:46:00+00:00,2.54,518.9,36718
2026-02-21 05:47:00+00:00,2.75,519.8,37971
2026-02-21 05:48:00+00:00,2.64,521.2,37762
2026-02-21 05:49:00+00:00,2.91,520.1,36554
2026-02-21 05:50:00+00:00,2.70,517.6,34285
2026-02-21 05:51:00+00:00,2.39,515.5,34882
2026-02-21 05:52:00+00:00,2.58,515.1,36271
2026-02-21 05:53:00+00:00,2.56,515.2,37863
2026-02-21 05:54:00+00:00,2.48,515.0,41836
2026-02-21 05:55:00+00:00,3.45,517.0,40756
2026-02-21 05:56:00+00:00,3.61,516.9,42539
2026-02-21 05:57:00+00:00,3.68,516.9,42574
2026-02-21 05:58:00+00:00,4.62,514.4,43945
2026-02-21 05:59:00+00:00,3.57,517.6,48716
2026-02-21 06:00:00+00:00,3.30,515.8,45583
2026-02-21 06:01:00+00:00,3.91,513.3,44938
2026-02-21 06:02:00+00:00,3.87,511.2,43265
2026-02-21 06:03:00+00:00,3.90,510.3,49016
2026-02-21 06:04:00+00:00,3.53,511.0,51497
2026-02-21 06:05:00+00:00,3.43,514.7,48029
2026-02-21 06:06:00+00:00,3.84,514.9,45331
2026-02-21 06:07:00+00:00,4.17,515.5,44999
2026-02-21 06:08:00+00:00,4.02,516.9,45679
2026-02-21 06:09:00+00:00,3.60,516.6,46902
2026-02-21 06:10:00+00:00,3.52,516.9,45204
2026-02-21 06:11:00+00:00,4.16,514.6,40977
2026-02-21 06:12:00+00:00,4.16,513.6,46183
2026-02-21 06:13:00+00:00,4.00,512.5,47364
2026-02-21 06:14:00+00:00,3.77,511.7,49411
2026-02-21 06:15:00+00:00,3.79,510.4,46284
2026-02-21 06:16:00+00:00,3.49,511.9,50477
2026-02-21 06:17:00+00:00,3.86,508.7,43084
2026-02-21 06:18:00+00:00,3.77,510.3,43118
2026-02-21 06:19:00+00:00,3.74,510.7,43352
2026-02-21 06:20:00+00:00,2.82,506.3,50716
2026-02-21 06:21:00+00:00,3.80,505.9,44862
2026-02-21 06:22:00+00:00,4.32,505.9,49825
2026-02-21 06:23:00+00:00,4.03,506.1,56644
2026-02-21 06:24:00+00:00,3.95,508.1,54193
2026-02-21 06:25:00+00:00,3.86,507.8,53277
2026-02-21 06:26:00+00:00,3.38,502.5,58545
2026-02-21 06:27:00+00:00,3.69,502.9,59608
2026-02-21 06:28:00+00:00,4.25,503.6,53799
2026-02-21 06:29:00+00:00,3.98,511.9,60684
2026-02-21 06:30:00+00:00,3.78,508.8,47596
2026-02-21 06:31:00+00:00,3.53,509.2,45895
2026-02-21 06:32:00+00:00,3.35,507.4,42310
2026-02-21 06:33:00+00:00,3.58,506.6,44689
2026-02-21 06:34:00+00:00,3.78,502.3,45368
2026-02-21 06:35:00+00:00,3.47,501.1,50601
2026-02-21 06:36:00+00:00,3.54,498.7,49420
2026-02-21 06:37:00+00:00,4.02,498.4,50291
2026-02-21 06:38:00+00:00,4.25,498.0,51217
2026-02-21 06:39:00+00:00,4.15,496.5,49847
2026-02-21 06:40:00+00:00,4.14,494.5,48021
2026-02-21 06:41:00+00:00,3.89,490.7,45178
2026-02-21 06:42:00+00:00,3.49,490.9,42409
2026-02-21 06:43:00+00:00,3.96,499.9,45753
2026-02-21 06:44:00+00:00,3.41,494.7,52121
2026-02-21 06:45:00+00:00,4.48,493.3,48893
2026-02-21 06:46:00+00:00,4.85,491.5,58738
2026-02-21 06:47:00+00:00,4.46,496.0,51412
2026-02-21 06:48:00+00:00,3.81,496.8,57716
2026-02-21 06:49:00+00:00,4.89,498.2,52151
2026-02-21 06:50:00+00:00,3.99,497.2,55943
2026-02-21 06:51:00+00:00,4.26,496.4,58717
2026-02-21 06:52:00+00:00,4.42,496.2,59299
2026-02-21 06:53:00+00:00,5.00,501.7,50585
2026-02-21 06:54:00+00:00,4.73,502.4,58222
2026-02-21 06:55:00+00:00,4.71,503.3,61651
2026-02-21 06:56:00+00:00,4.69,504.0,62598
2026-02-21 06:57:00+00:00,5.47,504.9,63664
2026-02-21 06:58:00+00:00,6.71,504.9,56758
2026-02-21 06:59:00+00:00,4.64,503.1,59812
2026-02-21 07:00:00+00:00,4.42,503.2,58145
2026-02-21 07:01:00+00:00,4.74,507.6,59058
2026-02-21 07:02:00+00:00,4.65,505.0,54519
2026-02-21 07:03:00+00:00,4.59,505.2,56604
2026-02-21 07:04:00+00:00,5.12,502.9,62341
2026-02-21 07:05:00+00:00,4.57,499.8,63280
2026-02-21 07:06:00+00:00,4.41,497.6,58876
2026-02-21 07:07:00+00:00,4.75,500.0,60011
2026-02-21 07:08:00+00:00,4.77,497.5,60526
2026-02-21 07:09:00+00:00,4.76,494.7,61265
2026-02-21 07:10:00+00:00,4.66,496.0,57733
2026-02-21 07:11:00+00:00,4.91,498.3,57266
2026-02-21 07:12:00+00:00,5.64,504.7,70267
2026-02-21 07:13:00+00:00,5.77,509.6,77091
2026-02-21 07:14:00+00:00,4.60,501.9,54562
2026-02-21 07:15:00+00:00,3.41,492.5,30579
2026-02-21 07:16:00+00:00,4.03,488.4,40453
2026-02-21 07:17:00+00:00,5.69,529.0,100639
2026-02-21 07:18:00+00:00,4.80,505.6,51734
2026-02-21 07:19:00+00:00,5.01,502.4,51218
2026-02-21 07:20:00+00:00,5.20,499.9,62125
2026-02-21 07:21:00+00:00,5.59,500.3,60912
2026-02-21 07:22:00+00:00,7.56,486.1,63850
2026-02-21 07:23:00+00:00,8.33,493.0,56779
2026-02-21 07:24:00+00:00,7.78,498.8,53778
2026-02-21 07:25:00+00:00,7.47,500.0,53590
2026-02-21 07:26:00+00:00,7.20,483.4,47385
2026-02-21 07:27:00+00:00,7.20,484.3,51544
2026-02-21 07:28:00+00:00,8.00,482.0,56364
2026-02-21 07:29:00+00:00,9.15,478.0,62437
2026-02-21 07:30:00+00:00,8.40,482.7,63473
2026-02-21 07:31:00+00:00,6.50,492.5,40038
2026-02-21 07:32:00+00:00,7.22,495.1,39444
2026-02-21 07:33:00+00:00,8.71,495.3,35941
2026-02-21 07:34:00+00:00,8.40,494.0,37548
2026-02-21 07:35:00+00:00,8.17,490.1,35642
2026-02-21 07:36:00+00:00,9.27,488.7,31616
2026-02-21 07:37:00+00:00,7.08,493.6,39232
2026-02-21 07:38:00+00:00,8.12,487.8,37089
2026-02-21 07:39:00+00:00,7.92,485.1,39712
2026-02-21 07:40:00+00:00,9.83,484.9,43920
2026-02-21 07:41:00+00:00,9.49,484.4,37043
2026-02-21 07:42:00+00:00,8.61,492.2,33264
2026-02-21 07:43:00+00:00,9.93,496.8,41050
2026-02-21 07:44:00+00:00,11.72,499.8,51390
2026-02-21 07:45:00+00:00,10.74,512.4,51265
2026-02-21 07:46:00+00:00,8.29,522.5,42595
2026-02-21 07:47:00+00:00,8.83,522.6,41957
2026-02-21 07:48:00+00:00,9.75,519.0,39850
2026-02-21 07:49:00+00:00,9.74,516.5,38847
2026-02-21 07:50:00+00:00,10.66,519.5,37581
2026-02-21 07:51:00+00:00,10.53,513.4,38040
2026-02-21 07:52:00+00:00,10.69,502.8,40912
2026-02-21 07:53:00+00:00,12.30,508.4,42744
2026-02-21 07:54:00+00:00,11.50,496.4,41326
2026-02-21 07:55:00+00:00,7.30,497.8,44759
2026-02-21 07:56:00+00:00,5.67,497.7,47736
2026-02-21 07:57:00+00:00,5.76,494.3,44353
2026-02-21 07:58:00+00:00,5.91,492.7,41758
2026-02-21 07:59:00+00:00,5.06,498.7,42030
2026-02-21 08:00:00+00:00,5.84,494.0,39839
2026-02-21 08:01:00+00:00,6.84,487.0,35166
2026-02-21 08:02:00+00:00,7.05,487.9,33077
2026-02-21 08:03:00+00:00,7.90,491.2,35167
2026-02-21 08:04:00+00:00,7.48,487.5,34809
2026-02-21 08:05:00+00:00,7.61,491.0,36018
2026-02-21 08:06:00+00:00,7.01,493.2,33623
2026-02-21 08:07:00+00:00,8.16,494.9,33366
2026-02-21 08:08:00+00:00,7.13,501.0,42417
2026-02-21 08:09:00+00:00,7.61,504.1,31930
2026-02-21 08:10:00+00:00,7.23,506.5,34711
2026-02-21 08:11:00+00:00,6.99,504.9,33803
2026-02-21 08:12:00+00:00,5.90,505.9,35515
2026-02-21 08:13:00+00:00,6.34,506.4,30861
2026-02-21 08:14:00+00:00,6.48,508.4,30255
2026-02-21 08:15:00+00:00,6.55,509.7,30487
2026-02-21 08:16:00+00:00,6.44,510.4,30802
2026-02-21 08:17:00+00:00,5.46,511.0,35143
2026-02-21 08:18:00+00:00,5.35,509.6,35151
2026-02-21 08:19:00+00:00,6.19,511.1,31962
2026-02-21 08:20:00+00:00,7.13,510.4,31147
2026-02-21 08:21:00+00:00,6.81,510.2,31718
2026-02-21 08:22:00+00:00,7.50,509.4,28172
2026-02-21 08:23:00+00:00,5.10,513.4,41481
2026-02-21 08:24:00+00:00,4.79,512.7,37802
2026-02-21 08:25:00+00:00,6.58,515.7,38146
2026-02-21 08:26:00+00:00,5.43,512.9,42001
2026-02-21 08:27:00+00:00,5.12,512.6,41860
2026-02-21 08:28:00+00:00,4.57,512.1,49285
2026-02-21 08:29:00+00:00,4.33,513.2,50810
2026-02-21 08:30:00+00:00,4.45,513.2,49072
2026-02-21 08:31:00+00:00,4.53,512.5,48702
2026-02-21 08:32:00+00:00,4.53,512.1,53497
2026-02-21 08:33:00+00:00,4.75,517.0,65103
2026-02-21 08:34:00+00:00,4.95,522.7,79312
2026-02-21 08:35:00+00:00,4.33,513.5,59915
2026-02-21 08:36:00+00:00,3.96,506.0,52728
2026-02-21 08:37:00+00:00,3.97,477.5,32024
2026-02-21 08:38:00+00:00,5.16,528.9,67519
2026-02-21 08:39:00+00:00,4.02,509.8,53623
2026-02-21 08:40:00+00:00,3.88,474.0,32102
2026-02-21 08:41:00+00:00,4.64,518.4,66726
2026-02-21 08:42:00+00:00,5.05,528.0,74992
2026-02-21 08:43:00+00:00,4.48,512.9,57933
2026-02-21 08:44:00+00:00,3.67,477.0,31834
2026-02-21 08:45:00+00:00,4.70,508.7,66818
2026-02-21 08:46:00+00:00,5.46,524.6,79051
2026-02-21 08:47:00+00:00,5.09,511.0,61310
2026-02-21 08:48:00+00:00,4.69,511.1,57290
2026-02-21 08:49:00+00:00,4.65,518.6,68180
2026-02-21 08:50:00+00:00,4.56,520.3,79117
2026-02-21 08:51:00+00:00,4.23,511.8,62561
2026-02-21 08:52:00+00:00,4.68,507.5,51328
2026-02-21 08:53:00+00:00,5.24,514.8,55048
2026-02-21 08:54:00+00:00,7.37,528.1,66910
2026-02-21 08:55:00+00:00,6.82,511.5,43408
2026-02-21 08:56:00+00:00,6.91,483.7,27732
2026-02-21 08:57:00+00:00,7.59,521.4,52035
2026-02-21 08:58:00+00:00,7.55,506.9,38420
2026-02-21 08:59:00+00:00,5.76,508.6,51051
2026-02-21 09:00:00+00:00,6.04,518.4,75703
2026-02-21 09:01:00+00:00,6.67,521.0,81839
2026-02-21 09:02:00+00:00,4.58,506.4,50364
2026-02-21 09:03:00+00:00,4.32,504.0,42351
2026-02-21 09:04:00+00:00,5.99,513.9,59819
2026-02-21 09:05:00+00:00,8.01,570.1,272776
2026-02-21 09:06:00+00:00,6.76,550.2,205044
2026-02-21 09:07:00+00:00,3.92,499.3,36780
2026-02-21 09:08:00+00:00,5.43,501.7,55601
2026-02-21 09:09:00+00:00,8.50,526.1,94916
2026-02-21 09:10:00+00:00,24.37,508.7,43855
2026-02-21 09:11:00+00:00,6.52,511.4,60160
2026-02-21 09:12:00+00:00,6.55,542.5,81567
2026-02-21 09:13:00+00:00,6.45,533.1,74300
2026-02-21 09:14:00+00:00,5.55,514.1,59245
2026-02-21 09:15:00+00:00,5.66,513.9,57104
2026-02-21 09:16:00+00:00,5.81,537.8,72401
2026-02-21 09:17:00+00:00,5.68,530.8,68653
2026-02-21 09:18:00+00:00,5.37,512.8,58305
2026-02-21 09:19:00+00:00,5.51,509.8,54872
2026-02-21 09:20:00+00:00,5.77,510.8,54672
2026-02-21 09:21:00+00:00,5.61,511.1,56922
2026-02-21 09:22:00+00:00,5.66,500.3,53279
2026-02-21 09:23:00+00:00,5.85,468.5,40126
2026-02-21 09:24:00+00:00,5.11,510.9,60480
2026-02-21 09:25:00+00:00,5.16,527.0,70092
2026-02-21 09:26:00+00:00,6.11,513.5,64599
2026-02-21 09:27:00+00:00,5.80,509.0,62329
2026-02-21 09:28:00+00:00,6.11,524.8,80460
2026-02-21 09:29:00+00:00,5.39,525.4,86461
2026-02-21 09:30:00+00:00,5.86,479.2,42363
2026-02-21 09:31:00+00:00,5.92,498.6,53086
2026-02-21 09:32:00+00:00,6.11,520.2,70766
2026-02-21 09:33:00+00:00,5.98,519.5,67573
2026-02-21 09:34:00+00:00,5.89,483.4,43279
2026-02-21 09:35:00+00:00,5.80,481.6,44256
2026-02-21 09:36:00+00:00,5.79,514.8,70084
2026-02-21 09:37:00+00:00,5.97,524.5,81256
2026-02-21 09:38:00+00:00,7.61,536.1,165119
2026-02-21 09:39:00+00:00,7.14,529.7,141638
2026-02-21 09:40:00+00:00,5.23,504.9,54008
2026-02-21 09:41:00+00:00,4.19,491.8,37578
2026-02-21 09:42:00+00:00,4.55,458.2,27813
2026-02-21 09:43:00+00:00,4.93,509.6,55948
2026-02-21 09:44:00+00:00,5.13,526.5,64601
2026-02-21 09:45:00+00:00,4.40,526.4,76086
2026-02-21 09:46:00+00:00,4.88,498.6,44000
2026-02-21 09:47:00+00:00,4.48,505.7,51019
2026-02-21 09:48:00+00:00,4.50,512.5,59018
2026-02-21 09:49:00+00:00,3.96,494.1,41762
2026-02-21 09:50:00+00:00,3.58,482.0,30129
2026-02-21 09:51:00+00:00,4.98,512.4,53184
2026-02-21 09:52:00+00:00,5.16,519.0,61397
2026-02-21 09:53:00+00:00,5.41,528.2,72896
2026-02-21 09:54:00+00:00,5.59,505.2,40156
2026-02-21 09:55:00+00:00,5.26,505.8,42694
2026-02-21 09:56:00+00:00,4.08,507.8,50062
2026-02-21 09:57:00+00:00,4.16,505.0,40382
2026-02-21 10:03:00+00:00,4.31,506.2,34764
2026-02-21 10:04:00+00:00,3.48,506.0,42603
2026-02-21 10:05:00+00:00,4.07,505.0,40866
2026-02-21 10:06:00+00:00,3.90,504.6,43275
2026-02-21 10:07:00+00:00,3.74,504.6,43792
2026-02-21 10:08:00+00:00,3.86,504.9,42591
2026-02-21 10:09:00+00:00,3.30,505.7,47173
2026-02-21 10:11:00+00:00,3.55,512.9,35805
2026-02-21 10:12:00+00:00,3.75,511.9,35531
2026-02-21 10:13:00+00:00,4.74,506.6,34589
2026-02-21 10:14:00+00:00,3.47,507.4,41020
2026-02-21 10:15:00+00:00,5.75,507.1,27353
2026-02-21 10:16:00+00:00,5.70,510.6,31090
2026-02-21 10:17:00+00:00,5.83,508.3,28732
2026-02-21 10:18:00+00:00,5.75,510.1,31289
2026-02-21 10:19:00+00:00,5.96,507.2,28409
2026-02-21 10:20:00+00:00,6.11,507.2,31871
2026-02-21 10:21:00+00:00,7.00,508.5,31908
2026-02-21 10:22:00+00:00,7.09,509.8,33561
2026-02-21 10:23:00+00:00,6.18,508.0,36899
2026-02-21 10:24:00+00:00,5.45,506.1,37832
2026-02-21 10:25:00+00:00,5.55,507.7,37187
2026-02-21 10:26:00+00:00,5.69,508.0,37857
2026-02-21 10:27:00+00:00,4.93,505.5,40758
2026-02-21 10:28:00+00:00,5.91,504.3,36089
2026-02-21 10:29:00+00:00,5.19,502.9,41080
2026-02-21 10:30:00+00:00,6.01,502.8,37748
2026-02-21 10:31:00+00:00,4.75,506.6,38922
2026-02-21 10:32:00+00:00,6.22,504.2,37408
2026-02-21 10:33:00+00:00,5.55,503.9,38944
2026-02-21 10:34:00+00:00,6.43,504.1,33982
2026-02-21 10:35:00+00:00,6.71,504.8,38416
2026-02-21 10:36:00+00:00,7.01,504.5,35292
2026-02-21 10:37:00+00:00,6.56,504.4,37240
2026-02-21 10:38:00+00:00,6.66,503.7,37116
2026-02-21 10:39:00+00:00,6.76,504.1,36624
2026-02-21 10:40:00+00:00,6.53,504.4,36967
2026-02-21 10:41:00+00:00,6.32,502.7,35911
2026-02-21 10:42:00+00:00,5.78,501.8,37992
2026-02-21 10:44:00+00:00,6.13,500.7,38924
2026-02-21 10:45:00+00:00,6.17,500.6,38621
2026-02-21 10:46:00+00:00,6.60,498.9,35376
2026-02-21 10:47:00+00:00,6.17,499.3,40736
2026-02-21 10:48:00+00:00,6.16,496.9,35567
2026-02-21 10:49:00+00:00,5.88,498.3,38510
2026-02-21 10:50:00+00:00,5.24,496.7,37981
2026-02-21 10:51:00+00:00,5.49,495.0,37836
2026-02-21 10:52:00+00:00,6.36,494.5,35104
2026-02-21 10:53:00+00:00,6.17,494.2,35722
2026-02-21 10:54:00+00:00,6.98,498.4,31663
2026-02-21 10:55:00+00:00,7.17,501.5,29767
2026-02-21 10:56:00+00:00,6.74,501.2,30278
2026-02-21 10:57:00+00:00,7.07,501.3,29102
2026-02-21 10:58:00+00:00,7.03,500.9,30683
2026-02-21 10:59:00+00:00,7.73,500.7,27673
2026-02-21 11:00:00+00:00,7.66,502.3,30540
2026-02-21 11:01:00+00:00,8.70,501.8,28449
2026-02-21 11:02:00+00:00,7.12,500.5,30236
2026-02-21 11:03:00+00:00,8.60,500.1,27517
2026-02-21 11:04:00+00:00,7.54,497.7,30642
2026-02-21 11:05:00+00:00,7.57,499.9,28610
2026-02-21 11:06:00+00:00,6.60,498.0,31837
2026-02-21 11:07:00+00:00,6.95,496.1,31074
2026-02-21 11:08:00+00:00,6.08,495.8,30339
2026-02-21 11:09:00+00:00,5.88,495.4,31014
2026-02-21 11:10:00+00:00,5.89,496.1,31941
2026-02-21 11:11:00+00:00,6.22,497.2,30614
2026-02-21 11:12:00+00:00,6.18,497.2,30241
2026-02-21 11:13:00+00:00,5.91,496.6,31187
2026-02-21 11:14:00+00:00,6.76,494.8,29341
2026-02-21 11:15:00+00:00,6.45,490.9,29651
2026-02-21 11:17:00+00:00,6.16,494.5,30559
2026-02-21 11:18:00+00:00,6.14,494.5,30628
2026-02-21 11:19:00+00:00,5.14,496.2,34674
2026-02-21 11:20:00+00:00,5.85,495.1,28934
2026-02-21 11:21:00+00:00,4.52,495.3,34857
2026-02-21 11:22:00+00:00,6.13,497.1,28915
2026-02-21 11:23:00+00:00,5.49,494.9,30870
2026-02-21 11:24:00+00:00,5.76,494.8,31378
2026-02-21 11:25:00+00:00,5.42,491.9,31269
2026-02-21 11:26:00+00:00,5.23,489.6,30999
2026-02-21 11:27:00+00:00,5.47,489.2,30443
2026-02-21 11:28:00+00:00,5.60,489.7,28668
2026-02-21 11:29:00+00:00,5.72,488.6,27016
2026-02-21 11:30:00+00:00,5.46,484.9,29071
2026-02-21 11:31:00+00:00,4.74,485.3,30975
2026-02-21 11:32:00+00:00,5.22,489.1,27258
2026-02-21 11:33:00+00:00,5.97,492.3,27927
2026-02-21 11:34:00+00:00,6.10,493.6,28466
2026-02-21 11:35:00+00:00,6.83,492.1,27772
2026-02-21 11:36:00+00:00,5.92,492.0,27698
2026-02-21 11:37:00+00:00,6.57,493.9,27086
2026-02-21 11:38:00+00:00,6.29,491.9,26969
2026-02-21 11:39:00+00:00,6.72,491.7,25768
2026-02-21 11:40:00+00:00,5.23,489.2,26538
2026-02-21 11:41:00+00:00,6.11,489.9,27093
2026-02-21 11:42:00+00:00,6.68,489.5,27250
2026-02-21 11:43:00+00:00,6.18,484.4,27535
2026-02-21 11:44:00+00:00,6.31,481.1,27240
2026-02-21 11:45:00+00:00,6.60,482.7,26999
2026-02-21 11:46:00+00:00,6.54,483.3,27005
2026-02-21 11:47:00+00:00,6.56,483.5,25686
2026-02-21 11:48:00+00:00,6.33,483.7,27935
2026-02-21 11:50:00+00:00,6.50,,
2026-02-21 11:51:00+00:00,6.50,481.3,23577
2026-02-21 11:52:00+00:00,6.28,484.4,25967
2026-02-21 11:53:00+00:00,6.22,479.8,21850
2026-02-21 11:54:00+00:00,6.70,480.6,26061
2026-02-21 11:55:00+00:00,6.86,478.6,22102
2026-02-21 11:56:00+00:00,6.58,477.8,23320
2026-02-21 11:57:00+00:00,7.24,478.4,22811
2026-02-21 11:58:00+00:00,7.38,478.6,23886
2026-02-21 11:59:00+00:00,6.39,476.3,23940
2026-02-21 12:00:00+00:00,5.72,473.3,22887
2026-02-21 12:01:00+00:00,5.90,473.4,22214
2026-02-21 12:02:00+00:00,6.02,473.6,19634
2026-02-21 12:03:00+00:00,5.74,470.3,22121
2026-02-21 12:04:00+00:00,5.22,473.1,23039
2026-02-21 12:05:00+00:00,6.87,471.8,20575
2026-02-21 12:06:00+00:00,7.00,473.3,18581
2026-02-21 12:07:00+00:00,6.90,471.6,20845
2026-02-21 12:08:00+00:00,6.82,471.9,23061
2026-02-21 12:09:00+00:00,7.90,467.8,20392
2026-02-21 12:10:00+00:00,7.00,468.2,23091
2026-02-21 12:11:00+00:00,6.69,465.5,20490
2026-02-21 12:12:00+00:00,6.44,465.4,24405
2026-02-21 12:13:00+00:00,7.16,464.7,22274
2026-02-21 12:14:00+00:00,7.87,466.7,21378
2026-02-21 12:15:00+00:00,8.14,467.4,21950
2026-02-21 12:16:00+00:00,8.09,464.4,21965
2026-02-21 12:17:00+00:00,8.51,461.5,22925
2026-02-21 12:18:00+00:00,8.70,459.9,22491
2026-02-21 12:19:00+00:00,6.40,460.5,23606
2026-02-21 12:20:00+00:00,7.69,458.0,23897
2026-02-21 12:21:00+00:00,7.68,459.0,28209
2026-02-21 12:24:00+00:00,8.47,459.3,23017
2026-02-21 12:25:00+00:00,6.99,459.3,29162
2026-02-21 12:26:00+00:00,8.18,460.6,26420
2026-02-21 12:27:00+00:00,7.08,459.6,27124
2026-02-21 12:28:00+00:00,7.35,461.9,23589
2026-02-21 12:29:00+00:00,7.41,464.8,22801
2026-02-21 12:30:00+00:00,7.65,464.9,21852
2026-02-21 12:31:00+00:00,7.56,463.9,21230
2026-02-21 12:32:00+00:00,7.67,462.8,20657
2026-02-21 12:33:00+00:00,8.09,462.8,20209
2026-02-21 12:34:00+00:00,7.28,464.0,23107
2026-02-21 12:35:00+00:00,7.25,463.2,23648
2026-02-21 12:36:00+00:00,7.76,463.5,22776
2026-02-21 12:37:00+00:00,7.89,460.7,21674
2026-02-21 12:38:00+00:00,7.56,461.9,25078
2026-02-21 12:39:00+00:00,8.48,461.7,22039
2026-02-21 12:40:00+00:00,7.43,461.8,22126
2026-02-21 12:41:00+00:00,7.31,460.7,19703
2026-02-21 12:42:00+00:00,6.58,463.4,25389
2026-02-21 12:43:00+00:00,8.07,461.7,22208
2026-02-21 12:44:00+00:00,8.12,462.7,22922
2026-02-21 12:45:00+00:00,8.24,462.2,21308
2026-02-21 12:46:00+00:00,8.57,462.6,22910
2026-02-21 12:47:00+00:00,8.72,461.7,22719
2026-02-21 12:48:00+00:00,8.34,460.9,20969
2026-02-21 12:49:00+00:00,7.85,462.8,22770
2026-02-21 12:50:00+00:00,7.84,463.1,23464
2026-02-21 12:51:00+00:00,7.41,463.2,24801
2026-02-21 12:52:00+00:00,7.98,462.7,23694
2026-02-21 12:53:00+00:00,6.23,464.6,26689
2026-02-21 12:54:00+00:00,6.91,463.2,22300
2026-02-21 12:57:00+00:00,7.91,462.9,19043
2026-02-21 12:58:00+00:00,7.79,466.0,19804
2026-02-21 12:59:00+00:00,8.41,462.8,22014
2026-02-21 13:00:00+00:00,7.31,463.9,25073
2026-02-21 13:01:00+00:00,6.06,463.5,24305
2026-02-21 13:02:00+00:00,6.32,465.6,23737
2026-02-21 13:03:00+00:00,6.68,469.0,23740
2026-02-21 13:04:00+00:00,6.51,469.3,22013
2026-02-21 13:05:00+00:00,6.56,467.4,20222
2026-02-21 13:06:00+00:00,6.54,466.7,20437
2026-02-21 13:07:00+00:00,6.13,469.0,21161
2026-02-21 13:08:00+00:00,5.01,469.1,20162
2026-02-21 13:09:00+00:00,4.72,470.3,20223
2026-02-21 13:10:00+00:00,4.30,469.0,21678
2026-02-21 13:11:00+00:00,4.38,469.1,20325
2026-02-21 13:12:00+00:00,4.30,465.9,21178
2026-02-21 13:13:00+00:00,3.94,469.1,21541
2026-02-21 13:14:00+00:00,4.12,469.0,24514
2026-02-21 13:15:00+00:00,4.64,468.6,22582
2026-02-21 13:16:00+00:00,4.36,467.6,22702
2026-02-21 13:17:00+00:00,4.49,466.7,21485
2026-02-21 13:18:00+00:00,4.77,465.3,18115
2026-02-21 13:19:00+00:00,4.72,466.0,18635
2026-02-21 13:20:00+00:00,4.95,466.6,21650
2026-02-21 13:21:00+00:00,3.96,457.5,20006
2026-02-21 13:22:00+00:00,2.86,451.9,23565
2026-02-21 13:23:00+00:00,7.35,473.1,41311
2026-02-21 13:24:00+00:00,8.77,472.7,32038
2026-02-21 13:25:00+00:00,7.98,465.7,15379
2026-02-21 13:26:00+00:00,1.24,452.8,
2026-02-21 13:27:00+00:00,12.27,480.5,45368
2026-02-21 13:28:00+00:00,7.40,471.8,17678
2026-02-21 13:29:00+00:00,7.15,471.4,16221
2026-02-21 13:30:00+00:00,7.64,478.5,13036
2026-02-21 13:31:00+00:00,4.49,467.7,13036
2026-02-21 13:32:00+00:00,4.22,469.0,10231
2026-02-21 13:33:00+00:00,5.21,471.2,12982
2026-02-21 13:34:00+00:00,7.80,479.2,29404
2026-02-21 13:35:00+00:00,7.84,480.0,31361
2026-02-21 13:36:00+00:00,5.68,473.2,20585
2026-02-21 13:37:00+00:00,5.66,475.3,31525
2026-02-21 13:38:00+00:00,6.17,479.0,26070
2026-02-21 13:39:00+00:00,5.50,474.8,12530
2026-02-21 13:40:00+00:00,4.47,474.1,13388
2026-02-21 13:41:00+00:00,5.99,476.9,15460
2026-02-21 13:42:00+00:00,9.29,490.2,42739
2026-02-21 13:43:00+00:00,6.14,477.0,17117
2026-02-21 13:44:00+00:00,2.71,465.6,11676
2026-02-21 13:45:00+00:00,6.85,476.5,18955
2026-02-21 13:46:00+00:00,6.54,475.3,20544
2026-02-21 13:47:00+00:00,5.47,471.6,14452
2026-02-21 13:48:00+00:00,5.92,471.3,17508
2026-02-21 13:49:00+00:00,5.85,470.3,14518
2026-02-21 13:50:00+00:00,6.03,470.7,15580
2026-02-21 13:51:00+00:00,5.21,470.8,15677
2026-02-21 13:52:00+00:00,2.71,464.1,11236
2026-02-21 13:53:00+00:00,3.48,464.3,17221
2026-02-21 13:54:00+00:00,7.76,477.2,26227
2026-02-21 13:55:00+00:00,6.91,472.4,16210
2026-02-21 13:56:00+00:00,7.33,474.1,15803
2026-02-21 13:57:00+00:00,5.94,471.6,15300
2026-02-21 13:58:00+00:00,6.21,473.6,14451
2026-02-21 13:59:00+00:00,5.57,468.7,13985
2026-02-21 14:00:00+00:00,0.51,457.7,20359
2026-02-21 14:01:00+00:00,4.27,478.6,16091
2026-02-21 14:02:00+00:00,4.80,481.4,15483
2026-02-21 14:03:00+00:00,6.46,476.7,17224
2026-02-21 14:04:00+00:00,3.41,460.7,17224
2026-02-21 14:05:00+00:00,4.72,468.6,27431
2026-02-21 14:06:00+00:00,7.49,479.8,27797
2026-02-21 14:07:00+00:00,7.00,477.7,26789
2026-02-21 14:08:00+00:00,5.36,472.2,21647
2026-02-21 14:09:00+00:00,5.36,470.2,14972
2026-02-21 14:10:00+00:00,5.44,469.4,13430
2026-02-21 14:11:00+00:00,3.70,459.5,16267
2026-02-21 14:12:00+00:00,1.00,443.0,21879
2026-02-21 14:13:00+00:00,4.34,475.1,22289
2026-02-21 14:14:00+00:00,10.25,488.4,26739
2026-02-21 14:15:00+00:00,3.17,470.2,23449
2026-02-21 14:16:00+00:00,5.98,480.7,39447
2026-02-21 14:17:00+00:00,4.27,470.8,21118
2026-02-21 14:18:00+00:00,3.30,465.5,16066
2026-02-21 14:19:00+00:00,1.86,455.7,12826
2026-02-21 14:20:00+00:00,3.40,457.3,13320
2026-02-21 14:21:00+00:00,6.08,470.7,35193
2026-02-21 14:22:00+00:00,6.79,471.5,31209
2026-02-21 14:23:00+00:00,5.02,455.8,17152
2026-02-21 14:24:00+00:00,5.32,457.9,32387
2026-02-21 14:25:00+00:00,8.44,475.9,32071
2026-02-21 14:26:00+00:00,9.61,471.7,31050
2026-02-21 14:27:00+00:00,8.33,461.7,27518
2026-02-21 14:28:00+00:00,3.18,453.0,21822
2026-02-21 14:29:00+00:00,9.06,469.1,37396
2026-02-21 14:30:00+00:00,4.68,453.7,15209
2026-02-21 14:31:00+00:00,17.40,463.2,17200
2026-02-21 14:32:00+00:00,3.74,490.0,45181
2026-02-21 14:33:00+00:00,2.60,476.3,33355
2026-02-21 14:34:00+00:00,2.66,477.8,34484
2026-02-21 14:35:00+00:00,2.68,478.6,35132
2026-02-21 14:36:00+00:00,3.35,475.2,69203
2026-02-21 14:37:00+00:00,3.63,473.8,44334
2026-02-21 14:38:00+00:00,3.86,475.3,31650
2026-02-21 14:39:00+00:00,3.79,478.1,46175
2026-02-21 14:40:00+00:00,3.17,472.7,45438
2026-02-21 14:41:00+00:00,2.82,466.6,29051
2026-02-21 14:42:00+00:00,2.84,459.4,27955
2026-02-21 14:43:00+00:00,1.73,441.7,22471
2026-02-21 14:44:00+00:00,3.17,490.3,62061
2026-02-21 14:45:00+00:00,3.45,477.0,51932
2026-02-21 14:46:00+00:00,1.95,458.2,22339
2026-02-21 14:47:00+00:00,2.83,464.9,28935
2026-02-21 14:48:00+00:00,2.78,482.6,56205
2026-02-21 14:49:00+00:00,2.83,468.7,29876
2026-02-21 14:50:00+00:00,2.93,469.5,33175
2026-02-21 14:51:00+00:00,3.14,480.9,60386
2026-02-21 14:52:00+00:00,3.14,479.4,50612
2026-02-21 14:53:00+00:00,2.69,474.8,34206
2026-02-21 14:54:00+00:00,1.90,457.3,19030
2026-02-21 14:55:00+00:00,2.28,463.5,29230
2026-02-21 14:56:00+00:00,3.25,483.3,48446
2026-02-21 14:57:00+00:00,2.98,471.6,35676
2026-02-21 14:58:00+00:00,2.40,462.1,20318
2026-02-21 14:59:00+00:00,2.96,486.2,36677
2026-02-21 15:00:00+00:00,3.30,482.9,37045
2026-02-21 15:01:00+00:00,2.86,492.5,46587
2026-02-21 15:02:00+00:00,2.30,459.8,23607
2026-02-21 15:03:00+00:00,2.71,516.1,71924
2026-02-21 15:04:00+00:00,2.99,514.2,96555
2026-02-21 15:05:00+00:00,3.46,496.1,57861
2026-02-21 15:06:00+00:00,4.30,487.3,43294
2026-02-21 15:07:00+00:00,4.06,483.8,34367
2026-02-21 15:08:00+00:00,3.93,483.1,32086
2026-02-21 15:10:00+00:00,3.99,509.0,40872
2026-02-21 15:11:00+00:00,3.95,502.9,39457
2026-02-21 15:12:00+00:00,4.89,494.4,43941
2026-02-21 15:13:00+00:00,5.76,488.9,43236
2026-02-21 15:14:00+00:00,4.86,487.9,30462
2026-02-21 15:15:00+00:00,5.38,496.9,47307
2026-02-21 15:16:00+00:00,6.68,488.9,64422
2026-02-21 15:17:00+00:00,5.72,483.2,31956
2026-02-21 15:18:00+00:00,6.68,492.9,50879
2026-02-21 15:19:00+00:00,5.41,483.4,36730
2026-02-21 15:20:00+00:00,4.42,478.8,26109
2026-02-21 15:21:00+00:00,2.05,463.2,17975
2026-02-21 15:22:00+00:00,4.21,467.5,29858
2026-02-21 15:23:00+00:00,4.64,494.3,58947
2026-02-21 15:24:00+00:00,5.07,491.9,43333
2026-02-21 15:25:00+00:00,6.30,492.6,26227
2026-02-21 15:26:00+00:00,4.75,484.2,24116
2026-02-21 15:27:00+00:00,2.44,475.8,20874
2026-02-21 15:28:00+00:00,1.83,474.4,21825
2026-02-21 15:29:00+00:00,2.02,469.9,26668
2026-02-21 15:30:00+00:00,2.72,470.5,27291
2026-02-21 15:31:00+00:00,2.96,472.7,39235
2026-02-21 15:32:00+00:00,1.82,467.4,22010
2026-02-21 15:33:00+00:00,2.03,464.6,18605
2026-02-21 15:34:00+00:00,9.97,486.3,19740
2026-02-21 15:35:00+00:00,1.96,471.3,53218
2026-02-21 15:36:00+00:00,1.45,470.2,13024
2026-02-21 15:37:00+00:00,2.98,478.6,11771
2026-02-21 15:38:00+00:00,2.21,483.9,18517
2026-02-21 15:39:00+00:00,1.27,488.0,17699
2026-02-21 15:40:00+00:00,1.08,490.9,15200
2026-02-21 15:41:00+00:00,1.11,491.8,14398
2026-02-21 15:42:00+00:00,3.75,498.0,49413
2026-02-21 15:43:00+00:00,2.98,491.0,34686
2026-02-21 15:44:00+00:00,1.55,478.5,16211
2026-02-21 15:45:00+00:00,2.02,478.6,18964
2026-02-21 15:46:00+00:00,4.66,488.8,30347
2026-02-21 15:47:00+00:00,4.25,477.6,24360
2026-02-21 15:48:00+00:00,1.38,465.7,14840
2026-02-21 15:49:00+00:00,5.08,487.1,38691
2026-02-21 15:50:00+00:00,2.68,479.5,20564
2026-02-21 15:51:00+00:00,4.11,489.6,36645
2026-02-21 15:52:00+00:00,3.06,480.0,24836
2026-02-21 15:53:00+00:00,3.12,484.7,23922
2026-02-21 15:54:00+00:00,3.98,483.9,36466
2026-02-21 15:55:00+00:00,4.49,481.6,30908
2026-02-21 15:56:00+00:00,2.58,472.7,18042
2026-02-21 15:57:00+00:00,2.64,480.5,20782
2026-02-21 15:58:00+00:00,3.49,490.5,24804
2026-02-21 16:00:00+00:00,3.29,489.7,13005
2026-02-21 16:01:00+00:00,2.39,490.9,17155
2026-02-21 16:02:00+00:00,1.94,496.4,24042
2026-02-21 16:03:00+00:00,4.41,499.2,21969
2026-02-21 16:04:00+00:00,2.79,482.8,64516
2026-02-21 16:05:00+00:00,6.71,511.8,61333
2026-02-21 16:06:00+00:00,4.74,502.2,26365
2026-02-21 16:07:00+00:00,4.86,489.8,28803
2026-02-21 16:08:00+00:00,1.94,476.3,14604
2026-02-21 16:09:00+00:00,6.37,491.3,28198
2026-02-21 16:10:00+00:00,5.31,485.1,24694
2026-02-21 16:11:00+00:00,1.37,464.0,15381
2026-02-21 16:12:00+00:00,3.60,484.7,34047
2026-02-21 16:13:00+00:00,5.23,489.7,34115
2026-02-21 16:14:00+00:00,5.26,485.0,28002
2026-02-21 16:15:00+00:00,3.35,503.4,56125
2026-02-21 16:16:00+00:00,3.84,498.6,41708
2026-02-21 16:17:00+00:00,4.73,488.4,21028
2026-02-21 16:18:00+00:00,4.64,480.8,20650
2026-02-21 16:19:00+00:00,3.80,478.2,21884
2026-02-21 16:20:00+00:00,4.88,479.0,22677
2026-02-21 16:21:00+00:00,4.86,479.3,29832
2026-02-21 16:22:00+00:00,3.61,479.9,28226
2026-02-21 16:23:00+00:00,0.93,457.4,24006
2026-02-21 16:24:00+00:00,3.94,509.0,43662
2026-02-21 16:25:00+00:00,8.15,498.4,78524
2026-02-21 16:26:00+00:00,6.50,487.1,35798
2026-02-21 16:27:00+00:00,4.38,480.4,22814
2026-02-21 16:28:00+00:00,4.32,486.6,21557
2026-02-21 16:29:00+00:00,4.00,495.6,19662
2026-02-21 16:30:00+00:00,4.12,485.4,15724
2026-02-21 16:31:00+00:00,6.11,484.6,21193
2026-02-21 16:32:00+00:00,7.24,491.2,27842
2026-02-21 16:33:00+00:00,6.11,484.7,22235
2026-02-21 16:34:00+00:00,5.57,483.3,15880
2026-02-21 16:35:00+00:00,6.22,483.7,18287
2026-02-21 16:36:00+00:00,8.17,489.8,29569
2026-02-21 16:37:00+00:00,6.48,485.7,20964
2026-02-21 16:38:00+00:00,5.77,478.6,13513
2026-02-21 16:39:00+00:00,5.22,475.4,21534
2026-02-21 16:40:00+00:00,4.83,460.2,33468
2026-02-21 16:41:00+00:00,2.33,465.4,28163
2026-02-21 16:42:00+00:00,2.34,449.8,20209
2026-02-21 16:43:00+00:00,4.31,472.9,31117
2026-02-21 16:44:00+00:00,13.28,492.4,36518
2026-02-21 16:45:00+00:00,8.54,489.9,62903
2026-02-21 16:46:00+00:00,4.48,485.4,72116
2026-02-21 16:47:00+00:00,5.53,485.5,66525
2026-02-21 16:48:00+00:00,3.79,481.2,40316
2026-02-21 16:49:00+00:00,3.68,479.1,37890
2026-02-21 16:51:00+00:00,8.22,497.0,63248
2026-02-21 16:52:00+00:00,6.49,482.8,50106
2026-02-21 16:53:00+00:00,6.31,479.5,31544
2026-02-21 16:54:00+00:00,0.65,455.6,42420
2026-02-21 16:55:00+00:00,4.27,484.1,69241
2026-02-21 16:56:00+00:00,4.32,479.5,92141
2026-02-21 16:57:00+00:00,2.11,479.6,75107
2026-02-21 16:58:00+00:00,5.94,490.7,49680
2026-02-21 16:59:00+00:00,4.03,489.4,44068
2026-02-21 17:00:00+00:00,2.17,484.2,57199
2026-02-21 17:01:00+00:00,2.95,472.8,37185
2026-02-21 17:02:00+00:00,4.52,492.1,34758
2026-02-21 17:03:00+00:00,6.65,514.1,73520
2026-02-21 17:04:00+00:00,10.62,513.1,71779
2026-02-21 17:05:00+00:00,10.67,500.8,28876
2026-02-21 17:06:00+00:00,4.18,481.4,27760
2026-02-21 17:07:00+00:00,3.48,478.7,25960
2026-02-21 17:08:00+00:00,3.24,488.0,37973
2026-02-21 17:09:00+00:00,2.07,480.5,29892
2026-02-21 17:10:00+00:00,4.26,494.5,58473
2026-02-21 17:11:00+00:00,2.93,487.2,35099
2026-02-21 17:12:00+00:00,1.64,480.1,28200
2026-02-21 17:13:00+00:00,2.09,465.6,24159
2026-02-21 17:14:00+00:00,2.96,497.9,40655
2026-02-21 17:15:00+00:00,3.28,505.4,84229
2026-02-21 17:16:00+00:00,3.65,505.1,97619
2026-02-21 17:17:00+00:00,3.42,498.6,83527
2026-02-21 17:18:00+00:00,4.29,507.7,104104
2026-02-21 17:19:00+00:00,4.83,516.2,118348
2026-02-21 17:20:00+00:00,4.44,513.9,107882
2026-02-21 17:21:00+00:00,5.25,520.3,98536
2026-02-21 17:22:00+00:00,4.78,516.0,88238
2026-02-21 17:23:00+00:00,3.81,507.6,66534
2026-02-21 17:24:00+00:00,4.05,510.1,74942
2026-02-21 17:25:00+00:00,0.97,478.5,35603
2026-02-21 17:26:00+00:00,3.50,524.4,56970
2026-02-21 17:27:00+00:00,4.58,502.2,37921
2026-02-21 17:28:00+00:00,18.70,509.7,38445
2026-02-21 17:29:00+00:00,5.63,507.2,70021
2026-02-21 17:30:00+00:00,3.63,492.4,56666
2026-02-21 17:31:00+00:00,3.09,491.5,53206
2026-02-21 17:32:00+00:00,2.39,482.6,42802
2026-02-21 17:33:00+00:00,3.39,492.8,68789
2026-02-21 17:34:00+00:00,3.82,498.9,82230
2026-02-21 17:35:00+00:00,3.65,494.8,76383
2026-02-21 17:36:00+00:00,3.38,490.9,69908
2026-02-21 17:37:00+00:00,3.34,491.1,74596
2026-02-21 17:38:00+00:00,4.01,494.2,84083
2026-02-21 17:39:00+00:00,2.93,483.1,46753
2026-02-21 17:40:00+00:00,2.02,475.0,42581
2026-02-21 17:41:00+00:00,3.71,514.7,111399
2026-02-21 17:42:00+00:00,3.79,494.1,63106
2026-02-21 17:43:00+00:00,2.97,495.3,63482
2026-02-21 17:44:00+00:00,1.85,478.0,44695
2026-02-21 17:45:00+00:00,2.58,503.5,86186
2026-02-21 17:46:00+00:00,2.91,502.6,64563
2026-02-21 17:47:00+00:00,2.88,496.7,54600
2026-02-21 17:48:00+00:00,3.50,501.6,66500
2026-02-21 17:49:00+00:00,3.13,500.0,51583
2026-02-21 17:50:00+00:00,2.86,502.1,46126
2026-02-21 17:51:00+00:00,2.90,504.6,51024
2026-02-21 17:52:00+00:00,3.62,508.7,76758
2026-02-21 17:53:00+00:00,4.73,516.9,114777
2026-02-21 17:54:00+00:00,3.76,504.4,55535
2026-02-21 17:55:00+00:00,3.30,501.8,52023
2026-02-21 17:56:00+00:00,2.01,495.3,45322
2026-02-21 17:57:00+00:00,3.97,510.8,76738
2026-02-21 17:58:00+00:00,2.51,496.3,48562
2026-02-21 17:59:00+00:00,2.29,499.9,51378
2026-02-21 18:00:00+00:00,3.27,505.2,84912
2026-02-21 18:01:00+00:00,2.38,492.5,54742
2026-02-21 18:02:00+00:00,1.93,492.0,46101
2026-02-21 18:03:00+00:00,2.00,494.9,49957
2026-02-21 18:04:00+00:00,2.58,503.2,58409
2026-02-21 18:05:00+00:00,2.59,509.2,86181
2026-02-21 18:06:00+00:00,2.28,510.6,86227
2026-02-21 18:07:00+00:00,2.36,504.2,76747
2026-02-21 18:08:00+00:00,2.56,497.6,69132
2026-02-21 18:09:00+00:00,2.06,493.5,44798
2026-02-21 18:10:00+00:00,1.19,478.9,26337
2026-02-21 18:11:00+00:00,1.09,469.2,28486
2026-02-21 18:12:00+00:00,1.40,493.6,57372
2026-02-21 18:13:00+00:00,2.15,515.9,101953
2026-02-21 18:14:00+00:00,2.19,493.6,72575
2026-02-21 18:15:00+00:00,2.00,493.5,66516
2026-02-21 18:16:00+00:00,1.95,499.4,65479
2026-02-21 18:17:00+00:00,1.97,500.4,69438
2026-02-21 18:18:00+00:00,1.51,492.1,129225
2026-02-21 18:19:00+00:00,1.70,491.1,91944
2026-02-21 18:20:00+00:00,1.19,488.3,69272
2026-02-21 18:21:00+00:00,1.04,488.9,116414
2026-02-21 18:22:00+00:00,1.17,484.6,109701
2026-02-21 18:23:00+00:00,1.60,487.5,98606
2026-02-21 18:24:00+00:00,1.96,493.3,95983
2026-02-21 18:25:00+00:00,1.73,487.1,58665
2026-02-21 18:26:00+00:00,1.46,481.6,51051
2026-02-21 18:27:00+00:00,2.86,476.0,53750
2026-02-21 18:28:00+00:00,2.67,477.1,51388
2026-02-21 18:29:00+00:00,1.54,481.8,35778
2026-02-21 18:30:00+00:00,1.38,463.5,11459
2026-02-21 18:31:00+00:00,4.96,485.5,20361
2026-02-21 18:32:00+00:00,10.15,493.9,18979
2026-02-21 18:33:00+00:00,4.71,488.2,37636
2026-02-21 18:34:00+00:00,2.85,481.7,26937
2026-02-21 18:35:00+00:00,2.85,481.3,22966
2026-02-21 18:36:00+00:00,3.28,482.3,27748
2026-02-21 18:37:00+00:00,2.29,479.2,28369
2026-02-21 18:38:00+00:00,7.66,490.7,23469
2026-02-21 18:39:00+00:00,7.94,492.6,23352
2026-02-21 18:40:00+00:00,3.01,484.1,28944
2026-02-21 18:41:00+00:00,2.17,480.5,28813
2026-02-21 18:42:00+00:00,1.15,478.7,36324
2026-02-21 18:43:00+00:00,3.10,499.2,66996
2026-02-21 18:44:00+00:00,2.67,494.1,53020
2026-02-21 18:45:00+00:00,1.16,488.6,65917
2026-02-21 18:46:00+00:00,1.76,483.1,37125
2026-02-21 18:47:00+00:00,3.10,478.1,59142
2026-02-21 18:48:00+00:00,3.59,483.2,23751
2026-02-21 18:49:00+00:00,1.30,471.8,17226
2026-02-21 18:50:00+00:00,3.69,476.0,15997
2026-02-21 18:51:00+00:00,13.06,486.2,14835
2026-02-21 18:52:00+00:00,14.04,496.6,15193
2026-02-21 18:53:00+00:00,8.01,484.5,26382
2026-02-21 18:54:00+00:00,6.52,488.9,23472
2026-02-21 18:55:00+00:00,5.89,489.9,28117
2026-02-21 18:56:00+00:00,4.49,474.3,38105
2026-02-21 18:57:00+00:00,6.07,467.6,30698
2026-02-21 18:58:00+00:00,6.33,465.6,25508
2026-02-21 18:59:00+00:00,4.57,462.2,24621
2026-02-21 19:00:00+00:00,9.72,479.3,20149
2026-02-21 19:01:00+00:00,9.16,479.0,21847
2026-02-21 19:02:00+00:00,3.06,475.6,40686
2026-02-21 19:03:00+00:00,3.33,469.1,50364
2026-02-21 19:04:00+00:00,1.55,465.3,33132
2026-02-21 19:05:00+00:00,4.99,472.1,48803
2026-02-21 19:06:00+00:00,1.59,488.6,46997
2026-02-21 19:07:00+00:00,3.19,498.2,36708
2026-02-21 19:08:00+00:00,4.51,493.2,33235
2026-02-21 19:09:00+00:00,8.95,502.5,29743
2026-02-21 19:10:00+00:00,6.46,495.9,32198
2026-02-21 19:11:00+00:00,2.79,486.7,35754
2026-02-21 19:12:00+00:00,3.02,479.8,31098
2026-02-21 19:13:00+00:00,2.62,476.6,30051
2026-02-21 19:14:00+00:00,2.91,498.6,46772
2026-02-21 19:15:00+00:00,3.12,504.3,63126
2026-02-21 19:16:00+00:00,2.05,495.2,57535
2026-02-21 19:17:00+00:00,2.73,493.4,50492
2026-02-21 19:18:00+00:00,2.23,487.7,36252
2026-02-21 19:19:00+00:00,2.43,493.2,66164
2026-02-21 19:20:00+00:00,0.50,466.7,34196
2026-02-21 19:21:00+00:00,0.92,515.2,129953
2026-02-21 19:22:00+00:00,15.20,523.4,51485
2026-02-21 19:23:00+00:00,6.38,508.1,37132
2026-02-21 19:24:00+00:00,1.13,497.1,26376
2026-02-21 19:25:00+00:00,1.93,496.2,38259
2026-02-21 19:26:00+00:00,2.66,493.5,47202
2026-02-21 19:27:00+00:00,2.45,483.5,38080
2026-02-21 19:28:00+00:00,1.80,477.5,33912
2026-02-21 19:29:00+00:00,1.12,483.4,37474
2026-02-21 19:30:00+00:00,1.25,490.3,36068
2026-02-21 19:31:00+00:00,1.75,488.5,37277
2026-02-21 19:32:00+00:00,3.30,481.9,26609
2026-02-21 19:33:00+00:00,5.02,522.2,138293
2026-02-21 19:34:00+00:00,5.00,521.9,137027
2026-02-21 19:35:00+00:00,3.88,506.8,62297
2026-02-21 19:36:00+00:00,3.01,506.2,59260
2026-02-21 19:37:00+00:00,1.78,495.1,71820
2026-02-21 19:38:00+00:00,1.72,483.2,54733
2026-02-21 19:39:00+00:00,1.23,472.5,44299
2026-02-21 19:40:00+00:00,1.65,502.7,129110
2026-02-21 19:41:00+00:00,2.20,510.6,95022
2026-02-21 19:42:00+00:00,2.78,521.3,49200
2026-02-21 19:43:00+00:00,3.18,521.9,46244
2026-02-21 19:44:00+00:00,3.03,518.0,44814
2026-02-21 19:45:00+00:00,10.63,535.7,47910
2026-02-21 19:46:00+00:00,18.86,533.9,48358
2026-02-21 19:47:00+00:00,2.40,511.8,54094
2026-02-21 19:48:00+00:00,2.18,534.1,80282
2026-02-21 19:49:00+00:00,4.64,514.0,108689
2026-02-21 19:50:00+00:00,1.03,504.1,24442
2026-02-21 19:51:00+00:00,3.45,500.3,44710
2026-02-21 19:52:00+00:00,3.76,515.4,65679
2026-02-21 19:53:00+00:00,2.85,507.3,121445
2026-02-21 19:54:00+00:00,1.36,492.8,67117
2026-02-21 19:55:00+00:00,2.00,499.1,61185
2026-02-21 19:56:00+00:00,3.19,500.6,58376
2026-02-21 19:57:00+00:00,2.74,497.6,59012
2026-02-21 19:58:00+00:00,9.28,489.1,45552
2026-02-21 19:59:00+00:00,9.80,495.3,40701
2026-02-21 20:00:00+00:00,4.25,510.0,49467
2026-02-21 20:01:00+00:00,5.19,512.4,55788
2026-02-21 20:02:00+00:00,5.54,501.6,54091
2026-02-21 20:03:00+00:00,3.59,485.6,27488
2026-02-21 20:04:00+00:00,7.53,522.6,46270
2026-02-21 20:05:00+00:00,8.10,536.7,63893
2026-02-21 20:06:00+00:00,4.05,,
2026-02-21 20:07:00+00:00,4.05,515.3,53735
2026-02-21 20:08:00+00:00,4.43,512.4,46096
2026-02-21 20:09:00+00:00,1.94,505.4,50463
2026-02-21 20:10:00+00:00,2.09,489.6,38508
2026-02-21 20:11:00+00:00,3.05,506.8,67209
2026-02-21 20:12:00+00:00,3.86,525.4,83694
2026-02-21 20:13:00+00:00,3.49,522.4,110526
2026-02-21 20:14:00+00:00,2.27,506.1,85681
2026-02-21 20:15:00+00:00,2.58,510.5,75921
2026-02-21 20:16:00+00:00,3.23,524.4,90503
2026-02-21 20:17:00+00:00,2.75,523.5,88735
2026-02-21 20:18:00+00:00,2.96,522.0,125851
2026-02-21 20:19:00+00:00,2.95,518.8,145186
2026-02-21 20:20:00+00:00,3.23,516.4,89245
2026-02-21 20:21:00+00:00,3.28,513.3,141138
2026-02-21 20:22:00+00:00,1.40,475.2,52332
2026-02-21 20:23:00+00:00,4.81,532.4,229610
2026-02-21 20:24:00+00:00,3.81,509.8,68850
2026-02-21 20:25:00+00:00,3.30,517.4,106948
2026-02-21 20:26:00+00:00,2.94,509.4,85546
2026-02-21 20:27:00+00:00,3.37,521.8,119438
2026-02-21 20:28:00+00:00,2.96,518.3,102354
2026-02-21 20:29:00+00:00,1.80,506.1,89352
2026-02-21 20:30:00+00:00,2.06,535.2,115660
2026-02-21 20:31:00+00:00,4.92,536.9,152810
2026-02-21 20:32:00+00:00,5.99,499.2,123995
2026-02-21 20:33:00+00:00,3.52,478.7,49706
2026-02-21 20:34:00+00:00,3.38,482.5,62491
2026-02-21 20:35:00+00:00,5.87,523.1,121449
2026-02-21 20:36:00+00:00,4.28,515.2,54396
2026-02-21 20:37:00+00:00,5.22,519.9,68607
2026-02-21 20:38:00+00:00,9.29,538.2,112993
2026-02-21 20:40:00+00:00,8.96,531.4,88664
2026-02-21 20:41:00+00:00,2.81,494.1,26551
2026-02-21 20:42:00+00:00,6.91,516.9,63155
2026-02-21 20:43:00+00:00,6.87,516.5,63145
2026-02-21 20:44:00+00:00,12.50,522.6,43545
2026-02-21 20:45:00+00:00,6.64,496.1,41685
2026-02-21 20:46:00+00:00,2.21,508.0,99598
2026-02-21 20:47:00+00:00,2.74,518.5,135167
2026-02-21 20:48:00+00:00,2.10,496.3,102408
2026-02-21 20:49:00+00:00,1.59,487.0,69909
2026-02-21 20:50:00+00:00,3.37,536.8,178184
2026-02-21 20:51:00+00:00,3.76,529.2,163993
2026-02-21 20:52:00+00:00,4.63,499.4,108037
2026-02-21 20:53:00+00:00,1.95,489.7,93663
2026-02-21 20:54:00+00:00,7.10,542.3,223862
2026-02-21 20:55:00+00:00,6.58,513.9,126086
2026-02-21 20:56:00+00:00,6.98,520.8,167463
2026-02-21 20:57:00+00:00,5.43,476.7,84030
2026-02-21 20:58:00+00:00,7.11,532.2,183869
2026-02-21 20:59:00+00:00,7.33,537.2,187568
2026-02-21 21:00:00+00:00,5.79,491.8,112455
2026-02-21 21:01:00+00:00,6.20,510.1,170864
2026-02-21 21:02:00+00:00,7.09,542.3,248563
2026-02-21 21:03:00+00:00,7.38,540.8,243525
2026-02-21 21:04:00+00:00,7.44,510.1,187309
2026-02-21 21:05:00+00:00,7.40,503.0,190671
2026-02-21 21:06:00+00:00,7.63,551.5,300126
2026-02-21 21:07:00+00:00,7.41,558.7,316152
2026-02-21 21:08:00+00:00,5.94,539.5,188561
2026-02-21 21:09:00+00:00,5.90,556.1,208402
2026-02-21 21:10:00+00:00,6.17,557.1,241621
2026-02-21 21:11:00+00:00,7.28,545.3,217339
2026-02-21 21:12:00+00:00,7.28,,
2026-02-21 21:13:00+00:00,9.78,565.8,395947
2026-02-21 21:14:00+00:00,4.24,509.5,163870
2026-02-21 21:15:00+00:00,5.14,521.6,158329
2026-02-21 21:16:00+00:00,5.61,503.7,139843
2026-02-21 21:17:00+00:00,6.05,525.1,173742
2026-02-21 21:18:00+00:00,6.62,546.5,215363
2026-02-21 21:19:00+00:00,6.46,539.9,204932
2026-02-21 21:20:00+00:00,6.16,539.8,200548
2026-02-21 21:21:00+00:00,6.52,547.5,211731
2026-02-21 21:22:00+00:00,6.96,533.4,171920
2026-02-21 21:23:00+00:00,7.10,514.7,135757
2026-02-21 21:24:00+00:00,7.71,535.4,177943
2026-02-21 21:25:00+00:00,7.57,552.4,194801
2026-02-21 21:26:00+00:00,7.15,546.2,167637
2026-02-21 21:27:00+00:00,7.02,554.1,201092
2026-02-21 21:28:00+00:00,6.94,539.0,184036
2026-02-21 21:29:00+00:00,7.16,543.3,195541
2026-02-21 21:30:00+00:00,6.93,549.0,230878
2026-02-21 21:31:00+00:00,6.67,535.7,182588
2026-02-21 21:32:00+00:00,6.70,550.7,199008
2026-02-21 21:33:00+00:00,6.99,547.6,204557
2026-02-21 21:34:00+00:00,7.17,541.4,186263
2026-02-21 21:35:00+00:00,5.73,540.2,155884
2026-02-21 21:36:00+00:00,4.21,549.7,154954
2026-02-21 21:37:00+00:00,4.85,558.9,176443
2026-02-21 21:38:00+00:00,5.63,534.2,150253
2026-02-21 21:39:00+00:00,5.15,513.2,129107
2026-02-21 21:40:00+00:00,6.04,533.5,147547
2026-02-21 21:41:00+00:00,5.82,529.6,139272
2026-02-21 21:42:00+00:00,5.96,535.9,160593
2026-02-21 21:43:00+00:00,5.36,482.4,107612
2026-02-21 21:44:00+00:00,5.60,532.9,150178
2026-02-21 21:45:00+00:00,5.61,535.6,152418
2026-02-21 21:46:00+00:00,5.78,538.9,173158
2026-02-21 21:47:00+00:00,5.57,526.6,209665
2026-02-21 21:48:00+00:00,4.96,530.3,210125
2026-02-21 21:49:00+00:00,4.55,552.8,317970
2026-02-21 21:50:00+00:00,4.06,525.2,269564
2026-02-21 21:51:00+00:00,3.77,520.9,229060
2026-02-21 21:52:00+00:00,4.80,550.6,348568
2026-02-21 21:53:00+00:00,5.37,555.8,411209
2026-02-21 21:54:00+00:00,4.07,543.0,319095
2026-02-21 21:55:00+00:00,4.47,497.7,219058
2026-02-21 21:56:00+00:00,4.06,546.8,370271
2026-02-21 21:57:00+00:00,4.51,571.1,406722
2026-02-21 21:58:00+00:00,8.26,538.0,386280
2026-02-21 21:59:00+00:00,4.94,552.3,491411
2026-02-21 22:00:00+00:00,4.22,541.3,236482
2026-02-21 22:01:00+00:00,4.45,538.4,242393
2026-02-21 22:02:00+00:00,4.21,496.1,163427
2026-02-21 22:03:00+00:00,4.03,522.6,206941
2026-02-21 22:04:00+00:00,3.96,547.3,251884
2026-02-21 22:05:00+00:00,4.10,545.8,261314
2026-02-21 22:06:00+00:00,4.26,526.0,252181
2026-02-21 22:07:00+00:00,5.88,525.4,326618
2026-02-21 22:08:00+00:00,6.16,547.0,423533
2026-02-21 22:09:00+00:00,4.06,534.3,339096
2026-02-21 22:10:00+00:00,3.96,501.6,193713
2026-02-21 22:11:00+00:00,4.92,535.6,308385
2026-02-21 22:12:00+00:00,6.38,532.8,371057
2026-02-21 22:13:00+00:00,3.94,553.1,356809
2026-02-21 22:14:00+00:00,4.46,495.3,213852
2026-02-21 22:15:00+00:00,4.12,536.8,292951
2026-02-21 22:16:00+00:00,4.25,541.6,302828
2026-02-21 22:17:00+00:00,3.83,556.2,369462
2026-02-21 22:18:00+00:00,3.78,558.1,378194
2026-02-21 22:19:00+00:00,4.11,539.7,359190
2026-02-21 22:20:00+00:00,4.24,550.3,407343
2026-02-21 22:21:00+00:00,3.79,519.8,309266
2026-02-21 22:22:00+00:00,3.68,522.8,296557
2026-02-21 22:23:00+00:00,3.96,550.5,381059
2026-02-21 22:24:00+00:00,3.96,553.0,397955
2026-02-21 22:25:00+00:00,3.61,527.0,316917
2026-02-21 22:26:00+00:00,3.33,506.3,248791
2026-02-21 22:27:00+00:00,3.36,543.2,330800
2026-02-21 22:28:00+00:00,3.29,545.7,326498
2026-02-21 22:29:00+00:00,2.83,533.3,325504
2026-02-21 22:30:00+00:00,3.44,563.6,408751
2026-02-21 22:31:00+00:00,3.36,547.7,351464
2026-02-21 22:32:00+00:00,3.67,559.2,435989
2026-02-21 22:33:00+00:00,3.55,544.0,313875
2026-02-21 22:34:00+00:00,3.81,541.5,312253
2026-02-21 22:35:00+00:00,3.61,540.9,321455
2026-02-21 22:36:00+00:00,3.66,544.0,358166
2026-02-21 22:37:00+00:00,3.72,543.1,352838
2026-02-21 22:38:00+00:00,3.70,543.2,343299
2026-02-21 22:39:00+00:00,3.52,543.7,343841
2026-02-21 22:40:00+00:00,4.06,543.3,323127
2026-02-21 22:41:00+00:00,5.09,543.6,299670
2026-02-21 22:42:00+00:00,4.90,542.4,300839
2026-02-21 22:43:00+00:00,4.49,539.9,287932
2026-02-21 22:44:00+00:00,4.55,537.6,271633
2026-02-21 22:45:00+00:00,4.14,538.8,338682
2026-02-21 22:46:00+00:00,4.77,530.8,330860
2026-02-21 22:47:00+00:00,3.81,546.2,298791
2026-02-21 22:48:00+00:00,4.08,550.2,445074
2026-02-21 22:49:00+00:00,4.02,548.3,380032
2026-02-21 22:50:00+00:00,3.96,545.0,352873
2026-02-21 22:51:00+00:00,3.94,544.3,348932
2026-02-21 22:52:00+00:00,4.18,549.5,303129
2026-02-21 22:53:00+00:00,4.45,551.5,304901
2026-02-21 22:54:00+00:00,5.00,551.5,235114
2026-02-21 22:55:00+00:00,5.12,549.0,240398
2026-02-21 22:56:00+00:00,4.69,550.9,323397
2026-02-21 22:57:00+00:00,4.35,553.3,323229
2026-02-21 22:58:00+00:00,4.23,549.2,285376
2026-02-21 22:59:00+00:00,4.19,549.3,288300
2026-02-21 23:00:00+00:00,4.47,547.3,277029
2026-02-21 23:01:00+00:00,4.58,544.5,274199
2026-02-21 23:02:00+00:00,4.20,544.2,253135
2026-02-21 23:03:00+00:00,4.43,544.9,262505
2026-02-21 23:04:00+00:00,4.37,545.5,271398
2026-02-21 23:05:00+00:00,4.43,546.0,274737
2026-02-21 23:06:00+00:00,3.96,543.0,334255
2026-02-21 23:07:00+00:00,3.89,543.3,294447
2026-02-21 23:08:00+00:00,3.98,545.6,294840
2026-02-21 23:09:00+00:00,3.94,547.6,307516
2026-02-21 23:10:00+00:00,4.63,554.3,368727
2026-02-21 23:11:00+00:00,5.39,552.0,364984
2026-02-21 23:12:00+00:00,5.17,546.7,339416
2026-02-21 23:13:00+00:00,4.55,547.3,366718
2026-02-21 23:14:00+00:00,4.66,542.5,319572
2026-02-21 23:15:00+00:00,5.22,543.3,271942
2026-02-21 23:16:00+00:00,4.92,542.3,284521
2026-02-21 23:17:00+00:00,5.05,544.6,254084
2026-02-21 23:18:00+00:00,4.78,541.5,258621
2026-02-21 23:19:00+00:00,4.91,542.0,270176
2026-02-21 23:20:00+00:00,4.72,549.7,260964
2026-02-21 23:21:00+00:00,6.38,551.1,196741
2026-02-21 23:22:00+00:00,6.20,542.4,241507
2026-02-21 23:23:00+00:00,6.36,542.5,219704
2026-02-21 23:24:00+00:00,6.45,543.2,208457
2026-02-21 23:25:00+00:00,6.11,542.6,215655
2026-02-21 23:26:00+00:00,5.89,545.1,211499
2026-02-21 23:27:00+00:00,6.38,548.4,210008
2026-02-21 23:28:00+00:00,6.49,552.7,238061
2026-02-21 23:29:00+00:00,5.40,551.8,271269
2026-02-21 23:30:00+00:00,5.00,544.1,266866
2026-02-21 23:31:00+00:00,5.35,546.3,259630
2026-02-21 23:32:00+00:00,5.95,541.5,226730
2026-02-21 23:33:00+00:00,5.36,545.6,271077
2026-02-21 23:34:00+00:00,5.48,543.2,290913
2026-02-21 23:35:00+00:00,5.57,544.4,258213
2026-02-21 23:36:00+00:00,5.50,548.4,246917
2026-02-21 23:37:00+00:00,4.62,554.4,261081
2026-02-21 23:38:00+00:00,4.57,548.6,259485
2026-02-21 23:39:00+00:00,4.76,552.2,248181
2026-02-21 23:40:00+00:00,5.49,559.5,273289
2026-02-21 23:41:00+00:00,5.10,555.8,263412
2026-02-21 23:42:00+00:00,4.30,543.4,281487
2026-02-21 23:43:00+00:00,4.64,548.3,343948
2026-02-21 23:44:00+00:00,5.23,562.3,331530
2026-02-21 23:45:00+00:00,5.08,562.2,254644
2026-02-21 23:46:00+00:00,4.95,556.5,257524
2026-02-21 23:47:00+00:00,4.80,548.5,289786
2026-02-21 23:48:00+00:00,5.19,536.2,303361
2026-02-21 23:49:00+00:00,4.24,543.9,418386
2026-02-21 23:50:00+00:00,4.53,540.3,359526
2026-02-21 23:51:00+00:00,5.58,543.1,319178
2026-02-21 23:52:00+00:00,4.07,546.7,359799
2026-02-21 23:53:00+00:00,3.86,548.2,325789
2026-02-21 23:54:00+00:00,5.06,558.0,354054
2026-02-21 23:55:00+00:00,4.74,558.3,386077
2026-02-21 23:56:00+00:00,4.40,558.4,383329
2026-02-21 23:57:00+00:00,4.34,558.7,378255
2026-02-21 23:58:00+00:00,4.89,565.9,369213
2026-02-21 23:59:00+00:00,5.16,557.8,361789
2026-02-22 00:00:00+00:00,4.96,552.4,351131
2026-02-22 00:01:00+00:00,5.06,558.1,338658
2026-02-22 00:02:00+00:00,6.14,562.1,335525
2026-02-22 00:03:00+00:00,5.56,567.8,367112
2026-02-22 00:04:00+00:00,6.62,565.4,360672
2026-02-22 00:05:00+00:00,5.43,557.9,350434
2026-02-22 00:06:00+00:00,5.47,556.8,374162
2026-02-22 00:07:00+00:00,5.11,561.4,379212
2026-02-22 00:08:00+00:00,4.29,562.3,347526
2026-02-22 00:09:00+00:00,4.40,562.1,340271
2026-02-22 00:10:00+00:00,4.18,561.5,341052
2026-02-22 00:11:00+00:00,3.90,557.8,319864
2026-02-22 00:12:00+00:00,4.16,566.1,324738
2026-02-22 00:13:00+00:00,4.20,572.4,344840
2026-02-22 00:14:00+00:00,4.12,577.1,358165
2026-02-22 00:15:00+00:00,3.85,579.5,370558
2026-02-22 00:16:00+00:00,3.81,578.0,389757
2026-02-22 00:17:00+00:00,4.05,577.1,389977
2026-02-22 00:18:00+00:00,3.87,575.9,364379
2026-02-22 00:19:00+00:00,3.95,570.9,357640
2026-02-22 00:20:00+00:00,4.08,575.6,339354
2026-02-22 00:21:00+00:00,4.19,570.2,336460
2026-02-22 00:22:00+00:00,4.03,567.2,352802
2026-02-22 00:23:00+00:00,4.07,576.4,297414
2026-02-22 00:24:00+00:00,4.39,571.7,376528
2026-02-22 00:25:00+00:00,4.40,570.9,336736
2026-02-22 00:26:00+00:00,4.42,575.9,338670
2026-02-22 00:27:00+00:00,4.02,571.6,320986
2026-02-22 00:28:00+00:00,4.20,572.2,333489
2026-02-22 00:29:00+00:00,4.31,572.2,357566
2026-02-22 00:30:00+00:00,4.29,571.5,367066
2026-02-22 00:31:00+00:00,4.98,565.6,333377
2026-02-22 00:32:00+00:00,4.74,574.4,357461
2026-02-22 00:33:00+00:00,4.52,582.6,399935
2026-02-22 00:34:00+00:00,4.58,577.0,405567
2026-02-22 00:35:00+00:00,4.39,580.1,374097
2026-02-22 00:36:00+00:00,4.82,577.6,355851
2026-02-22 00:37:00+00:00,4.82,584.0,346220
2026-02-22 00:38:00+00:00,4.90,587.1,342552
2026-02-22 00:39:00+00:00,4.61,580.4,325852
2026-02-22 00:40:00+00:00,4.50,582.5,294072
2026-02-22 00:41:00+00:00,4.35,574.3,289513
2026-02-22 00:42:00+00:00,5.19,580.0,336428
2026-02-22 00:43:00+00:00,5.73,576.7,355931
2026-02-22 00:44:00+00:00,5.92,575.7,306543
2026-02-22 00:45:00+00:00,6.12,567.8,328746
2026-02-22 00:46:00+00:00,5.30,557.7,346911
2026-02-22 00:47:00+00:00,4.35,553.2,315154
2026-02-22 00:48:00+00:00,4.03,554.8,268336
2026-02-22 00:49:00+00:00,3.84,556.9,242315
2026-02-22 00:50:00+00:00,3.72,555.9,256684
2026-02-22 00:51:00+00:00,3.45,555.4,275881
2026-02-22 00:52:00+00:00,3.46,550.4,289063
2026-02-22 00:53:00+00:00,3.75,557.3,221622
2026-02-22 00:54:00+00:00,3.35,550.8,216073
2026-02-22 00:55:00+00:00,3.99,547.1,274641
2026-02-22 00:56:00+00:00,4.68,563.1,418659
2026-02-22 00:57:00+00:00,7.91,547.8,390068
2026-02-22 00:58:00+00:00,7.59,547.4,371617
2026-02-22 00:59:00+00:00,7.09,554.0,354636
2026-02-22 01:00:00+00:00,6.72,556.2,336132
2026-02-22 01:01:00+00:00,7.47,552.5,363767
2026-02-22 01:02:00+00:00,7.78,551.4,395909
2026-02-22 01:03:00+00:00,7.59,552.4,404883
2026-02-22 01:04:00+00:00,6.71,550.1,341740
2026-02-22 01:05:00+00:00,7.22,547.8,350778
2026-02-22 01:06:00+00:00,7.99,545.0,372186
2026-02-22 01:07:00+00:00,7.19,549.4,376248
2026-02-22 01:08:00+00:00,6.22,552.1,356427
2026-02-22 01:09:00+00:00,7.71,546.7,402056
2026-02-22 01:10:00+00:00,7.25,549.2,420402
2026-02-22 01:11:00+00:00,8.23,546.9,386479
2026-02-22 01:12:00+00:00,6.42,555.9,342944
2026-02-22 01:13:00+00:00,7.73,546.2,339336
2026-02-22 01:14:00+00:00,6.37,546.4,360179
2026-02-22 01:15:00+00:00,5.85,548.6,366999
2026-02-22 01:16:00+00:00,5.33,548.6,364221
2026-02-22 01:17:00+00:00,5.27,548.4,366697
2026-02-22 01:18:00+00:00,5.41,549.1,395159
2026-02-22 01:19:00+00:00,5.53,554.3,387148
2026-02-22 01:20:00+00:00,5.42,558.0,365430
2026-02-22 01:21:00+00:00,4.99,552.9,363283
2026-02-22 01:22:00+00:00,4.73,549.3,334403
2026-02-22 01:23:00+00:00,4.80,553.6,339397
2026-02-22 01:24:00+00:00,5.02,551.9,360649
2026-02-22 01:25:00+00:00,5.65,555.7,375794
2026-02-22 01:26:00+00:00,4.93,551.4,423779
2026-02-22 01:27:00+00:00,6.73,556.1,349316
2026-02-22 01:28:00+00:00,5.01,550.4,423641
2026-02-22 01:29:00+00:00,6.80,547.6,379192
2026-02-22 01:30:00+00:00,6.56,555.9,327518
2026-02-22 01:31:00+00:00,6.03,560.3,383138
2026-02-22 01:32:00+00:00,5.66,555.0,373162
2026-02-22 01:33:00+00:00,6.93,553.6,395636
2026-02-22 01:34:00+00:00,7.37,557.0,389365
2026-02-22 01:35:00+00:00,6.60,557.8,367372
2026-02-22 01:36:00+00:00,6.13,556.7,369602
2026-02-22 01:37:00+00:00,5.22,546.6,401682
2026-02-22 01:38:00+00:00,5.29,548.0,389790
2026-02-22 01:39:00+00:00,5.42,552.6,368581
2026-02-22 01:40:00+00:00,5.18,555.7,402268
2026-02-22 01:41:00+00:00,4.58,553.9,407989
2026-02-22 01:42:00+00:00,6.70,551.6,370563
2026-02-22 01:43:00+00:00,4.01,563.8,399481
2026-02-22 01:44:00+00:00,3.83,553.0,360889
2026-02-22 01:45:00+00:00,3.60,558.3,392151
2026-02-22 01:46:00+00:00,5.90,560.8,297626
2026-02-22 01:47:00+00:00,6.57,554.6,269065
2026-02-22 01:48:00+00:00,4.71,552.5,369337
2026-02-22 01:49:00+00:00,4.29,548.1,387967
2026-02-22 01:50:00+00:00,4.24,548.3,420497
2026-02-22 01:51:00+00:00,4.07,553.8,499440
2026-02-22 01:52:00+00:00,4.31,553.0,510721
2026-02-22 01:53:00+00:00,4.36,547.8,491357
2026-02-22 01:54:00+00:00,4.73,552.7,494155
2026-02-22 01:55:00+00:00,5.95,562.2,409667
2026-02-22 01:56:00+00:00,4.51,563.7,421560
2026-02-22 01:57:00+00:00,4.35,573.7,324046
2026-02-22 01:58:00+00:00,4.78,574.6,335984
2026-02-22 01:59:00+00:00,4.75,575.4,318576
2026-02-22 02:00:00+00:00,4.37,577.0,317928
2026-02-22 02:01:00+00:00,5.11,575.4,378060
2026-02-22 02:02:00+00:00,5.55,574.7,392350
2026-02-22 02:03:00+00:00,4.94,576.6,332786
2026-02-22 02:04:00+00:00,5.04,576.6,322924
2026-02-22 02:05:00+00:00,5.43,571.6,377333
2026-02-22 02:06:00+00:00,5.91,569.3,408199
2026-02-22 02:07:00+00:00,5.44,569.3,384457
2026-02-22 02:08:00+00:00,5.05,566.6,397506
2026-02-22 02:09:00+00:00,5.59,563.5,451378
2026-02-22 02:10:00+00:00,5.06,563.2,358383
2026-02-22 02:11:00+00:00,5.01,563.5,355280
2026-02-22 02:12:00+00:00,5.00,563.1,353866
2026-02-22 02:13:00+00:00,5.97,555.7,406034
2026-02-22 02:14:00+00:00,5.94,559.2,368499
2026-02-22 02:15:00+00:00,6.54,557.5,347245
2026-02-22 02:16:00+00:00,6.22,556.4,338548
2026-02-22 02:17:00+00:00,6.39,558.7,357095
2026-02-22 02:18:00+00:00,6.21,557.7,356322
2026-02-22 02:19:00+00:00,5.58,558.1,366179
2026-02-22 02:20:00+00:00,5.77,560.1,354471
2026-02-22 02:21:00+00:00,5.99,561.6,349577
2026-02-22 02:22:00+00:00,5.98,559.9,347827
2026-02-22 02:23:00+00:00,5.88,558.6,344240
2026-02-22 02:24:00+00:00,5.81,558.4,341294
2026-02-22 02:25:00+00:00,5.88,559.4,343688
2026-02-22 02:26:00+00:00,5.94,562.5,351846
2026-02-22 02:27:00+00:00,5.73,561.4,347776
2026-02-22 02:28:00+00:00,5.77,563.2,343635
2026-02-22 02:29:00+00:00,6.34,558.4,348046
2026-02-22 02:30:00+00:00,6.03,558.6,318313
2026-02-22 02:31:00+00:00,5.37,560.1,333244
2026-02-22 02:32:00+00:00,5.56,562.1,335756
2026-02-22 02:33:00+00:00,5.59,561.6,341104
2026-02-22 02:34:00+00:00,5.38,560.5,340611
2026-02-22 02:35:00+00:00,5.62,557.2,327968
2026-02-22 02:36:00+00:00,5.58,556.1,329406
2026-02-22 02:37:00+00:00,5.81,555.6,339202
2026-02-22 02:38:00+00:00,5.52,554.8,355982
2026-02-22 02:39:00+00:00,5.42,556.9,347735
2026-02-22 02:40:00+00:00,5.81,558.5,345183
2026-02-22 02:41:00+00:00,5.88,556.1,362668
2026-02-22 02:42:00+00:00,5.80,554.6,350898
2026-02-22 02:43:00+00:00,5.73,561.7,305599
2026-02-22 02:44:00+00:00,5.69,561.7,305369
2026-02-22 02:45:00+00:00,5.50,561.8,304922
2026-02-22 02:46:00+00:00,6.01,562.7,313788
2026-02-22 02:47:00+00:00,5.81,563.8,281534
2026-02-22 02:48:00+00:00,5.69,562.9,280439
2026-02-22 02:49:00+00:00,5.84,558.7,293718
2026-02-22 02:50:00+00:00,5.08,560.3,298954
2026-02-22 02:51:00+00:00,5.95,563.6,318202
2026-02-22 02:52:00+00:00,6.27,563.6,320105
2026-02-22 02:53:00+00:00,6.42,562.0,322961
2026-02-22 02:54:00+00:00,6.20,560.9,331970
2026-02-22 02:55:00+00:00,5.98,560.7,332726
2026-02-22 02:56:00+00:00,6.24,557.5,324358
2026-02-22 02:57:00+00:00,6.40,554.2,317949
2026-02-22 02:58:00+00:00,6.20,556.1,302384
2026-02-22 02:59:00+00:00,6.32,552.9,269846
2026-02-22 03:00:00+00:00,6.26,552.1,279691
2026-02-22 03:01:00+00:00,5.93,556.0,284314
2026-02-22 03:02:00+00:00,5.53,556.1,284238
2026-02-22 03:03:00+00:00,5.66,554.5,271768
2026-02-22 03:04:00+00:00,6.27,547.9,260562
2026-02-22 03:05:00+00:00,6.25,544.8,260979
2026-02-22 03:06:00+00:00,5.95,549.2,263925
2026-02-22 03:07:00+00:00,6.09,545.4,263597
2026-02-22 03:08:00+00:00,6.22,546.8,267103
2026-02-22 03:09:00+00:00,5.60,549.2,277151
2026-02-22 03:10:00+00:00,5.43,548.5,268132
2026-02-22 03:11:00+00:00,5.80,548.5,269497
2026-02-22 03:12:00+00:00,5.83,551.1,295970
2026-02-22 03:13:00+00:00,5.53,552.0,303703
2026-02-22 03:14:00+00:00,5.32,551.3,277456
2026-02-22 03:15:00+00:00,5.09,555.8,257781
2026-02-22 03:16:00+00:00,4.74,552.6,269002
2026-02-22 03:17:00+00:00,4.77,552.3,275232
2026-02-22 03:18:00+00:00,5.07,549.2,343236
2026-02-22 03:19:00+00:00,5.19,549.2,311657
2026-02-22 03:20:00+00:00,5.59,549.2,307515
2026-02-22 03:21:00+00:00,5.01,550.4,307475
2026-02-22 03:22:00+00:00,5.52,550.3,333101
2026-02-22 03:23:00+00:00,5.67,550.9,312031
2026-02-22 03:24:00+00:00,5.56,549.6,297562
2026-02-22 03:25:00+00:00,5.54,551.5,290293
2026-02-22 03:26:00+00:00,5.48,555.3,260337
2026-02-22 03:27:00+00:00,5.65,555.2,260060
2026-02-22 03:28:00+00:00,5.73,554.3,285840
2026-02-22 03:29:00+00:00,5.62,554.9,283893
2026-02-22 03:30:00+00:00,5.90,552.3,275739
2026-02-22 03:31:00+00:00,5.97,551.0,279318
2026-02-22 03:32:00+00:00,6.23,551.8,276370
2026-02-22 03:33:00+00:00,5.70,552.3,279699
2026-02-22 03:34:00+00:00,5.85,549.2,283271
2026-02-22 03:35:00+00:00,6.60,547.8,283853
2026-02-22 03:36:00+00:00,6.04,545.1,304891
2026-02-22 03:37:00+00:00,6.05,541.5,330050
2026-02-22 03:38:00+00:00,5.84,542.8,317374
2026-02-22 03:39:00+00:00,5.98,542.9,306900
2026-02-22 03:40:00+00:00,5.29,553.0,283461
2026-02-22 03:41:00+00:00,5.09,557.5,259424
2026-02-22 03:42:00+00:00,5.59,556.0,286439
2026-02-22 03:43:00+00:00,6.23,551.6,316872
2026-02-22 03:44:00+00:00,6.25,548.2,320661
2026-02-22 03:45:00+00:00,5.71,548.5,319595
2026-02-22 03:46:00+00:00,5.73,547.7,320735
2026-02-22 03:47:00+00:00,6.14,545.7,348640
2026-02-22 03:48:00+00:00,5.61,547.9,358479
2026-02-22 03:49:00+00:00,5.55,553.3,287059
2026-02-22 03:50:00+00:00,5.55,553.2,287321
2026-02-22 03:51:00+00:00,5.25,551.7,302781
2026-02-22 03:52:00+00:00,5.44,550.3,358867
2026-02-22 03:53:00+00:00,5.39,549.3,329769
2026-02-22 03:54:00+00:00,4.94,548.7,350371
2026-02-22 03:55:00+00:00,5.16,547.0,359838
2026-02-22 03:56:00+00:00,5.90,548.8,311526
2026-02-22 03:57:00+00:00,6.04,553.7,296177
2026-02-22 03:58:00+00:00,5.40,553.4,308785
2026-02-22 04:00:00+00:00,6.27,542.5,350459
2026-02-22 04:01:00+00:00,6.22,542.3,346284
2026-02-22 04:02:00+00:00,5.80,542.5,349326
2026-02-22 04:03:00+00:00,5.08,544.8,361369
2026-02-22 04:04:00+00:00,5.36,548.5,302710
2026-02-22 04:05:00+00:00,5.81,548.1,284808
2026-02-22 04:06:00+00:00,5.51,535.8,303287
2026-02-22 04:07:00+00:00,3.97,528.8,224065
2026-02-22 04:08:00+00:00,5.49,536.1,223393
2026-02-22 04:09:00+00:00,4.35,530.7,253310
2026-02-22 04:10:00+00:00,5.21,532.6,253688
2026-02-22 04:11:00+00:00,4.81,535.9,255254
2026-02-22 04:12:00+00:00,4.64,537.1,254529
2026-02-22 04:13:00+00:00,4.52,537.3,261604
2026-02-22 04:14:00+00:00,4.62,536.5,267152
2026-02-22 04:15:00+00:00,4.61,534.2,273526
2026-02-22 04:16:00+00:00,4.42,533.0,271480
2026-02-22 04:17:00+00:00,4.37,534.1,265165
2026-02-22 04:18:00+00:00,4.31,534.5,276916
2026-02-22 04:19:00+00:00,4.60,535.7,277486
2026-02-22 04:20:00+00:00,5.59,543.6,263929
2026-02-22 04:21:00+00:00,5.87,542.1,282690
2026-02-22 04:22:00+00:00,5.59,,
2026-02-22 04:23:00+00:00,5.59,546.3,261828
2026-02-22 04:24:00+00:00,5.83,545.3,279561
2026-02-22 04:25:00+00:00,5.59,547.0,269074
2026-02-22 04:26:00+00:00,5.47,544.5,250091
2026-02-22 04:27:00+00:00,4.73,554.3,324862
2026-02-22 04:28:00+00:00,5.42,551.8,314365
2026-02-22 04:29:00+00:00,5.82,549.7,268446
2026-02-22 04:30:00+00:00,5.30,550.5,242725
2026-02-22 04:31:00+00:00,4.04,559.8,322366
2026-02-22 04:32:00+00:00,3.04,567.9,404920
2026-02-22 04:33:00+00:00,2.98,564.3,399408
2026-02-22 04:34:00+00:00,3.15,560.9,418526
2026-02-22 04:35:00+00:00,3.28,559.8,436421
2026-02-22 04:36:00+00:00,3.36,559.5,449793
2026-02-22 04:37:00+00:00,3.38,557.7,422515
2026-02-22 04:38:00+00:00,2.68,562.2,464015
2026-02-22 04:39:00+00:00,2.80,554.7,376555
2026-02-22 04:40:00+00:00,2.82,554.0,423189
2026-02-22 04:41:00+00:00,2.91,551.5,410338
2026-02-22 04:42:00+00:00,2.95,548.5,351357
2026-02-22 04:43:00+00:00,3.03,554.8,444053
2026-02-22 04:44:00+00:00,2.88,561.1,387157
2026-02-22 04:45:00+00:00,2.89,566.5,357302
2026-02-22 04:46:00+00:00,3.09,566.5,383017
2026-02-22 04:47:00+00:00,3.17,575.1,512243
2026-02-22 04:48:00+00:00,3.03,574.7,525764
2026-02-22 04:49:00+00:00,2.85,559.7,377968
2026-02-22 04:50:00+00:00,2.84,560.1,405328
2026-02-22 04:51:00+00:00,3.17,554.6,435144
2026-02-22 04:52:00+00:00,3.37,552.3,386818
2026-02-22 04:53:00+00:00,3.31,552.0,441395
2026-02-22 04:54:00+00:00,3.72,554.9,394010
2026-02-22 04:56:00+00:00,3.24,557.5,433951
2026-02-22 04:57:00+00:00,3.03,552.9,431785
2026-02-22 04:58:00+00:00,3.16,551.2,406538
2026-02-22 04:59:00+00:00,2.98,548.4,368613
2026-02-22 05:00:00+00:00,3.00,548.2,400400
2026-02-22 05:01:00+00:00,3.19,551.6,403851
2026-02-22 05:02:00+00:00,3.11,559.0,459758
2026-02-22 05:03:00+00:00,3.04,559.5,456919
2026-02-22 05:04:00+00:00,3.15,552.5,386619
2026-02-22 05:05:00+00:00,3.18,553.5,405665
2026-02-22 05:06:00+00:00,3.36,559.1,450141
2026-02-22 05:07:00+00:00,4.00,549.6,441507
2026-02-22 05:08:00+00:00,3.85,549.9,539611
2026-02-22 05:09:00+00:00,3.70,548.8,462927
2026-02-22 05:10:00+00:00,3.66,549.2,480006
2026-02-22 05:11:00+00:00,3.67,543.3,450850
2026-02-22 05:12:00+00:00,4.21,543.1,407213
2026-02-22 05:13:00+00:00,3.35,539.7,322163
2026-02-22 05:14:00+00:00,3.83,552.0,432169
2026-02-22 05:15:00+00:00,3.85,558.0,496486
2026-02-22 05:16:00+00:00,3.49,556.4,406770
2026-02-22 05:17:00+00:00,3.63,539.0,377641
2026-02-22 05:18:00+00:00,3.96,544.3,475430
2026-02-22 05:19:00+00:00,3.67,552.5,475592
2026-02-22 05:20:00+00:00,3.39,546.2,428082
2026-02-22 05:21:00+00:00,3.64,543.5,467297
2026-02-22 05:22:00+00:00,3.64,543.5,465668
2026-02-22 05:23:00+00:00,3.30,542.7,451728
2026-02-22 05:24:00+00:00,3.08,536.0,416674
2026-02-22 05:25:00+00:00,3.35,540.6,410223
2026-02-22 05:26:00+00:00,3.63,536.5,394196
2026-02-22 05:27:00+00:00,3.48,533.3,396621
2026-02-22 05:28:00+00:00,3.48,,
2026-02-22 05:29:00+00:00,3.85,521.6,403828
2026-02-22 05:30:00+00:00,3.85,524.9,392860
2026-02-22 05:31:00+00:00,3.70,526.4,410624
2026-02-22 05:32:00+00:00,3.63,526.8,396153
2026-02-22 05:33:00+00:00,3.60,525.1,380151
2026-02-22 05:34:00+00:00,3.65,526.9,434052
2026-02-22 05:35:00+00:00,3.19,536.1,454828
2026-02-22 05:36:00+00:00,3.06,535.6,427281
2026-02-22 05:37:00+00:00,3.53,524.1,413593
2026-02-22 05:38:00+00:00,3.45,523.0,394368
2026-02-22 05:39:00+00:00,3.83,524.4,414440
2026-02-22 05:40:00+00:00,3.76,529.7,412617
2026-02-22 05:41:00+00:00,3.62,527.1,409276
2026-02-22 05:42:00+00:00,3.40,531.2,380478
2026-02-22 05:43:00+00:00,2.78,543.4,396399
2026-02-22 05:44:00+00:00,3.18,532.2,413301
2026-02-22 05:45:00+00:00,3.44,525.6,434423
2026-02-22 05:46:00+00:00,3.48,527.7,460331
2026-02-22 05:47:00+00:00,3.51,530.5,441023
2026-02-22 05:48:00+00:00,3.68,532.5,438520
2026-02-22 05:49:00+00:00,3.84,531.6,449584
2026-02-22 05:50:00+00:00,3.81,528.8,462136
2026-02-22 05:51:00+00:00,3.72,528.3,414010
2026-02-22 05:52:00+00:00,3.65,532.1,396963
2026-02-22 05:53:00+00:00,3.54,535.9,445614
2026-02-22 05:54:00+00:00,3.46,535.2,415440
2026-02-22 05:55:00+00:00,3.46,532.2,373223
2026-02-22 05:56:00+00:00,3.51,528.8,357204
2026-02-22 05:57:00+00:00,3.67,531.3,381777
2026-02-22 05:58:00+00:00,4.08,531.9,385746
2026-02-22 05:59:00+00:00,3.49,529.4,406845
2026-02-22 06:00:00+00:00,3.97,539.3,408268
2026-02-22 06:01:00+00:00,4.00,539.8,408342
2026-02-22 06:02:00+00:00,3.88,542.0,388328
2026-02-22 06:03:00+00:00,3.67,540.1,372283
2026-02-22 06:04:00+00:00,3.71,536.8,374211
2026-02-22 06:05:00+00:00,3.90,533.6,393140
2026-02-22 06:06:00+00:00,3.81,533.5,395307
2026-02-22 06:07:00+00:00,3.74,536.6,418083
2026-02-22 06:08:00+00:00,3.68,534.9,478058
2026-02-22 06:09:00+00:00,3.54,531.9,518564
2026-02-22 06:10:00+00:00,3.61,538.8,542038
2026-02-22 06:11:00+00:00,3.44,544.2,603231
2026-02-22 06:12:00+00:00,3.24,544.0,596483
2026-02-22 06:13:00+00:00,3.41,544.2,540442
2026-02-22 06:14:00+00:00,3.21,534.1,558718
2026-02-22 06:15:00+00:00,2.81,536.2,545097
2026-02-22 06:16:00+00:00,3.31,545.0,538900
2026-02-22 06:17:00+00:00,3.72,541.8,526140
2026-02-22 06:18:00+00:00,3.17,538.8,588998
2026-02-22 06:19:00+00:00,3.45,542.7,499639
2026-02-22 06:20:00+00:00,3.47,545.2,501438
2026-02-22 06:21:00+00:00,3.60,547.3,540109
2026-02-22 06:22:00+00:00,3.45,544.8,522682
2026-02-22 06:23:00+00:00,3.36,540.6,496886
2026-02-22 06:24:00+00:00,3.29,537.6,523634
2026-02-22 06:25:00+00:00,3.12,530.4,522736
2026-02-22 06:26:00+00:00,3.36,522.4,486937
2026-02-22 06:27:00+00:00,3.26,523.2,542079
2026-02-22 06:28:00+00:00,3.04,513.7,411402
2026-02-22 06:29:00+00:00,3.32,518.9,450433
2026-02-22 06:30:00+00:00,3.24,528.2,548228
2026-02-22 06:31:00+00:00,3.42,523.6,512110
2026-02-22 06:32:00+00:00,1.58,467.5,118083
2026-02-22 06:33:00+00:00,3.15,519.1,459416
2026-02-22 06:34:00+00:00,3.37,526.3,507236
2026-02-22 06:35:00+00:00,3.59,523.1,482906
2026-02-22 06:36:00+00:00,3.38,522.2,486843
2026-02-22 06:37:00+00:00,2.50,497.4,257192
2026-02-22 06:38:00+00:00,2.59,502.7,257726
2026-02-22 06:39:00+00:00,3.11,519.4,369643
2026-02-22 06:40:00+00:00,3.18,521.9,351331
2026-02-22 06:41:00+00:00,3.30,525.7,352257
2026-02-22 06:42:00+00:00,3.41,526.0,389147
2026-02-22 06:43:00+00:00,3.31,526.4,409145
2026-02-22 06:44:00+00:00,3.16,530.9,445668
2026-02-22 06:45:00+00:00,3.12,521.8,462353
2026-02-22 06:46:00+00:00,1.52,467.9,78692
2026-02-22 06:47:00+00:00,3.63,523.8,513746
2026-02-22 06:48:00+00:00,2.39,479.5,118787
2026-02-22 06:49:00+00:00,3.18,515.2,507739
2026-02-22 06:50:00+00:00,3.73,520.3,511822
2026-02-22 06:51:00+00:00,3.56,518.8,534177
2026-02-22 06:52:00+00:00,3.25,504.6,344888
2026-02-22 06:53:00+00:00,3.43,516.9,406037
2026-02-22 06:54:00+00:00,3.49,531.7,466903
2026-02-22 06:55:00+00:00,3.49,535.1,445034
2026-02-22 06:56:00+00:00,3.60,535.8,462369
2026-02-22 06:57:00+00:00,3.53,536.0,477137
2026-02-22 06:58:00+00:00,3.34,534.0,461866
2026-02-22 06:59:00+00:00,3.33,527.3,434957
2026-02-22 07:00:00+00:00,3.42,528.7,487382
2026-02-22 07:01:00+00:00,3.54,528.1,494804
2026-02-22 07:02:00+00:00,3.71,530.5,480208
2026-02-22 07:03:00+00:00,3.74,526.5,457608
2026-02-22 07:04:00+00:00,3.54,522.8,532314
2026-02-22 07:05:00+00:00,3.63,521.8,584426
2026-02-22 07:06:00+00:00,3.73,526.4,527780
2026-02-22 07:07:00+00:00,3.75,527.4,513635
2026-02-22 07:08:00+00:00,3.04,532.8,479365
2026-02-22 07:09:00+00:00,3.06,531.1,473355
2026-02-22 07:10:00+00:00,3.18,530.0,466931
2026-02-22 07:11:00+00:00,3.34,528.3,465615
2026-02-22 07:12:00+00:00,3.42,524.2,466442
2026-02-22 07:13:00+00:00,3.21,517.0,428110
2026-02-22 07:14:00+00:00,3.01,514.2,381818
2026-02-22 07:15:00+00:00,3.60,530.0,461176
2026-02-22 07:16:00+00:00,3.67,537.9,497653
2026-02-22 07:17:00+00:00,3.26,512.6,358750
2026-02-22 07:18:00+00:00,3.38,528.3,422474
2026-02-22 07:19:00+00:00,3.73,524.1,414336
2026-02-22 07:20:00+00:00,3.79,541.8,431389
2026-02-22 07:21:00+00:00,3.42,524.1,451294
2026-02-22 07:22:00+00:00,3.48,535.1,489735
2026-02-22 07:23:00+00:00,3.48,527.0,421803
2026-02-22 07:24:00+00:00,3.53,526.6,416674
2026-02-22 07:25:00+00:00,3.57,499.3,364422
2026-02-22 07:26:00+00:00,3.71,522.1,445764
2026-02-22 07:27:00+00:00,3.65,540.9,525258
2026-02-22 07:28:00+00:00,3.49,522.7,491181
2026-02-22 07:29:00+00:00,3.48,526.8,492292
2026-02-22 07:30:00+00:00,3.36,542.5,513291
2026-02-22 07:31:00+00:00,3.27,547.9,439970
2026-02-22 07:32:00+00:00,3.56,551.3,333828
2026-02-22 07:33:00+00:00,3.39,534.0,275845
2026-02-22 07:34:00+00:00,3.29,551.6,297549
2026-02-22 07:35:00+00:00,3.47,556.4,280882
2026-02-22 07:36:00+00:00,3.44,562.6,302439
2026-02-22 07:37:00+00:00,3.23,537.9,279540
2026-02-22 07:38:00+00:00,3.39,570.4,449033
2026-02-22 07:39:00+00:00,3.47,555.0,426762
2026-02-22 07:40:00+00:00,3.48,547.2,406418
2026-02-22 07:41:00+00:00,4.39,570.2,686065
2026-02-22 07:42:00+00:00,3.44,542.5,494847
2026-02-22 07:43:00+00:00,2.80,527.6,402863
2026-02-22 07:44:00+00:00,4.32,510.8,383688
2026-02-22 07:45:00+00:00,5.13,504.9,370967
2026-02-22 07:46:00+00:00,3.07,558.0,550909
2026-02-22 07:47:00+00:00,3.26,551.8,488736
2026-02-22 07:48:00+00:00,3.65,537.3,498365
2026-02-22 07:49:00+00:00,3.64,543.3,498405
2026-02-22 07:50:00+00:00,3.10,554.1,401111
2026-02-22 07:51:00+00:00,2.93,542.9,489126
2026-02-22 07:52:00+00:00,2.74,505.4,367238
2026-02-22 07:53:00+00:00,2.91,566.3,425126
2026-02-22 07:54:00+00:00,2.71,558.9,400192
2026-02-22 07:55:00+00:00,3.00,542.8,388268
2026-02-22 07:56:00+00:00,3.02,503.1,299933
2026-02-22 07:57:00+00:00,3.03,530.6,335008
2026-02-22 07:58:00+00:00,3.26,558.6,419255
2026-02-22 07:59:00+00:00,3.39,547.3,407979
2026-02-22 08:00:00+00:00,3.35,542.8,387430
2026-02-22 08:01:00+00:00,3.19,554.6,415780
2026-02-22 08:02:00+00:00,3.01,554.7,423319
2026-02-22 08:03:00+00:00,3.18,550.3,448534
2026-02-22 08:04:00+00:00,3.37,544.0,387467
2026-02-22 08:05:00+00:00,3.40,558.8,450353
2026-02-22 08:06:00+00:00,3.77,551.3,430721
2026-02-22 08:07:00+00:00,3.65,539.5,399888
2026-02-22 08:08:00+00:00,3.68,545.6,398187
2026-02-22 08:09:00+00:00,3.58,559.9,424927
2026-02-22 08:10:00+00:00,3.48,528.2,319924
2026-02-22 08:11:00+00:00,3.35,536.7,345082
2026-02-22 08:12:00+00:00,3.37,554.4,389006
2026-02-22 08:13:00+00:00,3.40,560.1,401711
2026-02-22 08:14:00+00:00,4.02,600.5,585755
2026-02-22 08:15:00+00:00,3.73,579.8,463748
2026-02-22 08:16:00+00:00,3.27,568.4,302944
2026-02-22 08:17:00+00:00,4.31,577.3,278028
2026-02-22 08:18:00+00:00,5.38,561.2,313361
2026-02-22 08:19:00+00:00,2.39,560.0,336437
2026-02-22 08:20:00+00:00,2.65,599.1,393944
2026-02-22 08:21:00+00:00,2.57,609.5,390166
2026-02-22 08:22:00+00:00,2.39,621.3,474229
2026-02-22 08:23:00+00:00,3.41,609.8,338345
2026-02-22 08:24:00+00:00,3.49,615.6,342208
2026-02-22 08:25:00+00:00,3.81,632.8,301008
2026-02-22 08:26:00+00:00,3.64,593.3,242466
2026-02-22 08:27:00+00:00,3.95,600.1,244585
2026-02-22 08:28:00+00:00,4.21,619.5,265118
2026-02-22 08:29:00+00:00,4.10,631.1,272759
2026-02-22 08:30:00+00:00,3.73,584.3,217225
2026-02-22 08:31:00+00:00,3.61,572.7,202424
2026-02-22 08:32:00+00:00,3.80,612.9,241738
2026-02-22 08:33:00+00:00,3.79,619.1,248841
2026-02-22 08:34:00+00:00,3.53,602.4,241029
2026-02-22 08:35:00+00:00,3.37,594.6,233776
2026-02-22 08:36:00+00:00,3.16,614.4,247683
2026-02-22 08:37:00+00:00,3.21,618.3,247920
2026-02-22 08:38:00+00:00,2.85,595.5,230341
2026-02-22 08:39:00+00:00,3.89,612.8,271479
2026-02-22 08:40:00+00:00,3.63,618.1,189034
2026-02-22 08:41:00+00:00,3.80,636.7,201193
2026-02-22 08:42:00+00:00,3.47,591.8,176275
2026-02-22 08:43:00+00:00,3.25,604.0,234379
2026-02-22 08:44:00+00:00,3.25,627.5,278078
2026-02-22 08:45:00+00:00,3.03,610.2,241843
2026-02-22 08:46:00+00:00,2.87,594.9,212893
2026-02-22 08:47:00+00:00,3.86,621.4,201147
2026-02-22 08:48:00+00:00,3.81,618.9,194702
2026-02-22 08:49:00+00:00,3.56,608.0,187835
2026-02-22 08:50:00+00:00,2.36,574.5,149003
2026-02-22 08:51:00+00:00,0.95,546.9,86266
2026-02-22 08:52:00+00:00,4.08,628.4,253278
2026-02-22 08:53:00+00:00,3.97,630.7,262059
2026-02-22 08:54:00+00:00,2.97,575.6,228161
2026-02-22 08:55:00+00:00,2.97,627.1,250500
2026-02-22 08:56:00+00:00,3.14,646.4,275676
2026-02-22 08:57:00+00:00,3.30,609.8,204688
2026-02-22 08:58:00+00:00,3.78,633.2,267943
2026-02-22 08:59:00+00:00,3.54,623.5,230701
2026-02-22 09:00:00+00:00,3.53,621.2,227998
2026-02-22 09:01:00+00:00,3.26,582.1,179918
2026-02-22 09:02:00+00:00,3.43,609.6,217087
2026-02-22 09:03:00+00:00,3.51,638.2,265742
2026-02-22 09:04:00+00:00,3.27,619.1,248556
2026-02-22 09:05:00+00:00,3.24,618.8,306053
2026-02-22 09:06:00+00:00,3.31,638.1,454428
2026-02-22 09:07:00+00:00,3.63,659.8,481207
2026-02-22 09:08:00+00:00,3.40,638.1,355231
2026-02-22 09:09:00+00:00,3.66,632.5,356342
2026-02-22 09:10:00+00:00,6.46,650.1,516901
2026-02-22 09:11:00+00:00,2.80,682.8,481059
2026-02-22 09:12:00+00:00,2.58,645.3,399058
2026-02-22 09:13:00+00:00,3.00,626.2,345270
2026-02-22 09:14:00+00:00,3.10,657.6,398615
2026-02-22 09:15:00+00:00,2.98,644.8,349044
2026-02-22 09:16:00+00:00,3.19,640.1,490798
2026-02-22 09:17:00+00:00,2.76,697.8,588353
2026-02-22 09:18:00+00:00,1.32,628.6,306959
2026-02-22 09:19:00+00:00,0.42,543.1,65471
2026-02-22 09:20:00+00:00,2.42,565.8,176745
2026-02-22 09:21:00+00:00,2.95,598.6,249546
2026-02-22 09:22:00+00:00,3.84,656.3,372635
2026-02-22 09:23:00+00:00,3.70,645.1,320315
2026-02-22 09:24:00+00:00,4.00,629.5,237109
2026-02-22 09:25:00+00:00,3.82,615.4,215263
2026-02-22 09:26:00+00:00,4.12,651.0,274798
2026-02-22 09:27:00+00:00,3.73,630.0,252777
2026-02-22 09:28:00+00:00,3.57,637.9,263630
2026-02-22 09:29:00+00:00,3.61,659.7,292505
2026-02-22 09:30:00+00:00,6.58,642.2,289286
2026-02-22 09:31:00+00:00,4.27,644.5,292235
2026-02-22 09:32:00+00:00,3.00,604.1,205719
2026-02-22 09:33:00+00:00,5.18,622.0,340100
2026-02-22 09:34:00+00:00,4.83,656.8,398171
2026-02-22 09:35:00+00:00,3.02,661.4,335627
2026-02-22 09:36:00+00:00,2.64,658.1,304907
2026-02-22 09:37:00+00:00,4.39,647.2,265051
2026-02-22 09:38:00+00:00,6.47,629.7,238923
2026-02-22 09:39:00+00:00,3.38,647.5,302503
2026-02-22 09:40:00+00:00,3.48,647.0,296707
2026-02-22 09:41:00+00:00,3.87,661.4,327674
2026-02-22 09:42:00+00:00,6.84,626.8,376013
2026-02-22 09:43:00+00:00,3.36,656.8,315551
2026-02-22 09:44:00+00:00,2.39,621.1,246146
2026-02-22 09:45:00+00:00,3.98,652.4,294384
2026-02-22 09:46:00+00:00,3.56,651.4,321219
2026-02-22 09:47:00+00:00,3.63,632.0,289960
2026-02-22 09:48:00+00:00,6.29,625.4,280676
2026-02-22 09:49:00+00:00,4.72,634.0,288658
2026-02-22 09:50:00+00:00,1.38,589.9,154715
2026-02-22 09:51:00+00:00,1.62,599.8,170895
2026-02-22 09:52:00+00:00,3.29,653.7,309016
2026-02-22 09:53:00+00:00,3.36,651.9,249105
2026-02-22 09:54:00+00:00,3.51,649.4,251866
2026-02-22 09:55:00+00:00,3.99,643.0,265241
2026-02-22 09:56:00+00:00,4.30,641.4,286952
2026-02-22 09:57:00+00:00,4.16,637.3,284505
2026-02-22 09:58:00+00:00,3.60,646.3,342239
2026-02-22 09:59:00+00:00,2.79,578.0,211269
2026-02-22 10:00:00+00:00,3.45,626.6,256236
2026-02-22 10:01:00+00:00,3.60,645.1,301923
2026-02-22 10:02:00+00:00,3.55,623.5,253586
2026-02-22 10:03:00+00:00,3.90,629.8,217786
2026-02-22 10:04:00+00:00,3.87,648.4,293871
2026-02-22 10:05:00+00:00,3.68,629.8,266012
2026-02-22 10:06:00+00:00,3.69,621.0,273094
2026-02-22 10:07:00+00:00,3.85,637.2,337999
2026-02-22 10:08:00+00:00,3.65,634.7,339116
2026-02-22 10:09:00+00:00,3.36,612.9,288782
2026-02-22 10:10:00+00:00,3.70,615.3,270679
2026-02-22 10:11:00+00:00,4.45,636.1,326082
2026-02-22 10:12:00+00:00,5.59,649.3,439239
2026-02-22 10:13:00+00:00,4.03,675.7,375324
2026-02-22 10:14:00+00:00,3.65,684.1,336522
2026-02-22 10:15:00+00:00,3.19,640.7,370935
2026-02-22 10:16:00+00:00,2.77,614.5,285776
2026-02-22 10:17:00+00:00,2.77,596.4,234107
2026-02-22 10:18:00+00:00,3.44,640.4,343955
2026-02-22 10:19:00+00:00,3.69,667.6,393136
2026-02-22 10:20:00+00:00,2.65,681.2,443681
2026-02-22 10:21:00+00:00,2.58,713.2,455837
2026-02-22 10:22:00+00:00,3.16,713.0,401639
2026-02-22 10:23:00+00:00,1.87,635.3,214801
2026-02-22 10:24:00+00:00,0.92,588.9,128153
2026-02-22 10:25:00+00:00,1.90,618.3,225956
2026-02-22 10:26:00+00:00,2.75,623.2,401786
2026-02-22 10:27:00+00:00,2.75,624.6,405857
2026-02-22 10:28:00+00:00,2.77,623.1,399248
2026-02-22 10:29:00+00:00,2.80,587.1,281952
2026-02-22 10:30:00+00:00,2.51,596.4,321253
2026-02-22 10:31:00+00:00,3.54,621.3,323842
2026-02-22 10:32:00+00:00,3.79,654.7,418841
2026-02-22 10:33:00+00:00,3.29,623.4,338661
2026-02-22 10:34:00+00:00,3.18,593.0,282699
2026-02-22 10:35:00+00:00,2.98,612.1,348278
2026-02-22 10:36:00+00:00,2.98,635.8,413473
2026-02-22 10:37:00+00:00,3.15,615.0,317323
2026-02-22 10:38:00+00:00,3.17,612.1,296873
2026-02-22 10:39:00+00:00,3.28,639.3,382646
2026-02-22 10:40:00+00:00,2.82,634.3,356643
2026-02-22 10:41:00+00:00,2.56,605.3,249757
2026-02-22 10:42:00+00:00,3.67,609.1,277420
2026-02-22 10:43:00+00:00,3.57,610.6,348977
2026-02-22 10:44:00+00:00,3.17,611.4,297417
2026-02-22 10:45:00+00:00,2.11,679.3,384118
2026-02-22 10:46:00+00:00,2.44,594.2,286632
2026-02-22 10:47:00+00:00,3.06,688.6,372668
2026-02-22 10:48:00+00:00,3.11,694.9,386222
2026-02-22 10:49:00+00:00,2.01,718.6,464871
2026-02-22 10:50:00+00:00,0.42,551.7,131390
2026-02-22 10:51:00+00:00,0.94,657.1,238442
2026-02-22 10:52:00+00:00,1.69,710.1,479871
2026-02-22 10:53:00+00:00,2.11,674.2,318590
2026-02-22 10:54:00+00:00,2.83,675.0,274109
2026-02-22 10:55:00+00:00,3.25,684.3,342127
2026-02-22 10:56:00+00:00,2.72,659.8,269710
2026-02-22 10:57:00+00:00,2.47,671.4,275601
2026-02-22 10:58:00+00:00,3.22,726.7,419114
2026-02-22 10:59:00+00:00,0.54,579.0,58904
2026-02-22 11:00:00+00:00,0.99,586.4,84774
2026-02-22 11:01:00+00:00,3.57,631.0,242090
2026-02-22 11:02:00+00:00,4.00,657.6,359735
2026-02-22 11:03:00+00:00,2.54,625.8,344295
2026-02-22 11:04:00+00:00,2.72,627.7,385687
2026-02-22 11:05:00+00:00,2.86,593.3,311761
2026-02-22 11:06:00+00:00,2.79,619.0,391258
2026-02-22 11:07:00+00:00,2.94,615.2,374847
2026-02-22 11:08:00+00:00,2.90,589.1,305576
2026-02-22 11:09:00+00:00,3.19,606.5,293744
2026-02-22 11:10:00+00:00,3.50,622.9,292607
2026-02-22 11:11:00+00:00,3.71,631.4,320687
2026-02-22 11:12:00+00:00,3.64,608.5,289958
2026-02-22 11:13:00+00:00,3.97,593.0,316496
2026-02-22 11:14:00+00:00,4.54,642.5,493901
2026-02-22 11:15:00+00:00,3.13,625.3,359841
2026-02-22 11:16:00+00:00,3.20,620.3,337015
2026-02-22 11:17:00+00:00,3.33,586.6,224151
2026-02-22 11:18:00+00:00,4.71,697.3,451247
2026-02-22 11:19:00+00:00,3.03,672.1,412385
2026-02-22 11:20:00+00:00,2.82,610.7,298747
2026-02-22 11:21:00+00:00,4.47,691.1,426147
2026-02-22 11:22:00+00:00,3.76,720.6,386736
2026-02-22 11:23:00+00:00,3.03,678.3,342211
2026-02-22 11:24:00+00:00,2.73,694.8,279624
2026-02-22 11:25:00+00:00,3.60,729.8,304506
2026-02-22 11:26:00+00:00,3.73,727.3,305310
2026-02-22 11:27:00+00:00,2.90,688.1,246526
2026-02-22 11:28:00+00:00,2.63,696.1,282236
2026-02-22 11:29:00+00:00,2.80,727.7,406726
2026-02-22 11:30:00+00:00,2.14,682.3,418703
2026-02-22 11:31:00+00:00,1.24,661.5,341781
2026-02-22 11:32:00+00:00,1.19,666.4,278853
2026-02-22 11:33:00+00:00,1.23,666.4,275147
2026-02-22 11:34:00+00:00,1.73,667.1,235467
2026-02-22 11:35:00+00:00,2.52,713.0,299465
2026-02-22 11:36:00+00:00,2.59,733.9,371558
2026-02-22 11:37:00+00:00,2.18,673.8,303928
2026-02-22 11:38:00+00:00,1.86,718.6,322746
2026-02-22 11:39:00+00:00,2.36,710.8,345024
2026-02-22 11:40:00+00:00,2.50,687.1,319277
2026-02-22 11:41:00+00:00,2.13,697.2,328801
2026-02-22 11:42:00+00:00,0.95,631.2,186589
2026-02-22 11:43:00+00:00,1.36,619.0,163117
2026-02-22 11:44:00+00:00,2.79,678.5,340686
2026-02-22 11:45:00+00:00,2.77,662.3,351962
2026-02-22 11:46:00+00:00,2.30,621.2,233324
2026-02-22 11:47:00+00:00,2.28,632.6,347572
2026-02-22 11:48:00+00:00,2.47,648.5,455886
2026-02-22 11:49:00+00:00,2.07,611.7,294112
2026-02-22 11:50:00+00:00,2.05,624.0,325621
2026-02-22 11:51:00+00:00,0.79,595.8,250719
2026-02-22 11:52:00+00:00,1.11,626.4,239868
2026-02-22 11:53:00+00:00,1.60,606.6,257033
2026-02-22 11:54:00+00:00,1.48,627.0,518456
2026-02-22 11:55:00+00:00,2.18,614.3,345194
2026-02-22 11:56:00+00:00,4.62,614.4,289892
2026-02-22 11:57:00+00:00,4.17,622.9,292904
2026-02-22 11:58:00+00:00,3.15,623.4,270430
2026-02-22 11:59:00+00:00,3.11,629.0,271777
2026-02-22 12:00:00+00:00,3.18,647.2,309364
2026-02-22 12:01:00+00:00,3.07,651.8,313911
2026-02-22 12:02:00+00:00,2.87,640.0,284512
2026-02-22 12:03:00+00:00,3.02,660.0,338126
2026-02-22 12:04:00+00:00,3.08,688.6,394036
2026-02-22 12:05:00+00:00,3.24,649.3,324560
2026-02-22 12:06:00+00:00,3.25,649.2,323005
2026-02-22 12:07:00+00:00,3.68,639.2,231264
2026-02-22 12:08:00+00:00,7.93,642.2,314982
2026-02-22 12:09:00+00:00,4.02,647.0,387356
2026-02-22 12:10:00+00:00,2.59,583.9,204805
2026-02-22 12:11:00+00:00,3.07,600.5,229054
2026-02-22 12:12:00+00:00,3.35,615.3,259842
2026-02-22 12:13:00+00:00,3.60,655.9,286376
2026-02-22 12:14:00+00:00,4.13,677.3,316941
2026-02-22 12:15:00+00:00,3.44,669.2,285852
2026-02-22 12:16:00+00:00,2.40,656.6,259430
2026-02-22 12:17:00+00:00,3.06,640.8,312330
2026-02-22 12:18:00+00:00,3.13,641.4,323286
2026-02-22 12:19:00+00:00,0.93,671.0,250843
2026-02-22 12:20:00+00:00,2.94,643.2,281461
2026-02-22 12:21:00+00:00,5.98,598.5,271082
2026-02-22 12:22:00+00:00,2.59,588.5,217730
2026-02-22 12:23:00+00:00,3.27,631.8,295627
2026-02-22 12:24:00+00:00,3.31,655.2,322536
2026-02-22 12:25:00+00:00,2.87,641.3,287260
2026-02-22 12:26:00+00:00,3.46,634.2,262050
2026-02-22 12:27:00+00:00,3.66,631.4,292310
2026-02-22 12:28:00+00:00,3.63,626.5,299303
2026-02-22 12:29:00+00:00,2.57,610.0,351146
2026-02-22 12:30:00+00:00,2.11,595.8,251961
2026-02-22 12:31:00+00:00,2.82,602.3,208544
2026-02-22 12:32:00+00:00,3.36,611.6,270293
2026-02-22 12:33:00+00:00,3.29,608.8,256784
2026-02-22 12:34:00+00:00,2.36,581.5,186832
2026-02-22 12:35:00+00:00,0.73,540.8,79797
2026-02-22 12:36:00+00:00,2.89,618.6,235669
2026-02-22 12:37:00+00:00,2.68,592.6,202771
2026-02-22 12:38:00+00:00,1.10,,
2026-02-22 12:39:00+00:00,1.10,578.9,49915
2026-02-22 12:40:00+00:00,3.12,616.3,188443
2026-02-22 12:41:00+00:00,3.38,578.2,152864
2026-02-22 12:42:00+00:00,4.45,665.2,335724
2026-02-22 12:43:00+00:00,3.84,623.4,237909
2026-02-22 12:44:00+00:00,3.32,594.6,169315
2026-02-22 12:45:00+00:00,3.01,580.2,146781
2026-02-22 12:46:00+00:00,1.33,547.0,81247
2026-02-22 12:47:00+00:00,1.83,571.1,116295
2026-02-22 12:48:00+00:00,3.41,608.7,179599
2026-02-22 12:49:00+00:00,3.42,612.3,183496
2026-02-22 12:50:00+00:00,5.15,631.5,229490
2026-02-22 12:51:00+00:00,7.13,619.3,221857
2026-02-22 12:52:00+00:00,3.04,613.1,203269
2026-02-22 12:53:00+00:00,3.47,627.7,260699
2026-02-22 12:54:00+00:00,2.38,633.7,254852
2026-02-22 12:55:00+00:00,3.16,644.2,286233
2026-02-22 12:56:00+00:00,3.38,636.6,277878
2026-02-22 12:57:00+00:00,3.40,598.5,159930
2026-02-22 12:58:00+00:00,3.93,625.7,211629
2026-02-22 12:59:00+00:00,7.12,624.9,198053
2026-02-22 13:00:00+00:00,4.19,598.4,178889
2026-02-22 13:01:00+00:00,2.90,627.9,233629
2026-02-22 13:02:00+00:00,3.08,657.8,292007
2026-02-22 13:03:00+00:00,3.18,656.7,307425
2026-02-22 13:04:00+00:00,2.87,620.1,237900
2026-02-22 13:05:00+00:00,2.34,605.5,226439
2026-02-22 13:06:00+00:00,2.57,633.7,324503
2026-02-22 13:07:00+00:00,3.13,604.2,256963
2026-02-22 13:08:00+00:00,3.50,625.0,285244
2026-02-22 13:09:00+00:00,3.67,629.8,293225
2026-02-22 13:10:00+00:00,3.09,612.2,375304
2026-02-22 13:12:00+00:00,3.53,607.8,295450
2026-02-22 13:13:00+00:00,2.43,609.6,361793
2026-02-22 13:14:00+00:00,2.42,620.8,458142
2026-02-22 13:15:00+00:00,2.92,633.3,361067
2026-02-22 13:16:00+00:00,3.28,633.9,348344
2026-02-22 13:17:00+00:00,3.44,614.3,289048
2026-02-22 13:18:00+00:00,3.63,614.1,282470
2026-02-22 13:19:00+00:00,3.59,597.8,260104
2026-02-22 13:20:00+00:00,3.56,607.0,284313
2026-02-22 13:21:00+00:00,3.68,639.8,361854
2026-02-22 13:22:00+00:00,3.63,620.0,330009
2026-02-22 13:23:00+00:00,3.32,610.1,322130
2026-02-22 13:24:00+00:00,2.33,599.1,329582
2026-02-22 13:25:00+00:00,2.69,676.4,395591
2026-02-22 13:26:00+00:00,3.15,673.5,554034
2026-02-22 13:27:00+00:00,3.69,633.2,278748
2026-02-22 13:28:00+00:00,9.50,667.2,304318
2026-02-22 13:29:00+00:00,4.34,674.4,534896
2026-02-22 13:30:00+00:00,3.37,675.0,625030
2026-02-22 13:31:00+00:00,2.91,640.6,408449
2026-02-22 13:32:00+00:00,2.53,632.0,300492
2026-02-22 13:33:00+00:00,2.17,624.6,190465
2026-02-22 13:34:00+00:00,2.66,615.9,287124
2026-02-22 13:35:00+00:00,3.38,630.7,328404
2026-02-22 13:36:00+00:00,2.96,666.3,317696
2026-02-22 13:37:00+00:00,2.18,687.6,383571
2026-02-22 13:38:00+00:00,2.53,663.1,320649
2026-02-22 13:39:00+00:00,4.27,619.6,240726
2026-02-22 13:40:00+00:00,7.73,634.6,254366
2026-02-22 13:41:00+00:00,3.99,619.4,334319
2026-02-22 13:42:00+00:00,6.08,577.3,173283
2026-02-22 13:43:00+00:00,2.26,557.7,167358
2026-02-22 13:44:00+00:00,2.26,,
2026-02-22 13:45:00+00:00,3.43,691.7,391596
2026-02-22 13:46:00+00:00,0.92,621.8,346863
2026-02-22 13:47:00+00:00,0.51,637.6,472173
2026-02-22 13:48:00+00:00,0.53,641.4,508474
2026-02-22 13:49:00+00:00,0.43,622.9,451650
2026-02-22 13:50:00+00:00,0.55,613.3,337966
2026-02-22 13:51:00+00:00,0.38,570.3,161956
2026-02-22 13:52:00+00:00,0.32,590.0,176189
2026-02-22 13:53:00+00:00,0.66,650.9,330297
2026-02-22 13:54:00+00:00,0.80,615.1,310490
2026-02-22 13:55:00+00:00,1.32,613.5,305715
2026-02-22 13:56:00+00:00,2.22,604.8,290763
2026-02-22 13:57:00+00:00,2.05,597.6,374397
2026-02-22 13:58:00+00:00,6.92,605.8,325383
2026-02-22 13:59:00+00:00,3.51,659.4,289498
2026-02-22 14:00:00+00:00,7.68,630.0,270205
2026-02-22 14:01:00+00:00,3.42,619.5,249286
2026-02-22 14:02:00+00:00,2.79,603.8,247753
2026-02-22 14:03:00+00:00,2.79,661.6,280750
2026-02-22 14:04:00+00:00,1.18,577.0,112749
2026-02-22 14:05:00+00:00,1.81,580.6,303430
2026-02-22 14:06:00+00:00,1.23,565.6,219038
2026-02-22 14:07:00+00:00,1.44,587.8,148599
2026-02-22 14:08:00+00:00,4.32,642.7,246735
2026-02-22 14:09:00+00:00,5.82,637.6,200873
2026-02-22 14:10:00+00:00,4.03,627.3,167365
2026-02-22 14:11:00+00:00,1.91,635.8,218253
2026-02-22 14:12:00+00:00,0.48,671.0,274525
2026-02-22 14:13:00+00:00,0.45,650.3,247568
2026-02-22 14:14:00+00:00,0.34,654.6,263605
2026-02-22 14:15:00+00:00,1.54,650.3,464221
2026-02-22 14:16:00+00:00,2.76,609.7,208955
2026-02-22 14:17:00+00:00,2.80,608.3,200153
2026-02-22 14:18:00+00:00,3.98,715.9,492139
2026-02-22 14:19:00+00:00,3.78,662.1,305350
2026-02-22 14:20:00+00:00,4.03,668.5,320732
2026-02-22 14:21:00+00:00,3.04,636.0,234242
2026-02-22 14:22:00+00:00,2.83,621.3,155943
2026-02-22 14:23:00+00:00,1.90,642.7,177704
2026-02-22 14:24:00+00:00,0.44,608.2,135186
2026-02-22 14:25:00+00:00,1.26,574.2,160355
2026-02-22 14:26:00+00:00,2.98,619.9,311177
2026-02-22 14:27:00+00:00,2.73,614.3,220397
2026-02-22 14:28:00+00:00,3.00,623.3,317132
2026-02-22 14:29:00+00:00,2.36,585.4,161325
2026-02-22 14:30:00+00:00,2.44,619.6,180718
2026-02-22 14:31:00+00:00,3.07,619.0,219410
2026-02-22 14:32:00+00:00,3.05,606.0,185197
2026-02-22 14:33:00+00:00,3.12,575.1,142870
2026-02-22 14:34:00+00:00,3.29,621.2,206595
2026-02-22 14:35:00+00:00,3.05,604.2,164423
2026-02-22 14:36:00+00:00,3.10,612.3,175503
2026-02-22 14:37:00+00:00,3.26,597.5,166448
2026-02-22 14:38:00+00:00,3.15,590.4,159027
2026-02-22 14:39:00+00:00,3.21,613.2,211560
2026-02-22 14:40:00+00:00,2.95,605.6,212650
2026-02-22 14:41:00+00:00,2.72,590.9,195265
2026-02-22 14:42:00+00:00,3.23,615.4,243271
2026-02-22 14:43:00+00:00,3.04,595.2,178999
2026-02-22 14:44:00+00:00,3.19,596.4,196289
2026-02-22 14:45:00+00:00,3.18,587.2,192522
2026-02-22 14:46:00+00:00,3.18,612.6,194800
2026-02-22 14:47:00+00:00,3.25,611.7,274578
2026-02-22 14:48:00+00:00,3.33,592.2,184051
2026-02-22 14:49:00+00:00,3.42,606.1,196898
2026-02-22 14:50:00+00:00,3.43,607.7,198672
2026-02-22 14:52:00+00:00,2.97,562.7,138913
2026-02-22 14:53:00+00:00,3.22,605.1,192350
2026-02-22 14:54:00+00:00,3.93,636.7,265951
2026-02-22 14:55:00+00:00,3.82,621.1,228149
2026-02-22 14:56:00+00:00,3.24,606.2,174170
2026-02-22 14:57:00+00:00,3.31,607.0,173326
2026-02-22 14:58:00+00:00,3.44,592.3,138008
2026-02-22 14:59:00+00:00,3.09,583.8,141144
2026-02-22 15:00:00+00:00,2.90,582.9,138456
2026-02-22 15:01:00+00:00,3.13,617.0,195228
2026-02-22 15:02:00+00:00,2.90,600.8,154728
2026-02-22 15:03:00+00:00,3.17,595.3,139240
2026-02-22 15:04:00+00:00,1.65,599.4,154228
2026-02-22 15:05:00+00:00,0.23,525.0,38957
2026-02-22 15:06:00+00:00,2.46,591.5,158648
2026-02-22 15:07:00+00:00,3.14,605.9,167633
2026-02-22 15:08:00+00:00,2.93,594.9,139905
2026-02-22 15:09:00+00:00,2.98,604.6,164445
2026-02-22 15:10:00+00:00,2.91,597.0,161054
2026-02-22 15:11:00+00:00,2.76,582.3,126827
2026-02-22 15:12:00+00:00,2.74,597.4,132166
2026-02-22 15:13:00+00:00,2.91,620.3,173828
2026-02-22 15:14:00+00:00,3.11,617.6,191908
2026-02-22 15:15:00+00:00,2.86,608.9,177921
2026-02-22 15:16:00+00:00,2.86,601.3,169159
2026-02-22 15:17:00+00:00,2.99,604.1,175361
2026-02-22 15:18:00+00:00,2.56,590.1,114829
2026-02-22 15:19:00+00:00,2.09,639.3,152769
2026-02-22 15:20:00+00:00,4.70,664.8,371203
2026-02-22 15:21:00+00:00,3.71,642.1,356460
2026-02-22 15:22:00+00:00,2.39,594.6,155937
2026-02-22 15:23:00+00:00,2.15,585.7,116327
2026-02-22 15:24:00+00:00,3.49,619.9,216886
2026-02-22 15:25:00+00:00,2.80,574.3,133927
2026-02-22 15:26:00+00:00,2.68,593.8,148079
2026-02-22 15:27:00+00:00,2.85,616.1,155701
2026-02-22 15:28:00+00:00,2.84,611.8,143320
2026-02-22 15:29:00+00:00,3.01,616.9,169812
2026-02-22 15:30:00+00:00,3.00,599.4,145018
2026-02-22 15:31:00+00:00,2.59,586.9,128686
2026-02-22 15:32:00+00:00,2.78,599.9,136317
2026-02-22 15:33:00+00:00,2.67,599.3,133880
2026-02-22 15:34:00+00:00,3.14,618.1,224491
2026-02-22 15:35:00+00:00,2.38,558.5,113217
2026-02-22 15:36:00+00:00,1.12,632.4,276353
2026-02-22 15:37:00+00:00,1.03,620.9,259181
2026-02-22 15:38:00+00:00,2.34,590.6,178955
2026-02-22 15:39:00+00:00,3.19,614.7,241186
2026-02-22 15:40:00+00:00,2.75,592.5,168499
2026-02-22 15:41:00+00:00,2.44,587.2,163193
2026-02-22 15:42:00+00:00,2.42,579.5,154357
2026-02-22 15:43:00+00:00,2.79,583.3,142621
2026-02-22 15:44:00+00:00,3.15,593.6,147421
2026-02-22 15:45:00+00:00,3.30,598.0,155622
2026-02-22 15:46:00+00:00,4.79,598.4,160800
2026-02-22 15:47:00+00:00,6.44,578.9,139101
2026-02-22 15:48:00+00:00,2.66,622.4,244008
2026-02-22 15:49:00+00:00,3.08,615.2,233156
2026-02-22 15:50:00+00:00,7.06,564.8,106766
2026-02-22 15:51:00+00:00,2.58,627.4,219187
2026-02-22 15:52:00+00:00,2.66,609.2,232419
2026-02-22 15:53:00+00:00,3.10,619.8,273915
2026-02-22 15:54:00+00:00,1.53,571.3,123717
2026-02-22 15:55:00+00:00,2.02,637.0,297296
2026-02-22 15:56:00+00:00,2.27,660.0,359544
2026-02-22 15:57:00+00:00,2.18,590.7,135938
2026-02-22 15:58:00+00:00,2.64,619.4,251696
2026-02-22 16:00:00+00:00,2.32,633.0,238303
2026-02-22 16:01:00+00:00,2.15,610.0,198559
2026-02-22 16:02:00+00:00,1.31,554.1,98702
2026-02-22 16:03:00+00:00,1.68,540.7,83446
2026-02-22 16:04:00+00:00,6.19,620.8,279594
2026-02-22 16:05:00+00:00,2.42,615.0,304974
2026-02-22 16:06:00+00:00,2.24,588.5,221373
2026-02-22 16:07:00+00:00,2.93,604.7,326800
2026-02-22 16:08:00+00:00,3.21,619.1,376893
2026-02-22 16:09:00+00:00,1.85,594.3,398095
2026-02-22 16:10:00+00:00,2.19,617.9,399608
2026-02-22 16:11:00+00:00,2.16,614.6,292628
2026-02-22 16:12:00+00:00,1.99,609.4,239777
2026-02-22 16:13:00+00:00,2.35,584.7,209579
2026-02-22 16:14:00+00:00,1.29,592.1,161490
2026-02-22 16:15:00+00:00,0.85,629.6,220642
2026-02-22 16:16:00+00:00,1.32,663.4,273204
2026-02-22 16:17:00+00:00,1.22,685.9,275080
2026-02-22 16:18:00+00:00,1.17,679.5,323694
2026-02-22 16:19:00+00:00,0.92,631.9,225573
2026-02-22 16:20:00+00:00,0.94,618.5,181146
2026-02-22 16:21:00+00:00,1.15,672.9,384939
2026-02-22 16:22:00+00:00,1.39,684.4,430266
2026-02-22 16:23:00+00:00,1.34,629.7,223758
2026-02-22 16:24:00+00:00,1.69,660.6,441714
2026-02-22 16:25:00+00:00,1.55,624.3,389980
2026-02-22 16:26:00+00:00,2.46,674.2,522881
2026-02-22 16:27:00+00:00,1.41,662.3,353277
2026-02-22 16:28:00+00:00,1.15,632.4,192395
2026-02-22 16:29:00+00:00,1.20,622.5,149207
2026-02-22 16:30:00+00:00,1.22,728.4,409396
2026-02-22 16:31:00+00:00,1.07,679.4,309614
2026-02-22 16:32:00+00:00,0.96,638.6,220871
2026-02-22 16:33:00+00:00,1.04,668.6,260424
2026-02-22 16:34:00+00:00,1.09,682.9,271116
2026-02-22 16:35:00+00:00,1.07,637.1,189128
2026-02-22 16:36:00+00:00,0.80,638.3,193136
2026-02-22 16:37:00+00:00,1.12,672.8,311369
2026-02-22 16:38:00+00:00,2.28,620.4,353907
2026-02-22 16:39:00+00:00,2.89,642.6,420898
2026-02-22 16:40:00+00:00,2.75,580.6,262079
2026-02-22 16:41:00+00:00,3.04,643.8,402792
2026-02-22 16:42:00+00:00,2.97,638.6,370876
2026-02-22 16:43:00+00:00,3.12,640.6,445845
2026-02-22 16:44:00+00:00,2.74,592.1,302836
2026-02-22 16:45:00+00:00,26.16,519.3,135391
2026-02-22 16:46:00+00:00,17.37,513.2,58993
2026-02-22 16:47:00+00:00,1.44,576.7,185330
2026-02-22 16:48:00+00:00,2.93,631.2,339778
2026-02-22 16:49:00+00:00,3.30,647.1,356014
2026-02-22 16:50:00+00:00,2.88,651.2,363594
2026-02-22 16:51:00+00:00,1.72,645.3,378041
2026-02-22 16:52:00+00:00,3.16,620.2,347358
2026-02-22 16:53:00+00:00,3.15,620.5,346463
2026-02-22 16:54:00+00:00,3.03,623.3,339641
2026-02-22 16:55:00+00:00,2.55,631.3,375485
2026-02-22 16:56:00+00:00,2.83,623.0,368973
2026-02-22 16:57:00+00:00,3.38,626.2,319166
2026-02-22 16:58:00+00:00,2.72,630.9,367305
2026-02-22 16:59:00+00:00,2.47,633.4,364398
2026-02-22 17:00:00+00:00,2.41,626.0,330962
2026-02-22 17:03:00+00:00,2.56,629.3,364131
2026-02-22 17:04:00+00:00,2.68,626.4,375171
2026-02-22 17:05:00+00:00,2.84,622.6,377767
2026-02-22 17:06:00+00:00,2.89,625.4,342184
2026-02-22 17:07:00+00:00,2.99,630.6,310373
2026-02-22 17:08:00+00:00,3.03,625.4,321057
2026-02-22 17:09:00+00:00,2.85,626.6,317072
2026-02-22 17:10:00+00:00,2.79,629.3,317572
2026-02-22 17:11:00+00:00,2.57,632.7,333604
2026-02-22 17:12:00+00:00,3.05,629.6,312667
2026-02-22 17:13:00+00:00,3.01,634.7,307086
2026-02-22 17:14:00+00:00,2.34,641.9,365099
2026-02-22 17:15:00+00:00,2.65,632.9,323750
2026-02-22 17:16:00+00:00,2.93,633.2,299241
2026-02-22 17:17:00+00:00,2.87,634.2,300759
2026-02-22 17:18:00+00:00,2.57,634.7,327738
2026-02-22 17:19:00+00:00,2.49,637.5,345374
2026-02-22 17:20:00+00:00,2.41,643.5,332987
2026-02-22 17:21:00+00:00,1.98,650.9,323457
2026-02-22 17:22:00+00:00,1.78,652.7,326322
2026-02-22 17:23:00+00:00,2.07,648.4,308072
2026-02-22 17:24:00+00:00,2.12,651.5,296945
2026-02-22 17:25:00+00:00,2.38,653.2,275263
2026-02-22 17:26:00+00:00,2.33,650.3,293701
2026-02-22 17:27:00+00:00,2.24,659.1,312581
2026-02-22 17:28:00+00:00,2.45,666.0,263058
2026-02-22 17:29:00+00:00,2.00,660.8,283916
2026-02-22 17:30:00+00:00,2.42,647.2,248821
2026-02-22 17:31:00+00:00,2.79,645.5,251832
2026-02-22 17:32:00+00:00,3.13,643.7,255561
2026-02-22 17:33:00+00:00,3.00,639.8,243126
2026-02-22 17:36:00+00:00,1.83,697.2,298312
2026-02-22 17:37:00+00:00,1.90,697.1,299360
2026-02-22 17:38:00+00:00,1.96,698.1,291510
2026-02-22 17:39:00+00:00,1.80,698.9,268014
2026-02-22 17:40:00+00:00,1.80,693.9,263801
2026-02-22 17:41:00+00:00,1.99,696.3,260469
2026-02-22 17:42:00+00:00,1.96,666.4,279877
2026-02-22 17:43:00+00:00,2.22,689.4,320887
2026-02-22 17:44:00+00:00,2.29,673.0,230011
2026-02-22 17:45:00+00:00,2.15,669.8,222307
2026-02-22 17:46:00+00:00,1.69,658.1,247147
2026-02-22 17:47:00+00:00,2.74,644.0,250615
2026-02-22 17:48:00+00:00,2.96,646.5,255118
2026-02-22 17:49:00+00:00,3.05,654.7,252897
2026-02-22 17:50:00+00:00,2.81,653.9,250629
2026-02-22 17:51:00+00:00,2.76,650.2,257146
2026-02-22 17:52:00+00:00,2.90,651.6,262731
2026-02-22 17:53:00+00:00,2.83,653.8,258182
2026-02-22 17:54:00+00:00,3.03,656.7,252616
2026-02-22 17:55:00+00:00,3.37,663.4,251079
2026-02-22 17:56:00+00:00,3.18,655.0,240728
2026-02-22 17:57:00+00:00,3.05,657.0,243047
2026-02-22 17:58:00+00:00,3.56,671.5,283132
2026-02-22 17:59:00+00:00,3.27,673.6,260821
2026-02-22 18:00:00+00:00,2.95,661.5,213979
2026-02-22 18:01:00+00:00,2.83,648.4,241744
2026-02-22 18:02:00+00:00,3.07,653.5,245477
2026-02-22 18:03:00+00:00,2.82,650.2,247878
2026-02-22 18:04:00+00:00,2.85,638.8,262551
2026-02-22 18:05:00+00:00,2.78,633.4,265819
2026-02-22 18:06:00+00:00,2.83,640.0,261161
2026-02-22 18:07:00+00:00,2.91,645.5,258802
2026-02-22 18:09:00+00:00,3.06,666.8,213783
2026-02-22 18:10:00+00:00,2.94,660.6,230667
2026-02-22 18:11:00+00:00,2.66,647.1,264640
2026-02-22 18:12:00+00:00,2.66,648.1,245643
2026-02-22 18:13:00+00:00,2.43,638.7,238374
2026-02-22 18:14:00+00:00,2.40,640.9,228052
2026-02-22 18:15:00+00:00,3.06,640.7,282118
2026-02-22 18:16:00+00:00,2.97,642.7,230476
2026-02-22 18:17:00+00:00,2.95,645.8,239530
2026-02-22 18:18:00+00:00,3.25,650.3,236205
2026-02-22 18:19:00+00:00,2.96,655.7,229324
2026-02-22 18:20:00+00:00,2.68,639.1,253683
2026-02-22 18:21:00+00:00,2.56,632.3,269974
2026-02-22 18:22:00+00:00,2.63,631.2,269286
2026-02-22 18:23:00+00:00,2.70,631.3,264232
2026-02-22 18:24:00+00:00,2.71,632.4,265767
2026-02-22 18:25:00+00:00,2.80,631.8,265403
2026-02-22 18:26:00+00:00,2.96,633.7,247595
2026-02-22 18:27:00+00:00,3.16,640.1,232123
2026-02-22 18:28:00+00:00,3.18,640.4,246649
2026-02-22 18:29:00+00:00,3.01,632.8,244768
2026-02-22 18:30:00+00:00,3.00,635.4,237822
2026-02-22 18:31:00+00:00,2.78,633.2,251547
2026-02-22 18:32:00+00:00,3.00,628.5,242385
2026-02-22 18:33:00+00:00,2.39,637.4,312973
2026-02-22 18:34:00+00:00,2.40,638.2,296216
2026-02-22 18:35:00+00:00,2.81,636.0,270100
2026-02-22 18:36:00+00:00,2.57,637.3,288054
2026-02-22 18:37:00+00:00,2.32,640.2,266434
2026-02-22 18:38:00+00:00,2.11,638.4,250246
2026-02-22 18:39:00+00:00,2.05,639.7,243563
2026-02-22 18:40:00+00:00,2.12,643.4,235056
2026-02-22 18:42:00+00:00,2.82,631.7,236876
2026-02-22 18:43:00+00:00,2.82,630.3,226473
2026-02-22 18:44:00+00:00,2.74,626.4,206288
2026-02-22 18:45:00+00:00,2.40,629.6,272998
2026-02-22 18:46:00+00:00,2.84,628.5,243594
2026-02-22 18:47:00+00:00,2.59,633.1,244084
2026-02-22 18:48:00+00:00,2.39,640.6,273418
2026-02-22 18:49:00+00:00,2.27,645.3,264264
2026-02-22 18:50:00+00:00,2.68,644.9,245630
2026-02-22 18:51:00+00:00,2.47,640.8,260786
2026-02-22 18:52:00+00:00,2.44,635.6,279500
2026-02-22 18:53:00+00:00,2.79,631.2,250273
2026-02-22 18:54:00+00:00,2.88,629.4,229524
2026-02-22 18:55:00+00:00,2.89,628.0,231397
2026-02-22 18:56:00+00:00,2.71,628.0,256059
2026-02-22 18:57:00+00:00,2.54,628.1,262285
2026-02-22 18:58:00+00:00,2.79,626.8,232436
2026-02-22 18:59:00+00:00,2.71,629.5,250242
2026-02-22 19:00:00+00:00,2.89,627.4,232553
2026-02-22 19:01:00+00:00,2.84,626.4,229461
2026-02-22 19:02:00+00:00,2.75,627.2,233923
2026-02-22 19:03:00+00:00,2.65,626.0,238290
2026-02-22 19:04:00+00:00,2.94,624.2,221741
2026-02-22 19:05:00+00:00,2.84,623.7,222075
2026-02-22 19:06:00+00:00,2.56,624.4,221845
2026-02-22 19:07:00+00:00,2.84,632.6,218453
2026-02-22 19:08:00+00:00,2.97,635.9,225221
2026-02-22 19:09:00+00:00,2.45,629.2,229677
2026-02-22 19:10:00+00:00,2.43,628.8,229917
2026-02-22 19:11:00+00:00,2.47,629.4,239326
2026-02-22 19:12:00+00:00,2.23,629.0,262382
2026-02-22 19:13:00+00:00,2.14,631.2,279816
2026-02-22 19:15:00+00:00,2.96,648.4,247224
2026-02-22 19:16:00+00:00,2.90,649.1,245427
2026-02-22 19:17:00+00:00,2.62,652.0,239425
2026-02-22 19:18:00+00:00,3.00,645.3,265201
2026-02-22 19:19:00+00:00,3.18,649.1,233458
2026-02-22 19:20:00+00:00,2.93,655.6,230022
2026-02-22 19:21:00+00:00,2.63,651.8,224457
2026-02-22 19:22:00+00:00,2.91,650.9,211381
2026-02-22 19:23:00+00:00,2.50,650.3,232909
2026-02-22 19:24:00+00:00,2.68,643.7,238670
2026-02-22 19:25:00+00:00,2.86,643.2,245805
2026-02-22 19:26:00+00:00,2.95,643.1,247592
2026-02-22 19:27:00+00:00,2.87,639.7,249044
2026-02-22 19:28:00+00:00,2.61,636.3,259600
2026-02-22 19:29:00+00:00,2.47,639.7,271694
2026-02-22 19:30:00+00:00,2.63,643.7,270171
2026-02-22 19:31:00+00:00,2.86,633.3,249457
2026-02-22 19:32:00+00:00,2.78,632.8,238830
2026-02-22 19:33:00+00:00,2.38,642.4,271290
2026-02-22 19:34:00+00:00,1.86,648.4,244878
2026-02-22 19:35:00+00:00,2.08,646.0,286363
2026-02-22 19:36:00+00:00,2.06,649.4,277537
2026-02-22 19:37:00+00:00,2.08,647.8,287975
2026-02-22 19:38:00+00:00,1.97,640.8,275327
2026-02-22 19:39:00+00:00,1.95,637.2,244181
2026-02-22 19:40:00+00:00,2.07,645.4,220939
2026-02-22 19:41:00+00:00,2.09,651.9,238170
2026-02-22 19:42:00+00:00,2.50,645.6,244848
2026-02-22 19:43:00+00:00,2.63,638.5,241187
2026-02-22 19:44:00+00:00,2.18,637.6,250434
2026-02-22 19:45:00+00:00,1.98,640.8,267169
2026-02-22 19:46:00+00:00,2.22,646.2,278874
2026-02-22 19:49:00+00:00,2.32,636.9,305405
2026-02-22 19:50:00+00:00,2.30,637.8,304573
2026-02-22 19:51:00+00:00,1.90,663.6,280433
2026-02-22 19:52:00+00:00,2.32,642.4,280735
2026-02-22 19:53:00+00:00,2.19,646.3,319318
2026-02-22 19:54:00+00:00,2.65,656.1,254444
2026-02-22 19:55:00+00:00,2.73,656.7,238436
2026-02-22 19:56:00+00:00,2.71,662.8,280185
2026-02-22 19:57:00+00:00,2.29,666.0,294492
2026-02-22 19:58:00+00:00,2.45,659.2,260536
2026-02-22 19:59:00+00:00,2.43,647.9,262117
2026-02-22 20:00:00+00:00,2.41,643.5,270049
2026-02-22 20:01:00+00:00,2.66,644.3,253840
2026-02-22 20:02:00+00:00,2.33,643.6,276004
2026-02-22 20:03:00+00:00,2.08,645.5,286324
2026-02-22 20:04:00+00:00,2.13,641.8,248637
2026-02-22 20:05:00+00:00,1.83,641.9,261578
2026-02-22 20:06:00+00:00,2.37,635.5,245545
2026-02-22 20:07:00+00:00,2.51,631.5,230661
2026-02-22 20:08:00+00:00,2.56,632.3,244790
2026-02-22 20:09:00+00:00,1.82,636.7,291791
2026-02-22 20:10:00+00:00,1.83,640.5,270922
2026-02-22 20:11:00+00:00,1.91,648.0,311862
2026-02-22 20:12:00+00:00,2.05,649.3,348478
2026-02-22 20:13:00+00:00,2.15,647.6,353416
2026-02-22 20:16:00+00:00,1.74,644.6,250034
2026-02-22 20:17:00+00:00,1.83,637.3,259767
2026-02-22 20:18:00+00:00,1.96,648.2,282659
2026-02-22 20:19:00+00:00,2.11,632.0,262212
2026-02-22 20:20:00+00:00,2.10,620.7,206352
2026-02-22 20:21:00+00:00,3.62,671.2,426862
2026-02-22 20:22:00+00:00,3.61,670.7,423666
2026-02-22 20:23:00+00:00,3.39,653.9,330974
2026-02-22 20:24:00+00:00,1.36,602.9,168882
2026-02-22 20:25:00+00:00,2.64,636.4,249092
2026-02-22 20:26:00+00:00,3.33,649.7,306762
2026-02-22 20:27:00+00:00,2.65,637.6,263614
2026-02-22 20:28:00+00:00,2.26,624.5,221935
2026-02-22 20:29:00+00:00,2.69,645.1,290542
2026-02-22 20:30:00+00:00,2.84,653.6,299032
2026-02-22 20:31:00+00:00,2.33,629.7,211411
2026-02-22 20:32:00+00:00,2.36,632.5,240869
2026-02-22 20:33:00+00:00,2.99,660.8,347597
2026-02-22 20:34:00+00:00,3.08,664.8,338327
2026-02-22 20:35:00+00:00,2.76,663.3,310861
2026-02-22 20:36:00+00:00,2.14,621.1,214095
2026-02-22 20:37:00+00:00,3.45,659.9,401145
2026-02-22 20:38:00+00:00,3.39,649.3,332823
2026-02-22 20:39:00+00:00,1.50,621.1,214276
2026-02-22 20:40:00+00:00,4.98,644.7,243286
2026-02-22 20:41:00+00:00,2.69,629.6,193514
2026-02-22 20:42:00+00:00,2.44,640.5,281931
2026-02-22 20:43:00+00:00,1.51,614.0,193645
2026-02-22 20:44:00+00:00,2.76,650.3,323129
2026-02-22 20:45:00+00:00,13.11,607.6,382564
2026-02-22 20:46:00+00:00,9.57,612.8,315456
2026-02-22 20:47:00+00:00,3.64,662.5,288788
2026-02-22 20:48:00+00:00,4.07,669.5,303830
2026-02-22 20:49:00+00:00,2.58,643.0,266329
2026-02-22 20:50:00+00:00,2.37,618.1,189269
2026-02-22 20:51:00+00:00,3.77,621.4,210878
2026-02-22 20:52:00+00:00,1.63,661.3,422543
2026-02-22 20:53:00+00:00,2.48,636.8,207342
2026-02-22 20:54:00+00:00,5.83,,
2026-02-22 20:55:00+00:00,5.83,658.1,233417
2026-02-22 20:56:00+00:00,2.48,671.3,376313
2026-02-22 20:57:00+00:00,1.98,657.8,256370
2026-02-22 20:58:00+00:00,1.99,662.0,264673
2026-02-22 20:59:00+00:00,2.24,667.1,260983
2026-02-22 21:00:00+00:00,2.60,668.7,325939
2026-02-22 21:01:00+00:00,2.23,657.9,292331
2026-02-22 21:02:00+00:00,1.57,625.0,186900
2026-02-22 21:03:00+00:00,1.67,642.3,205251
2026-02-22 21:04:00+00:00,1.24,642.4,174990
2026-02-22 21:05:00+00:00,0.93,633.6,154366
2026-02-22 21:06:00+00:00,2.32,697.6,343799
2026-02-22 21:07:00+00:00,2.29,686.0,318287
2026-02-22 21:08:00+00:00,1.69,683.6,262046
2026-02-22 21:09:00+00:00,1.57,663.8,224463
2026-02-22 21:10:00+00:00,1.44,637.2,151938
2026-02-22 21:11:00+00:00,1.95,709.9,366236
2026-02-22 21:12:00+00:00,2.03,663.7,189502
2026-02-22 21:13:00+00:00,2.07,673.0,272543
2026-02-22 21:14:00+00:00,1.80,624.2,183963
2026-02-22 21:15:00+00:00,2.11,679.8,284184
2026-02-22 21:16:00+00:00,2.17,700.7,304469
2026-02-22 21:17:00+00:00,1.98,688.6,265222
2026-02-22 21:18:00+00:00,2.11,667.0,273594
2026-02-22 21:19:00+00:00,2.16,662.1,309829
2026-02-22 21:20:00+00:00,2.00,662.9,289594
2026-02-22 21:21:00+00:00,2.00,658.3,252482
2026-02-22 21:22:00+00:00,2.11,668.4,281415
2026-02-22 21:23:00+00:00,2.15,681.8,333067
2026-02-22 21:24:00+00:00,2.10,675.4,386312
2026-02-22 21:25:00+00:00,1.93,659.5,265731
2026-02-22 21:26:00+00:00,1.68,631.1,196798
2026-02-22 21:28:00+00:00,2.60,660.7,340047
2026-02-22 21:29:00+00:00,3.28,682.7,242909
2026-02-22 21:30:00+00:00,3.44,703.7,272949
2026-02-22 21:31:00+00:00,3.56,718.1,369779
2026-02-22 21:32:00+00:00,3.68,714.0,366336
2026-02-22 21:33:00+00:00,2.97,697.8,269935
2026-02-22 21:34:00+00:00,2.78,705.3,349975
2026-02-22 21:35:00+00:00,3.86,702.2,327740
2026-02-22 21:36:00+00:00,3.74,681.1,222715
2026-02-22 21:37:00+00:00,2.38,674.1,247412
2026-02-22 21:38:00+00:00,1.80,653.0,193091
2026-02-22 21:39:00+00:00,1.56,614.7,77936
2026-02-22 21:40:00+00:00,4.43,658.9,174453
2026-02-22 21:41:00+00:00,1.44,608.8,176746
2026-02-22 21:42:00+00:00,3.23,674.4,342052
2026-02-22 21:43:00+00:00,2.51,644.8,229644
2026-02-22 21:44:00+00:00,2.88,648.6,277879
2026-02-22 21:45:00+00:00,2.89,648.7,279542
2026-02-22 21:46:00+00:00,1.98,618.8,198649
2026-02-22 21:47:00+00:00,2.47,661.2,316346
2026-02-22 21:48:00+00:00,2.28,645.7,240971
2026-02-22 21:49:00+00:00,2.10,639.2,243689
2026-02-22 21:50:00+00:00,2.31,650.1,316731
2026-02-22 21:51:00+00:00,2.34,655.6,350998
2026-02-22 21:52:00+00:00,1.66,634.0,261578
2026-02-22 21:53:00+00:00,1.30,619.5,193426
2026-02-22 21:54:00+00:00,1.96,646.8,299171
2026-02-22 21:55:00+00:00,2.04,661.2,342862
2026-02-22 21:56:00+00:00,1.45,664.0,299880
2026-02-22 21:57:00+00:00,0.96,619.9,170270
2026-02-22 21:58:00+00:00,1.62,672.0,531957
2026-02-22 21:59:00+00:00,2.23,635.3,289955
2026-02-22 22:02:00+00:00,2.12,650.8,251957
2026-02-22 22:03:00+00:00,1.92,663.3,347893
2026-02-22 22:04:00+00:00,1.30,626.9,210140
2026-02-22 22:05:00+00:00,1.93,647.8,306409
2026-02-22 22:06:00+00:00,2.61,667.8,347804
2026-02-22 22:07:00+00:00,2.29,653.7,285254
2026-02-22 22:08:00+00:00,2.07,642.9,272395
2026-02-22 22:09:00+00:00,2.56,648.3,270382
2026-02-22 22:10:00+00:00,2.72,651.6,245407
2026-02-22 22:11:00+00:00,2.81,634.5,206607
2026-02-22 22:12:00+00:00,3.86,606.4,153722
2026-02-22 22:13:00+00:00,2.29,666.4,309779
2026-02-22 22:14:00+00:00,2.92,666.2,278982
2026-02-22 22:15:00+00:00,2.61,650.4,207417
2026-02-22 22:16:00+00:00,1.71,601.4,112145
2026-02-22 22:17:00+00:00,5.90,665.9,219555
2026-02-22 22:18:00+00:00,3.02,654.3,342035
2026-02-22 22:19:00+00:00,2.41,652.6,236231
2026-02-22 22:20:00+00:00,2.79,670.3,304299
2026-02-22 22:21:00+00:00,2.92,660.7,285315
2026-02-22 22:22:00+00:00,4.15,649.5,204604
2026-02-22 22:23:00+00:00,3.27,625.4,151870
2026-02-22 22:24:00+00:00,1.78,634.0,236963
2026-02-22 22:25:00+00:00,2.27,667.3,347611
2026-02-22 22:26:00+00:00,2.49,652.6,288427
2026-02-22 22:27:00+00:00,3.32,645.4,233085
2026-02-22 22:28:00+00:00,4.38,628.7,189237
2026-02-22 22:29:00+00:00,2.80,645.3,351506
2026-02-22 22:30:00+00:00,3.48,645.7,281789
2026-02-22 22:31:00+00:00,2.57,633.4,248257
2026-02-22 22:32:00+00:00,5.28,648.6,264113
2026-02-22 22:33:00+00:00,5.37,649.1,264660
2026-02-22 22:34:00+00:00,2.26,637.1,289121
2026-02-22 22:35:00+00:00,1.78,649.7,266095
2026-02-22 22:36:00+00:00,2.33,644.3,230615
2026-02-22 22:37:00+00:00,2.61,638.8,202206
2026-02-22 22:38:00+00:00,2.58,637.2,195753
2026-02-22 22:39:00+00:00,2.68,636.9,201384
2026-02-22 22:40:00+00:00,2.83,637.5,197607
2026-02-22 22:41:00+00:00,2.74,638.6,192895
2026-02-22 22:42:00+00:00,2.54,640.0,202367
2026-02-22 22:43:00+00:00,2.56,639.6,216745
2026-02-22 22:44:00+00:00,2.37,636.3,249854
2026-02-22 22:45:00+00:00,2.74,637.5,232476
2026-02-22 22:46:00+00:00,2.78,639.0,223190
2026-02-22 22:47:00+00:00,2.24,636.1,256641
2026-02-22 22:48:00+00:00,2.77,633.9,214114
2026-02-22 22:49:00+00:00,2.37,629.2,196559
2026-02-22 22:50:00+00:00,2.66,632.0,219690
2026-02-22 22:51:00+00:00,2.30,634.4,224013
2026-02-22 22:52:00+00:00,2.21,634.5,219390
2026-02-22 22:53:00+00:00,2.60,633.9,204674
2026-02-22 22:54:00+00:00,2.71,633.6,209097
2026-02-22 22:55:00+00:00,2.68,632.6,216047
2026-02-22 22:56:00+00:00,2.53,632.2,206088
2026-02-22 22:57:00+00:00,2.45,631.9,196706
2026-02-22 22:58:00+00:00,2.67,631.0,206785
2026-02-22 22:59:00+00:00,2.48,634.2,220278
2026-02-22 23:00:00+00:00,2.79,638.6,199694
2026-02-22 23:01:00+00:00,2.66,640.8,202240
2026-02-22 23:02:00+00:00,2.99,643.6,197545
2026-02-22 23:03:00+00:00,3.07,642.6,201925
2026-02-22 23:04:00+00:00,3.21,644.2,206610
2026-02-22 23:05:00+00:00,2.91,639.9,193033
2026-02-22 23:06:00+00:00,2.87,639.4,191507
2026-02-22 23:07:00+00:00,3.11,638.0,174905
2026-02-22 23:08:00+00:00,2.94,640.9,192585
2026-02-22 23:09:00+00:00,2.91,643.5,187237
2026-02-22 23:10:00+00:00,2.98,641.2,182112
2026-02-22 23:11:00+00:00,3.00,641.2,186802
2026-02-22 23:12:00+00:00,2.84,645.2,188552
2026-02-22 23:13:00+00:00,2.70,646.3,184864
2026-02-22 23:14:00+00:00,2.87,645.2,183223
2026-02-22 23:15:00+00:00,2.90,646.4,193199
2026-02-22 23:16:00+00:00,2.67,644.8,209990
2026-02-22 23:17:00+00:00,2.53,648.4,211056
2026-02-22 23:18:00+00:00,2.47,643.9,195461
2026-02-22 23:19:00+00:00,2.73,648.9,207976
2026-02-22 23:20:00+00:00,2.41,643.0,198866
2026-02-22 23:21:00+00:00,2.09,649.8,219450
2026-02-22 23:22:00+00:00,2.30,652.8,224341
2026-02-22 23:23:00+00:00,2.18,655.1,219297
2026-02-22 23:24:00+00:00,2.59,650.6,209419
2026-02-22 23:25:00+00:00,2.47,646.1,207811
2026-02-22 23:26:00+00:00,2.57,642.7,196821
2026-02-22 23:27:00+00:00,2.56,654.7,202288
2026-02-22 23:28:00+00:00,2.52,665.7,202779
2026-02-22 23:29:00+00:00,2.65,654.2,184134
2026-02-22 23:30:00+00:00,2.57,639.7,184208
2026-02-22 23:31:00+00:00,2.73,638.8,184120
2026-02-22 23:32:00+00:00,2.47,639.2,179046
2026-02-22 23:33:00+00:00,2.21,634.6,161824
2026-02-22 23:34:00+00:00,2.70,631.0,168768
2026-02-22 23:35:00+00:00,2.23,636.0,172437
2026-02-22 23:36:00+00:00,2.48,635.0,168458
2026-02-22 23:37:00+00:00,2.60,637.1,181709
2026-02-22 23:38:00+00:00,2.54,639.4,181906
2026-02-22 23:39:00+00:00,2.52,639.8,181648
2026-02-22 23:40:00+00:00,2.23,626.7,200926
2026-02-22 23:41:00+00:00,2.33,622.3,183624
2026-02-22 23:42:00+00:00,2.50,620.6,167365
2026-02-22 23:43:00+00:00,2.50,620.9,150879
2026-02-22 23:44:00+00:00,2.22,622.4,163902
2026-02-22 23:45:00+00:00,1.97,624.7,181001
2026-02-22 23:46:00+00:00,2.18,626.6,156484
2026-02-22 23:47:00+00:00,2.69,635.2,164384
2026-02-22 23:48:00+00:00,2.69,646.2,175603
2026-02-22 23:49:00+00:00,2.69,647.7,169361
2026-02-22 23:50:00+00:00,2.45,636.5,149813
2026-02-22 23:51:00+00:00,2.22,635.7,179181
2026-02-22 23:52:00+00:00,2.13,638.6,146964
2026-02-22 23:53:00+00:00,2.82,640.7,182480
2026-02-22 23:54:00+00:00,1.96,649.1,168672
2026-02-22 23:55:00+00:00,2.11,642.1,170976
2026-02-22 23:56:00+00:00,2.35,642.4,162694
2026-02-22 23:57:00+00:00,2.08,642.5,172665
2026-02-22 23:58:00+00:00,1.71,637.4,183663
2026-02-22 23:59:00+00:00,2.03,626.4,166206
2026-02-23 00:00:00+00:00,2.53,620.2,142676
2026-02-23 00:01:00+00:00,2.54,622.5,141205
2026-02-23 00:02:00+00:00,2.27,623.5,151469
2026-02-23 00:03:00+00:00,1.82,621.5,162211
2026-02-23 00:04:00+00:00,2.17,617.1,166414
2026-02-23 00:05:00+00:00,2.55,620.0,157362
2026-02-23 00:06:00+00:00,2.31,626.0,166387
2026-02-23 00:07:00+00:00,3.01,633.2,164485
2026-02-23 00:08:00+00:00,2.39,637.9,146576
2026-02-23 00:09:00+00:00,2.64,636.8,161608
2026-02-23 00:10:00+00:00,2.39,631.4,146963
2026-02-23 00:11:00+00:00,2.46,629.9,139085
2026-02-23 00:12:00+00:00,2.50,629.7,137685
2026-02-23 00:13:00+00:00,2.65,622.9,140347
2026-02-23 00:14:00+00:00,2.48,622.8,137543
2026-02-23 00:15:00+00:00,2.51,619.0,134167
2026-02-23 00:16:00+00:00,2.61,614.6,136149
2026-02-23 00:17:00+00:00,2.52,613.4,137454
2026-02-23 00:18:00+00:00,2.51,614.9,136940
2026-02-23 00:19:00+00:00,2.43,621.8,156653
2026-02-23 00:20:00+00:00,2.13,629.6,183552
2026-02-23 00:21:00+00:00,2.24,634.8,166040
2026-02-23 00:22:00+00:00,1.76,640.1,162392
2026-02-23 00:23:00+00:00,2.59,626.5,158374
2026-02-23 00:24:00+00:00,2.60,620.0,157592
2026-02-23 00:25:00+00:00,2.72,616.8,147964
2026-02-23 00:26:00+00:00,2.48,613.0,111348
2026-02-23 00:27:00+00:00,2.55,617.8,143448
2026-02-23 00:28:00+00:00,1.90,635.0,220849
2026-02-23 00:29:00+00:00,1.55,642.4,233582
2026-02-23 00:30:00+00:00,1.65,641.5,190347
2026-02-23 00:31:00+00:00,1.73,646.0,189569
2026-02-23 00:32:00+00:00,1.84,641.7,201796
2026-02-23 00:33:00+00:00,2.18,628.8,170901
2026-02-23 00:34:00+00:00,2.39,628.1,151972
2026-02-23 00:35:00+00:00,1.96,626.6,172614
2026-02-23 00:36:00+00:00,1.70,625.9,201923
2026-02-23 00:37:00+00:00,1.86,624.4,189969
2026-02-23 00:38:00+00:00,1.77,629.7,279797
2026-02-23 00:39:00+00:00,1.72,625.9,262096
2026-02-23 00:40:00+00:00,1.82,631.3,286877
2026-02-23 00:41:00+00:00,1.39,634.3,351876
2026-02-23 00:42:00+00:00,1.79,631.0,305074
2026-02-23 00:43:00+00:00,1.84,630.2,240248
2026-02-23 00:44:00+00:00,1.86,639.7,225143
2026-02-23 00:45:00+00:00,1.86,643.8,225718
2026-02-23 00:46:00+00:00,1.97,642.5,249576
2026-02-23 00:47:00+00:00,1.80,641.5,216981
2026-02-23 00:48:00+00:00,1.41,654.2,232147
2026-02-23 00:49:00+00:00,1.13,673.3,299710
2026-02-23 00:50:00+00:00,1.33,668.3,312900
2026-02-23 00:51:00+00:00,1.67,656.0,314843
2026-02-23 00:52:00+00:00,1.53,667.9,287531
2026-02-23 00:53:00+00:00,1.50,656.6,281929
2026-02-23 00:54:00+00:00,1.50,643.7,241522
2026-02-23 00:55:00+00:00,1.62,648.1,260734
2026-02-23 00:56:00+00:00,1.64,642.4,252377
2026-02-23 00:57:00+00:00,1.39,659.3,254626
2026-02-23 00:58:00+00:00,1.10,661.1,282927
2026-02-23 00:59:00+00:00,1.67,644.1,218340
2026-02-23 01:00:00+00:00,1.56,634.5,175237
2026-02-23 01:01:00+00:00,1.46,638.4,205458
2026-02-23 01:02:00+00:00,1.52,641.1,242738
2026-02-23 01:03:00+00:00,1.58,640.8,248498
2026-02-23 01:04:00+00:00,1.66,644.2,296806
2026-02-23 01:05:00+00:00,1.67,645.9,316839
2026-02-23 01:06:00+00:00,1.67,643.1,253538
2026-02-23 01:07:00+00:00,1.80,647.1,315730
2026-02-23 01:08:00+00:00,1.66,647.7,345420
2026-02-23 01:09:00+00:00,1.79,645.8,349054
2026-02-23 01:10:00+00:00,1.86,640.1,287346
2026-02-23 01:11:00+00:00,1.70,638.4,320863
2026-02-23 01:12:00+00:00,1.52,619.4,97194
2026-02-23 01:13:00+00:00,1.79,636.0,288521
2026-02-23 01:14:00+00:00,2.00,634.9,338440
2026-02-23 01:15:00+00:00,1.69,639.4,410265
2026-02-23 01:16:00+00:00,1.90,643.6,450829
2026-02-23 01:17:00+00:00,2.04,644.0,451448
2026-02-23 01:18:00+00:00,2.05,643.6,446745
2026-02-23 01:19:00+00:00,1.73,642.5,451204
2026-02-23 01:20:00+00:00,1.77,643.5,483163
2026-02-23 01:21:00+00:00,1.87,643.3,491826
2026-02-23 01:22:00+00:00,1.80,632.6,335022
2026-02-23 01:23:00+00:00,1.46,614.2,100368
2026-02-23 01:24:00+00:00,1.50,619.3,162592
2026-02-23 01:25:00+00:00,1.81,646.1,508176
2026-02-23 01:26:00+00:00,2.05,643.9,479573
2026-02-23 01:27:00+00:00,1.90,647.7,497231
2026-02-23 01:28:00+00:00,2.09,646.4,447130
2026-02-23 01:29:00+00:00,2.02,642.3,447267
2026-02-23 01:30:00+00:00,1.99,641.6,430057
2026-02-23 01:31:00+00:00,1.82,644.3,483853
2026-02-23 01:32:00+00:00,1.94,645.3,459998
2026-02-23 01:33:00+00:00,1.94,643.7,449244
2026-02-23 01:34:00+00:00,2.03,642.9,409989
2026-02-23 01:35:00+00:00,2.02,643.4,409564
2026-02-23 01:36:00+00:00,1.83,643.7,438468
2026-02-23 01:37:00+00:00,1.76,641.5,437860
2026-02-23 01:38:00+00:00,1.82,636.9,429637
2026-02-23 01:39:00+00:00,1.85,636.4,402513
2026-02-23 01:40:00+00:00,1.83,641.6,427814
2026-02-23 01:41:00+00:00,1.93,642.4,402120
2026-02-23 01:42:00+00:00,1.80,639.7,426081
2026-02-23 01:43:00+00:00,1.85,634.9,357627
2026-02-23 01:44:00+00:00,2.00,629.0,300260
2026-02-23 01:45:00+00:00,2.15,633.8,293627
2026-02-23 01:46:00+00:00,1.87,633.4,210657
2026-02-23 01:47:00+00:00,2.17,639.0,214868
2026-02-23 01:48:00+00:00,2.30,642.9,276576
2026-02-23 01:49:00+00:00,2.25,640.8,275747
2026-02-23 01:50:00+00:00,1.89,635.9,243383
2026-02-23 01:51:00+00:00,1.64,633.5,229514
2026-02-23 01:52:00+00:00,1.67,646.9,290950
2026-02-23 01:53:00+00:00,1.67,650.4,325192
2026-02-23 01:54:00+00:00,1.79,652.5,389081
2026-02-23 01:55:00+00:00,1.92,646.9,391268
2026-02-23 01:56:00+00:00,1.47,658.6,358626
2026-02-23 01:57:00+00:00,1.40,656.8,342721
2026-02-23 01:58:00+00:00,1.61,645.7,359946
2026-02-23 01:59:00+00:00,1.64,645.7,488464
2026-02-23 02:00:00+00:00,1.46,660.6,399037
2026-02-23 02:01:00+00:00,1.39,658.1,379667
2026-02-23 02:02:00+00:00,1.23,656.5,459365
2026-02-23 02:03:00+00:00,1.33,662.5,452826
2026-02-23 02:04:00+00:00,1.39,660.8,416281
2026-02-23 02:05:00+00:00,1.39,656.8,440065
2026-02-23 02:06:00+00:00,1.42,659.3,441449
2026-02-23 02:07:00+00:00,1.54,657.0,342042
2026-02-23 02:08:00+00:00,1.59,657.9,284642
2026-02-23 02:09:00+00:00,1.49,666.2,322893
2026-02-23 02:10:00+00:00,1.47,664.6,318011
2026-02-23 02:11:00+00:00,1.57,661.5,282125
2026-02-23 02:12:00+00:00,1.46,663.7,252170
2026-02-23 02:13:00+00:00,1.56,663.4,307010
2026-02-23 02:14:00+00:00,1.37,667.2,346440
2026-02-23 02:15:00+00:00,1.52,665.3,423896
2026-02-23 02:16:00+00:00,1.41,657.9,415898
2026-02-23 02:17:00+00:00,1.23,669.9,385605
2026-02-23 02:18:00+00:00,1.42,666.5,415030
2026-02-23 02:19:00+00:00,1.32,681.0,424163
2026-02-23 02:20:00+00:00,1.46,666.7,473722
2026-02-23 02:21:00+00:00,1.45,655.7,493397
2026-02-23 02:22:00+00:00,1.54,646.7,345947
2026-02-23 02:23:00+00:00,1.68,640.1,206600
2026-02-23 02:24:00+00:00,1.71,639.1,179466
2026-02-23 02:25:00+00:00,2.08,649.2,346418
2026-02-23 02:26:00+00:00,1.90,653.2,370531
2026-02-23 02:27:00+00:00,1.60,663.9,415668
2026-02-23 02:28:00+00:00,1.94,671.5,379243
2026-02-23 02:29:00+00:00,1.50,687.7,374885
2026-02-23 02:30:00+00:00,2.00,679.7,330269
2026-02-23 02:31:00+00:00,1.95,685.5,341902
2026-02-23 02:32:00+00:00,1.93,694.6,338462
2026-02-23 02:33:00+00:00,1.88,679.7,334440
2026-02-23 02:34:00+00:00,1.89,674.4,307930
2026-02-23 02:35:00+00:00,1.88,677.8,336250
2026-02-23 02:36:00+00:00,1.90,675.2,342291
2026-02-23 02:37:00+00:00,1.91,677.3,347712
2026-02-23 02:38:00+00:00,1.83,680.8,333246
2026-02-23 02:39:00+00:00,1.78,683.0,332649
2026-02-23 02:40:00+00:00,1.67,685.5,357678
2026-02-23 02:41:00+00:00,1.60,687.9,340732
2026-02-23 02:42:00+00:00,1.80,687.9,282695
2026-02-23 02:43:00+00:00,1.80,687.5,294304
2026-02-23 02:44:00+00:00,1.64,692.9,354680
2026-02-23 02:45:00+00:00,1.79,690.8,343898
2026-02-23 02:46:00+00:00,1.94,684.1,308032
2026-02-23 02:47:00+00:00,1.78,685.6,291470
2026-02-23 02:48:00+00:00,1.46,690.8,363836
2026-02-23 02:49:00+00:00,1.91,685.6,320645
2026-02-23 02:50:00+00:00,1.89,688.5,303758
2026-02-23 02:51:00+00:00,1.87,686.8,309781
2026-02-23 02:52:00+00:00,1.42,689.6,376541
2026-02-23 02:53:00+00:00,1.26,708.7,339773
2026-02-23 02:54:00+00:00,1.31,746.3,301373
2026-02-23 02:55:00+00:00,1.32,767.5,305512
2026-02-23 02:56:00+00:00,1.36,760.8,315025
2026-02-23 02:57:00+00:00,1.44,751.7,320870
2026-02-23 02:58:00+00:00,1.34,684.4,339670
2026-02-23 02:59:00+00:00,1.35,683.5,340324
2026-02-23 03:00:00+00:00,1.43,680.8,329572
2026-02-23 03:01:00+00:00,1.62,681.2,271594
2026-02-23 03:02:00+00:00,1.48,677.9,330537
2026-02-23 03:03:00+00:00,1.39,676.0,340587
2026-02-23 03:04:00+00:00,1.57,678.5,321170
2026-02-23 03:05:00+00:00,1.54,675.4,286207
2026-02-23 03:06:00+00:00,1.79,675.9,296625
2026-02-23 03:07:00+00:00,1.60,679.9,291393
2026-02-23 03:08:00+00:00,1.51,682.6,323193
2026-02-23 03:09:00+00:00,1.59,692.2,343176
2026-02-23 03:10:00+00:00,1.57,701.8,346399
2026-02-23 03:11:00+00:00,1.31,707.3,326568
2026-02-23 03:12:00+00:00,1.22,707.4,312826
2026-02-23 03:13:00+00:00,1.52,693.0,321164
2026-02-23 03:14:00+00:00,1.65,680.2,315243
2026-02-23 03:15:00+00:00,1.39,697.0,302603
2026-02-23 03:16:00+00:00,1.46,698.0,302066
2026-02-23 03:17:00+00:00,1.35,693.3,270725
2026-02-23 03:18:00+00:00,1.55,683.2,316709
2026-02-23 03:19:00+00:00,1.92,673.6,283485
2026-02-23 03:20:00+00:00,1.69,671.3,291429
2026-02-23 03:21:00+00:00,1.57,725.1,277028
2026-02-23 03:22:00+00:00,1.46,740.2,276714
2026-02-23 03:23:00+00:00,1.18,739.5,328210
2026-02-23 03:24:00+00:00,1.21,744.6,290605
2026-02-23 03:25:00+00:00,1.30,742.4,273996
2026-02-23 03:26:00+00:00,1.33,738.0,301017
2026-02-23 03:27:00+00:00,1.33,733.4,320597
2026-02-23 03:28:00+00:00,1.35,726.1,315334
2026-02-23 03:29:00+00:00,1.39,719.5,297397
2026-02-23 03:30:00+00:00,1.36,716.8,282045
2026-02-23 03:31:00+00:00,1.16,718.0,249834
2026-02-23 03:32:00+00:00,1.19,716.1,254343
2026-02-23 03:33:00+00:00,1.33,707.1,277887
2026-02-23 03:34:00+00:00,1.35,708.5,286319
2026-02-23 03:35:00+00:00,1.36,715.4,270881
2026-02-23 03:36:00+00:00,1.17,714.7,231994
2026-02-23 03:37:00+00:00,1.30,695.8,275275
2026-02-23 03:38:00+00:00,1.57,682.4,224802
2026-02-23 03:39:00+00:00,1.47,686.5,273774
2026-02-23 03:40:00+00:00,1.63,672.1,263992
2026-02-23 03:41:00+00:00,1.75,667.7,258797
2026-02-23 03:42:00+00:00,1.57,667.3,267652
2026-02-23 03:43:00+00:00,1.59,665.5,262208
2026-02-23 03:44:00+00:00,1.77,664.1,255809
2026-02-23 03:45:00+00:00,1.64,667.9,261398
2026-02-23 03:46:00+00:00,1.41,677.7,268712
2026-02-23 03:47:00+00:00,1.38,682.6,277220
2026-02-23 03:48:00+00:00,1.26,690.2,274664
2026-02-23 03:49:00+00:00,1.35,694.2,272766
2026-02-23 03:50:00+00:00,1.26,722.3,260076
2026-02-23 03:51:00+00:00,1.39,706.7,247481
2026-02-23 03:52:00+00:00,1.53,667.4,260799
2026-02-23 03:53:00+00:00,1.60,674.5,281780
2026-02-23 03:54:00+00:00,1.29,706.5,281740
2026-02-23 03:55:00+00:00,1.23,709.1,281091
2026-02-23 03:56:00+00:00,1.42,683.0,300581
2026-02-23 03:57:00+00:00,1.53,672.3,299028
2026-02-23 03:58:00+00:00,1.66,671.6,292091
2026-02-23 04:00:00+00:00,1.55,680.3,323065
2026-02-23 04:01:00+00:00,1.65,679.8,312985
2026-02-23 04:02:00+00:00,1.80,678.1,286758
2026-02-23 04:03:00+00:00,1.73,676.1,266185
2026-02-23 04:04:00+00:00,1.41,678.4,278598
2026-02-23 04:05:00+00:00,1.41,678.3,283355
2026-02-23 04:06:00+00:00,1.45,677.9,325793
2026-02-23 04:07:00+00:00,1.30,689.2,314979
2026-02-23 04:08:00+00:00,1.38,712.6,294467
2026-02-23 04:09:00+00:00,1.31,709.8,280634
2026-02-23 04:10:00+00:00,1.24,697.9,327504
2026-02-23 04:11:00+00:00,1.20,704.1,329821
2026-02-23 04:12:00+00:00,1.34,700.1,321907
2026-02-23 04:13:00+00:00,1.34,696.7,306193
2026-02-23 04:14:00+00:00,1.52,679.9,315089
2026-02-23 04:15:00+00:00,1.66,672.7,327963
2026-02-23 04:16:00+00:00,1.57,681.2,316759
2026-02-23 04:17:00+00:00,1.46,693.3,310035
2026-02-23 04:18:00+00:00,1.47,699.9,333853
2026-02-23 04:19:00+00:00,1.55,691.9,341735
2026-02-23 04:20:00+00:00,1.41,713.1,273751
2026-02-23 04:21:00+00:00,1.55,663.1,185015
2026-02-23 04:22:00+00:00,1.81,674.3,269063
2026-02-23 04:23:00+00:00,1.74,670.4,302427
2026-02-23 04:24:00+00:00,1.85,671.3,318475
2026-02-23 04:25:00+00:00,1.81,672.9,285169
2026-02-23 04:26:00+00:00,1.90,671.6,304675
2026-02-23 04:27:00+00:00,1.85,673.6,315799
2026-02-23 04:28:00+00:00,1.74,672.0,319106
2026-02-23 04:29:00+00:00,1.62,675.4,351315
2026-02-23 04:30:00+00:00,1.68,675.2,346053
2026-02-23 04:31:00+00:00,1.67,674.2,330656
2026-02-23 04:32:00+00:00,1.54,675.1,330673
2026-02-23 04:33:00+00:00,1.56,673.5,306997
2026-02-23 04:34:00+00:00,1.73,674.6,275236
2026-02-23 04:35:00+00:00,1.84,680.3,283353
2026-02-23 04:36:00+00:00,1.83,675.6,285301
2026-02-23 04:37:00+00:00,1.82,677.7,309996
2026-02-23 04:38:00+00:00,1.82,677.5,309750
2026-02-23 04:39:00+00:00,1.88,669.8,302612
2026-02-23 04:40:00+00:00,1.83,671.8,299855
2026-02-23 04:41:00+00:00,1.82,668.9,277333
2026-02-23 04:42:00+00:00,2.01,671.0,303880
2026-02-23 04:43:00+00:00,1.90,673.9,320858
2026-02-23 04:44:00+00:00,1.89,676.2,325286
2026-02-23 04:45:00+00:00,1.71,678.6,327705
2026-02-23 04:46:00+00:00,1.77,679.5,314902
2026-02-23 04:47:00+00:00,1.83,680.8,330098
2026-02-23 04:48:00+00:00,1.86,679.9,341057
2026-02-23 04:49:00+00:00,1.97,677.4,325566
2026-02-23 04:50:00+00:00,1.91,679.0,325688
2026-02-23 04:51:00+00:00,1.92,681.2,317125
2026-02-23 04:52:00+00:00,1.83,682.4,329409
2026-02-23 04:53:00+00:00,1.80,678.8,283383
2026-02-23 04:54:00+00:00,1.53,686.0,391566
2026-02-23 04:55:00+00:00,1.60,682.5,388777
2026-02-23 04:56:00+00:00,1.62,686.2,335474
2026-02-23 04:57:00+00:00,1.45,688.2,302713
2026-02-23 04:58:00+00:00,1.62,689.2,344242
2026-02-23 04:59:00+00:00,1.59,681.2,320748
2026-02-23 05:00:00+00:00,1.66,681.1,305318
2026-02-23 05:01:00+00:00,1.82,678.0,295870
2026-02-23 05:02:00+00:00,1.86,678.2,300747
2026-02-23 05:03:00+00:00,1.63,683.0,308986
2026-02-23 05:04:00+00:00,1.64,683.5,304916
2026-02-23 05:05:00+00:00,1.80,680.1,308260
2026-02-23 05:06:00+00:00,1.64,682.0,312144
2026-02-23 05:07:00+00:00,1.81,689.3,278252
2026-02-23 05:08:00+00:00,1.94,690.2,281634
2026-02-23 05:09:00+00:00,1.56,684.3,310954
2026-02-23 05:10:00+00:00,1.50,,
2026-02-23 05:11:00+00:00,1.50,711.7,319185
2026-02-23 05:12:00+00:00,1.66,711.1,285160
2026-02-23 05:13:00+00:00,1.46,709.5,278482
2026-02-23 05:14:00+00:00,1.55,710.2,286306
2026-02-23 05:15:00+00:00,1.65,707.2,292567
2026-02-23 05:16:00+00:00,1.60,706.2,298184
2026-02-23 05:17:00+00:00,1.57,712.1,311204
2026-02-23 05:18:00+00:00,1.46,718.3,294852
2026-02-23 05:19:00+00:00,1.70,712.9,269186
2026-02-23 05:20:00+00:00,2.05,700.8,270350
2026-02-23 05:21:00+00:00,2.03,694.6,277420
2026-02-23 05:22:00+00:00,1.92,694.3,278320
2026-02-23 05:23:00+00:00,1.84,693.6,294501
2026-02-23 05:24:00+00:00,1.77,691.0,279843
2026-02-23 05:25:00+00:00,2.02,679.5,317627
2026-02-23 05:26:00+00:00,2.09,678.5,318350
2026-02-23 05:27:00+00:00,1.89,681.6,336381
2026-02-23 05:28:00+00:00,1.91,677.6,289999
2026-02-23 05:29:00+00:00,1.75,677.8,350250
2026-02-23 05:30:00+00:00,1.78,674.9,331679
2026-02-23 05:31:00+00:00,1.90,674.5,333099
2026-02-23 05:32:00+00:00,1.92,674.9,341670
2026-02-23 05:33:00+00:00,1.87,678.8,344742
2026-02-23 05:34:00+00:00,1.82,682.3,334341
2026-02-23 05:35:00+00:00,1.77,679.2,313528
2026-02-23 05:36:00+00:00,1.82,676.8,307386
2026-02-23 05:37:00+00:00,1.92,678.8,323730
2026-02-23 05:38:00+00:00,1.86,680.7,344218
2026-02-23 05:39:00+00:00,1.79,686.0,349029
2026-02-23 05:40:00+00:00,1.83,684.0,304601
2026-02-23 05:41:00+00:00,1.99,679.2,283128
2026-02-23 05:42:00+00:00,1.53,675.1,322655
2026-02-23 05:44:00+00:00,2.04,687.0,282242
2026-02-23 05:45:00+00:00,1.99,687.0,320764
2026-02-23 05:46:00+00:00,1.94,688.7,316788
2026-02-23 05:47:00+00:00,2.07,685.1,297688
2026-02-23 05:48:00+00:00,1.89,694.3,317953
2026-02-23 05:49:00+00:00,1.73,690.1,293716
2026-02-23 05:50:00+00:00,1.66,681.2,247024
2026-02-23 05:51:00+00:00,1.61,683.8,228753
2026-02-23 05:52:00+00:00,1.59,691.4,239640
2026-02-23 05:53:00+00:00,1.62,692.7,252872
2026-02-23 05:54:00+00:00,1.78,685.9,234082
2026-02-23 05:55:00+00:00,1.99,677.2,200432
2026-02-23 05:56:00+00:00,2.03,682.6,256615
2026-02-23 05:57:00+00:00,2.10,683.9,273327
2026-02-23 05:58:00+00:00,2.13,688.1,246594
2026-02-23 05:59:00+00:00,1.99,677.7,217515
2026-02-23 06:00:00+00:00,1.89,673.5,210122
2026-02-23 06:01:00+00:00,2.07,674.5,219030
2026-02-23 06:02:00+00:00,1.91,673.7,197175
2026-02-23 06:03:00+00:00,1.94,671.3,179165
2026-02-23 06:04:00+00:00,2.00,669.1,203714
2026-02-23 06:05:00+00:00,1.82,673.4,213117
2026-02-23 06:06:00+00:00,1.82,671.4,214247
2026-02-23 06:07:00+00:00,1.91,678.6,213429
2026-02-23 06:08:00+00:00,1.92,688.8,234337
2026-02-23 06:09:00+00:00,1.92,688.6,253874
2026-02-23 06:10:00+00:00,1.95,691.3,234404
2026-02-23 06:11:00+00:00,2.03,697.8,242524
2026-02-23 06:12:00+00:00,2.09,704.1,261012
2026-02-23 06:13:00+00:00,2.11,696.8,244016
2026-02-23 06:14:00+00:00,2.04,689.2,226164
2026-02-23 06:15:00+00:00,2.15,696.9,267214
2026-02-23 06:16:00+00:00,2.15,,
2026-02-23 06:17:00+00:00,1.57,696.4,299956
2026-02-23 06:18:00+00:00,1.54,688.6,263593
2026-02-23 06:19:00+00:00,1.76,684.0,250810
2026-02-23 06:20:00+00:00,1.90,683.4,239200
2026-02-23 06:21:00+00:00,1.84,690.8,259420
2026-02-23 06:22:00+00:00,1.76,701.0,303230
2026-02-23 06:23:00+00:00,1.64,703.0,295558
2026-02-23 06:24:00+00:00,1.77,697.8,257978
2026-02-23 06:25:00+00:00,2.11,695.8,245084
2026-02-23 06:26:00+00:00,2.15,699.3,231697
2026-02-23 06:27:00+00:00,2.11,701.3,227168
2026-02-23 06:28:00+00:00,2.19,700.7,259016
2026-02-23 06:29:00+00:00,2.01,696.9,211086
2026-02-23 06:30:00+00:00,2.05,701.5,254554
2026-02-23 06:31:00+00:00,2.20,692.2,230197
2026-02-23 06:32:00+00:00,2.17,685.9,228866
2026-02-23 06:33:00+00:00,1.89,706.4,274392
2026-02-23 06:34:00+00:00,1.73,706.7,249883
2026-02-23 06:35:00+00:00,1.97,696.3,285639
2026-02-23 06:36:00+00:00,1.89,700.4,249658
2026-02-23 06:37:00+00:00,1.89,707.3,273430
2026-02-23 06:38:00+00:00,1.89,705.5,268094
2026-02-23 06:39:00+00:00,1.75,695.5,254237
2026-02-23 06:40:00+00:00,1.65,687.9,255024
2026-02-23 06:41:00+00:00,1.79,682.2,244572
2026-02-23 06:42:00+00:00,1.96,678.9,249304
2026-02-23 06:43:00+00:00,1.75,690.2,250217
2026-02-23 06:44:00+00:00,1.75,689.7,239066
2026-02-23 06:45:00+00:00,1.95,689.4,243457
2026-02-23 06:46:00+00:00,2.07,688.4,224536
2026-02-23 06:47:00+00:00,1.77,685.6,233789
2026-02-23 06:48:00+00:00,2.06,679.1,229451
2026-02-23 06:49:00+00:00,2.07,678.8,229301
2026-02-23 06:50:00+00:00,2.03,696.7,258011
2026-02-23 06:51:00+00:00,1.93,702.7,270907
2026-02-23 06:52:00+00:00,1.87,692.2,252013
2026-02-23 06:53:00+00:00,1.92,692.9,247099
2026-02-23 06:54:00+00:00,2.00,697.5,255897
2026-02-23 06:55:00+00:00,2.01,692.0,261230
2026-02-23 06:56:00+00:00,2.03,689.3,255960
2026-02-23 06:57:00+00:00,2.07,688.4,229693
2026-02-23 06:58:00+00:00,1.92,677.8,208905
2026-02-23 06:59:00+00:00,1.74,676.7,232653
2026-02-23 07:00:00+00:00,1.97,682.4,234517
2026-02-23 07:01:00+00:00,2.17,695.1,267376
2026-02-23 07:02:00+00:00,1.82,683.7,208383
2026-02-23 07:03:00+00:00,1.54,675.5,244920
2026-02-23 07:04:00+00:00,1.68,677.2,260738
2026-02-23 07:05:00+00:00,1.70,687.3,222484
2026-02-23 07:06:00+00:00,1.93,683.6,220864
2026-02-23 07:07:00+00:00,1.68,683.3,251469
2026-02-23 07:08:00+00:00,1.69,686.1,233967
2026-02-23 07:09:00+00:00,2.13,686.8,248978
2026-02-23 07:10:00+00:00,2.11,695.1,265250
2026-02-23 07:11:00+00:00,1.97,699.9,255016
2026-02-23 07:12:00+00:00,2.05,701.8,254953
2026-02-23 07:13:00+00:00,3.13,710.4,251895
2026-02-23 07:14:00+00:00,4.04,717.0,266288
2026-02-23 07:15:00+00:00,1.69,702.7,316190
2026-02-23 07:16:00+00:00,1.68,669.1,155574
2026-02-23 07:17:00+00:00,4.81,732.3,232938
2026-02-23 07:18:00+00:00,1.65,686.8,243434
2026-02-23 07:19:00+00:00,1.95,690.6,232863
2026-02-23 07:20:00+00:00,1.61,669.2,220268
2026-02-23 07:21:00+00:00,1.59,676.3,179463
2026-02-23 07:22:00+00:00,1.59,677.2,174978
2026-02-23 07:23:00+00:00,1.92,663.2,182028
2026-02-23 07:24:00+00:00,2.03,683.7,211893
2026-02-23 07:25:00+00:00,1.71,695.7,250140
2026-02-23 07:26:00+00:00,1.49,687.9,241756
2026-02-23 07:27:00+00:00,1.51,683.2,230257
2026-02-23 07:28:00+00:00,1.48,692.6,249574
2026-02-23 07:29:00+00:00,1.53,705.8,260749
2026-02-23 07:30:00+00:00,1.79,710.0,251346
2026-02-23 07:31:00+00:00,1.82,700.0,258558
2026-02-23 07:32:00+00:00,1.62,697.7,276671
2026-02-23 07:33:00+00:00,2.05,717.6,285091
2026-02-23 07:34:00+00:00,2.02,716.2,276195
2026-02-23 07:35:00+00:00,1.78,711.1,241381
2026-02-23 07:36:00+00:00,1.76,737.4,229610
2026-02-23 07:37:00+00:00,1.91,755.8,257956
2026-02-23 07:38:00+00:00,2.08,747.4,418697
2026-02-23 07:39:00+00:00,1.81,735.5,336974
2026-02-23 07:40:00+00:00,1.53,720.9,241040
2026-02-23 07:41:00+00:00,2.07,743.0,336747
2026-02-23 07:42:00+00:00,1.93,704.6,245402
2026-02-23 07:43:00+00:00,1.80,693.1,180328
2026-02-23 07:44:00+00:00,3.67,739.3,235854
2026-02-23 07:45:00+00:00,4.25,746.8,310391
2026-02-23 07:46:00+00:00,1.64,709.5,352571
2026-02-23 07:47:00+00:00,1.69,687.2,154664
2026-02-23 07:48:00+00:00,1.64,718.1,259837
2026-02-23 07:49:00+00:00,2.02,719.7,400739
2026-02-23 07:50:00+00:00,3.83,668.0,116044
2026-02-23 07:51:00+00:00,1.79,720.5,506841
2026-02-23 07:52:00+00:00,2.61,715.5,300231
2026-02-23 07:53:00+00:00,2.30,706.6,225001
2026-02-23 07:54:00+00:00,1.40,668.1,120548
2026-02-23 07:55:00+00:00,1.23,660.6,101170
2026-02-23 07:56:00+00:00,5.26,676.5,203430
2026-02-23 07:57:00+00:00,2.96,703.2,246899
2026-02-23 07:58:00+00:00,1.74,718.6,312222
2026-02-23 07:59:00+00:00,1.79,714.0,271905
2026-02-23 08:00:00+00:00,1.82,710.4,215764
2026-02-23 08:01:00+00:00,1.76,692.0,197472
2026-02-23 08:02:00+00:00,1.70,675.6,170391
2026-02-23 08:03:00+00:00,2.21,711.8,251006
2026-02-23 08:04:00+00:00,2.77,700.1,213261
2026-02-23 08:05:00+00:00,4.49,715.5,156534
2026-02-23 08:06:00+00:00,1.06,649.9,115246
2026-02-23 08:07:00+00:00,2.61,721.9,303162
2026-02-23 08:08:00+00:00,4.23,702.0,171985
2026-02-23 08:09:00+00:00,1.98,686.4,208565
2026-02-23 08:10:00+00:00,1.72,684.8,219931
2026-02-23 08:11:00+00:00,2.03,684.2,203700
2026-02-23 08:12:00+00:00,3.79,703.2,159245
2026-02-23 08:13:00+00:00,2.04,664.6,129456
2026-02-23 08:14:00+00:00,1.14,668.8,176533
2026-02-23 08:15:00+00:00,1.81,695.4,213348
2026-02-23 08:16:00+00:00,2.37,702.8,240291
2026-02-23 08:17:00+00:00,2.19,686.1,213782
2026-02-23 08:18:00+00:00,2.63,665.8,116543
2026-02-23 08:19:00+00:00,5.03,704.1,173822
2026-02-23 08:20:00+00:00,1.85,678.3,193379
2026-02-23 08:21:00+00:00,1.49,661.9,152062
2026-02-23 08:22:00+00:00,2.63,689.9,258642
2026-02-23 08:23:00+00:00,3.42,675.3,161379
2026-02-23 08:24:00+00:00,2.43,689.5,294652
2026-02-23 08:25:00+00:00,1.16,642.8,156696
2026-02-23 08:26:00+00:00,1.75,687.8,255623
2026-02-23 08:27:00+00:00,1.75,681.2,261273
2026-02-23 08:28:00+00:00,1.71,676.1,256006
2026-02-23 08:29:00+00:00,1.26,651.5,183386
2026-02-23 08:30:00+00:00,1.54,692.9,354287
2026-02-23 08:31:00+00:00,1.72,699.9,311297
2026-02-23 08:32:00+00:00,2.83,671.8,128893
2026-02-23 08:33:00+00:00,3.44,679.4,203323
2026-02-23 08:34:00+00:00,1.94,691.1,303410
2026-02-23 08:35:00+00:00,1.99,671.5,199680
2026-02-23 08:36:00+00:00,1.97,670.5,216828
2026-02-23 08:37:00+00:00,1.55,644.2,171150
2026-02-23 08:38:00+00:00,2.35,689.2,273303
2026-02-23 08:39:00+00:00,2.21,680.1,241885
2026-02-23 08:40:00+00:00,1.83,652.2,180303
2026-02-23 08:41:00+00:00,2.43,696.4,314126
2026-02-23 08:42:00+00:00,2.39,681.9,265294
2026-02-23 08:43:00+00:00,2.02,672.0,243183
2026-02-23 08:44:00+00:00,1.50,641.8,195979
2026-02-23 08:45:00+00:00,2.02,679.3,275693
2026-02-23 08:46:00+00:00,2.09,699.8,275202
2026-02-23 08:47:00+00:00,1.87,685.9,241799
2026-02-23 08:48:00+00:00,1.60,662.9,213540
2026-02-23 08:49:00+00:00,1.45,666.6,258355
2026-02-23 08:50:00+00:00,2.01,700.6,389228
2026-02-23 08:51:00+00:00,2.14,682.7,296156
2026-02-23 08:52:00+00:00,1.77,684.5,276605
2026-02-23 08:53:00+00:00,2.01,704.0,366914
2026-02-23 08:54:00+00:00,1.86,668.5,200012
2026-02-23 08:55:00+00:00,1.89,680.2,235673
2026-02-23 08:56:00+00:00,2.12,673.3,251962
2026-02-23 08:57:00+00:00,2.29,689.0,299781
2026-02-23 08:58:00+00:00,2.24,689.1,343329
2026-02-23 08:59:00+00:00,2.01,675.9,309497
2026-02-23 09:00:00+00:00,2.23,681.5,348131
2026-02-23 09:01:00+00:00,2.35,685.6,370101
2026-02-23 09:02:00+00:00,1.37,648.1,237515
2026-02-23 09:03:00+00:00,1.66,661.8,258863
2026-02-23 09:04:00+00:00,2.07,688.2,324044
2026-02-23 09:05:00+00:00,2.36,696.8,358584
2026-02-23 09:06:00+00:00,2.31,682.8,320271
2026-02-23 09:07:00+00:00,1.74,681.1,307692
2026-02-23 09:08:00+00:00,2.20,674.6,254591
2026-02-23 09:09:00+00:00,3.62,666.7,245013
2026-02-23 09:10:00+00:00,1.52,719.2,328964
2026-02-23 09:11:00+00:00,1.28,687.9,255066
2026-02-23 09:12:00+00:00,1.41,724.5,411183
2026-02-23 09:13:00+00:00,1.59,672.5,224941
2026-02-23 09:14:00+00:00,2.17,692.1,305623
2026-02-23 09:15:00+00:00,1.71,684.3,271496
2026-02-23 09:16:00+00:00,1.54,687.2,262306
2026-02-23 09:17:00+00:00,1.63,704.9,261687
2026-02-23 09:18:00+00:00,1.49,718.4,274956
2026-02-23 09:19:00+00:00,1.33,710.6,250812
2026-02-23 09:20:00+00:00,1.31,707.5,252042
2026-02-23 09:21:00+00:00,1.38,715.5,281259
2026-02-23 09:22:00+00:00,1.52,701.5,242458
2026-02-23 09:23:00+00:00,1.77,680.0,239094
2026-02-23 09:24:00+00:00,2.27,675.3,258709
2026-02-23 09:25:00+00:00,3.07,681.1,221657
2026-02-23 09:26:00+00:00,1.49,684.4,313750
2026-02-23 09:27:00+00:00,1.24,648.9,232675
2026-02-23 09:28:00+00:00,1.94,670.0,260339
2026-02-23 09:29:00+00:00,2.47,681.9,299454
2026-02-23 09:30:00+00:00,1.62,665.7,230663
2026-02-23 09:31:00+00:00,1.77,667.8,262990
2026-02-23 09:32:00+00:00,1.42,663.9,272144
2026-02-23 09:33:00+00:00,1.83,676.9,299042
2026-02-23 09:34:00+00:00,2.19,685.8,315888
2026-02-23 09:35:00+00:00,1.53,676.5,299295
2026-02-23 09:36:00+00:00,1.59,684.8,333449
2026-02-23 09:37:00+00:00,1.62,691.1,360885
2026-02-23 09:38:00+00:00,2.11,680.4,287133
2026-02-23 09:39:00+00:00,3.14,677.1,189896
2026-02-23 09:40:00+00:00,2.01,686.0,201975
2026-02-23 09:41:00+00:00,2.07,667.6,175892
2026-02-23 09:42:00+00:00,3.44,658.2,201816
2026-02-23 09:43:00+00:00,1.58,729.0,282295
2026-02-23 09:44:00+00:00,1.52,689.9,233152
2026-02-23 09:45:00+00:00,1.34,690.1,197156
2026-02-23 09:46:00+00:00,1.35,657.1,153562
2026-02-23 09:47:00+00:00,1.93,698.5,224431
2026-02-23 09:48:00+00:00,2.07,701.4,234687
2026-02-23 09:49:00+00:00,2.35,718.5,302337
2026-02-23 09:50:00+00:00,2.29,723.1,285306
2026-02-23 09:51:00+00:00,1.69,702.3,234036
2026-02-23 09:52:00+00:00,1.45,698.8,184261
2026-02-23 09:53:00+00:00,1.62,694.4,145387
2026-02-23 09:54:00+00:00,1.48,673.5,226584
2026-02-23 09:55:00+00:00,1.60,701.4,314338
2026-02-23 09:56:00+00:00,1.99,705.1,239834
2026-02-23 09:57:00+00:00,2.10,713.1,277414
2026-02-23 09:58:00+00:00,1.46,658.2,124637
2026-02-23 09:59:00+00:00,2.15,713.8,294347
2026-02-23 10:02:00+00:00,1.89,674.0,190191
2026-02-23 10:03:00+00:00,2.10,673.0,227525
2026-02-23 10:04:00+00:00,2.48,681.9,252590
2026-02-23 10:05:00+00:00,1.63,646.7,183050
2026-02-23 10:06:00+00:00,1.74,669.8,239023
2026-02-23 10:07:00+00:00,2.26,704.8,315213
2026-02-23 10:08:00+00:00,1.71,649.0,194408
2026-02-23 10:09:00+00:00,1.93,671.4,245483
2026-02-23 10:10:00+00:00,2.24,699.0,293980
2026-02-23 10:11:00+00:00,2.10,674.6,205736
2026-02-23 10:12:00+00:00,1.95,671.1,208578
2026-02-23 10:13:00+00:00,1.03,634.4,165546
2026-02-23 10:14:00+00:00,2.25,707.8,304074
2026-02-23 10:15:00+00:00,1.89,675.9,210938
2026-02-23 10:16:00+00:00,1.52,696.9,192331
2026-02-23 10:17:00+00:00,1.50,702.3,194146
2026-02-23 10:18:00+00:00,1.91,712.7,266976
2026-02-23 10:19:00+00:00,1.60,705.8,235366
2026-02-23 10:20:00+00:00,0.98,670.4,129391
2026-02-23 10:21:00+00:00,1.36,700.3,232797
2026-02-23 10:22:00+00:00,1.69,709.0,271355
2026-02-23 10:23:00+00:00,1.77,712.2,259115
2026-02-23 10:24:00+00:00,1.72,714.8,249376
2026-02-23 10:25:00+00:00,2.37,702.6,211756
2026-02-23 10:26:00+00:00,3.24,701.8,215312
2026-02-23 10:27:00+00:00,2.32,684.1,203386
2026-02-23 10:28:00+00:00,3.36,697.3,179843
2026-02-23 10:29:00+00:00,1.00,678.6,198091
2026-02-23 10:30:00+00:00,1.58,722.2,352256
2026-02-23 10:31:00+00:00,1.66,698.5,196984
2026-02-23 10:32:00+00:00,0.93,649.6,93053
2026-02-23 10:33:00+00:00,2.18,716.0,314887
2026-02-23 10:34:00+00:00,1.79,694.4,194881
2026-02-23 10:35:00+00:00,1.88,693.4,211011
2026-02-23 10:36:00+00:00,1.42,658.4,132641
2026-02-23 10:37:00+00:00,1.56,693.0,210575
2026-02-23 10:38:00+00:00,2.16,715.7,317538
2026-02-23 10:39:00+00:00,2.20,696.6,283735
2026-02-23 10:40:00+00:00,1.94,682.5,220117
2026-02-23 10:41:00+00:00,1.81,661.2,181102
2026-02-23 10:42:00+00:00,1.76,665.4,185232
2026-02-23 10:43:00+00:00,2.07,666.8,183007
2026-02-23 10:44:00+00:00,3.06,655.5,190133
2026-02-23 10:45:00+00:00,1.46,732.1,409717
2026-02-23 10:46:00+00:00,1.86,700.9,308740
2026-02-23 10:47:00+00:00,1.32,688.2,228640
2026-02-23 10:48:00+00:00,0.93,659.0,211246
2026-02-23 10:49:00+00:00,2.15,691.8,299400
2026-02-23 10:50:00+00:00,3.01,705.7,228922
2026-02-23 10:51:00+00:00,1.87,696.6,250889
2026-02-23 10:52:00+00:00,1.56,682.9,295456
2026-02-23 10:53:00+00:00,2.66,687.1,209929
2026-02-23 10:54:00+00:00,1.89,681.1,223796
2026-02-23 10:55:00+00:00,1.30,682.8,249409
2026-02-23 10:56:00+00:00,1.90,705.5,275282
2026-02-23 10:57:00+00:00,2.23,717.8,340871
2026-02-23 10:58:00+00:00,2.00,695.5,271126
2026-02-23 10:59:00+00:00,1.18,672.5,171922
2026-02-23 11:00:00+00:00,2.34,710.6,273918
2026-02-23 11:01:00+00:00,3.35,707.6,187053
2026-02-23 11:02:00+00:00,1.47,724.3,436179
2026-02-23 11:03:00+00:00,1.93,692.2,227402
2026-02-23 11:04:00+00:00,2.32,719.8,367040
2026-02-23 11:05:00+00:00,2.14,703.9,256279
2026-02-23 11:06:00+00:00,2.41,705.7,276054
2026-02-23 11:07:00+00:00,1.95,701.1,240346
2026-02-23 11:08:00+00:00,2.00,709.5,311179
2026-02-23 11:09:00+00:00,2.30,703.1,315461
2026-02-23 11:10:00+00:00,1.74,675.5,228770
2026-02-23 11:11:00+00:00,1.54,668.2,215531
2026-02-23 11:12:00+00:00,1.87,680.5,265197
2026-02-23 11:13:00+00:00,1.89,684.7,279052
2026-02-23 11:14:00+00:00,0.99,648.5,138190
2026-02-23 11:15:00+00:00,1.08,667.5,171588
2026-02-23 11:16:00+00:00,1.39,732.3,301954
2026-02-23 11:17:00+00:00,1.59,740.6,398913
2026-02-23 11:18:00+00:00,2.08,712.9,340923
2026-02-23 11:19:00+00:00,1.23,694.3,277867
2026-02-23 11:20:00+00:00,1.72,710.7,474420
2026-02-23 11:21:00+00:00,1.89,704.9,316759
2026-02-23 11:22:00+00:00,1.24,664.6,147164
2026-02-23 11:23:00+00:00,1.80,678.7,201049
2026-02-23 11:24:00+00:00,1.95,681.9,213474
2026-02-23 11:25:00+00:00,2.03,680.5,219644
2026-02-23 11:26:00+00:00,1.43,663.9,191424
2026-02-23 11:27:00+00:00,1.46,663.7,199727
2026-02-23 11:28:00+00:00,2.25,681.3,261047
2026-02-23 11:29:00+00:00,2.27,687.5,280320
2026-02-23 11:30:00+00:00,1.94,692.5,260444
2026-02-23 11:31:00+00:00,2.47,700.5,264275
2026-02-23 11:32:00+00:00,2.09,682.6,231825
2026-02-23 11:33:00+00:00,1.53,675.7,226622
2026-02-23 11:34:00+00:00,0.70,645.4,136449
2026-02-23 11:35:00+00:00,2.69,706.9,365510
2026-02-23 11:36:00+00:00,3.27,691.3,181182
2026-02-23 11:37:00+00:00,2.27,687.1,268346
2026-02-23 11:38:00+00:00,0.78,650.9,158345
2026-02-23 11:39:00+00:00,1.80,673.5,208807
2026-02-23 11:40:00+00:00,3.09,692.7,173446
2026-02-23 11:41:00+00:00,1.85,673.3,149939
2026-02-23 11:42:00+00:00,1.23,690.8,210205
2026-02-23 11:43:00+00:00,1.51,698.9,237373
2026-02-23 11:44:00+00:00,1.59,677.8,226699
2026-02-23 11:45:00+00:00,1.60,672.5,202006
2026-02-23 11:46:00+00:00,1.49,675.5,142106
2026-02-23 11:47:00+00:00,1.40,695.2,235749
2026-02-23 11:48:00+00:00,1.47,698.6,271398
2026-02-23 11:49:00+00:00,1.83,712.4,432583
2026-02-23 11:50:00+00:00,2.08,683.4,275955
2026-02-23 11:51:00+00:00,1.96,693.2,186291
2026-02-23 11:52:00+00:00,2.77,695.3,279553
2026-02-23 11:53:00+00:00,0.76,650.6,147945
2026-02-23 11:54:00+00:00,2.10,679.3,237101
2026-02-23 11:55:00+00:00,2.05,673.9,215475
2026-02-23 11:56:00+00:00,2.26,679.3,236187
2026-02-23 11:57:00+00:00,2.02,664.7,166168
2026-02-23 11:58:00+00:00,1.84,677.8,212956
2026-02-23 11:59:00+00:00,1.57,691.0,241730
2026-02-23 12:00:00+00:00,1.19,678.8,176588
2026-02-23 12:01:00+00:00,1.39,679.0,185634
2026-02-23 12:02:00+00:00,1.70,691.3,262386
2026-02-23 12:03:00+00:00,1.75,685.2,252569
2026-02-23 12:04:00+00:00,3.40,689.0,110848
2026-02-23 12:05:00+00:00,0.78,642.5,130943
2026-02-23 12:06:00+00:00,1.75,717.4,320365
2026-02-23 12:07:00+00:00,1.44,689.1,191813
2026-02-23 12:08:00+00:00,1.80,684.2,301069
2026-02-23 12:09:00+00:00,1.59,664.3,153084
2026-02-23 12:10:00+00:00,4.35,691.0,137251
2026-02-23 12:11:00+00:00,2.17,686.0,192253
2026-02-23 12:12:00+00:00,1.01,656.7,147956
2026-02-23 12:13:00+00:00,2.75,679.8,184372
2026-02-23 12:14:00+00:00,2.50,697.9,274041
2026-02-23 12:15:00+00:00,1.59,687.4,264073
2026-02-23 12:16:00+00:00,1.48,668.5,178979
2026-02-23 12:17:00+00:00,2.52,675.3,150983
2026-02-23 12:18:00+00:00,3.91,699.3,210947
2026-02-23 12:19:00+00:00,1.76,676.8,283205
2026-02-23 12:20:00+00:00,1.33,637.7,103399
2026-02-23 12:21:00+00:00,1.41,644.4,114653
2026-02-23 12:22:00+00:00,2.14,704.3,216561
2026-02-23 12:23:00+00:00,2.46,694.4,234438
2026-02-23 12:24:00+00:00,1.30,638.3,120134
2026-02-23 12:25:00+00:00,3.95,686.7,203449
2026-02-23 12:26:00+00:00,1.90,708.9,243828
2026-02-23 12:27:00+00:00,1.80,693.5,200630
2026-02-23 12:28:00+00:00,2.25,698.1,228332
2026-02-23 12:29:00+00:00,1.72,687.9,191239
2026-02-23 12:30:00+00:00,1.52,677.9,166325
2026-02-23 12:31:00+00:00,1.77,673.8,187073
2026-02-23 12:32:00+00:00,2.05,677.6,232609
2026-02-23 12:33:00+00:00,2.15,683.1,247637
2026-02-23 12:34:00+00:00,2.14,684.5,231949
2026-02-23 12:35:00+00:00,2.40,694.3,270038
2026-02-23 12:36:00+00:00,1.96,676.4,210152
2026-02-23 12:37:00+00:00,2.56,693.5,302632
2026-02-23 12:38:00+00:00,2.27,678.5,243207
2026-02-23 12:39:00+00:00,1.43,659.1,150268
2026-02-23 12:40:00+00:00,2.39,680.4,229677
2026-02-23 12:41:00+00:00,1.49,661.1,159706
2026-02-23 12:42:00+00:00,2.21,679.1,219752
2026-02-23 12:43:00+00:00,1.98,670.6,195604
2026-02-23 12:44:00+00:00,2.04,677.6,224374
2026-02-23 12:45:00+00:00,2.21,676.3,215251
2026-02-23 12:46:00+00:00,2.16,671.3,195784
2026-02-23 12:47:00+00:00,2.05,670.2,184847
2026-02-23 12:48:00+00:00,3.06,677.7,185259
2026-02-23 12:49:00+00:00,3.49,688.3,223086
2026-02-23 12:50:00+00:00,1.83,689.6,270036
2026-02-23 12:51:00+00:00,1.54,674.0,200894
2026-02-23 12:52:00+00:00,1.54,674.0,200894
2026-02-23 12:53:00+00:00,1.15,647.6,137821
2026-02-23 12:54:00+00:00,1.16,648.6,141001
2026-02-23 12:55:00+00:00,1.37,675.7,233217
2026-02-23 12:56:00+00:00,1.78,712.5,381407
2026-02-23 12:57:00+00:00,1.86,685.5,255388
2026-02-23 12:58:00+00:00,1.86,682.3,240818
2026-02-23 12:59:00+00:00,1.53,676.5,197874
2026-02-23 13:00:00+00:00,1.85,685.7,198823
2026-02-23 13:01:00+00:00,1.85,691.4,191429
2026-02-23 13:02:00+00:00,1.88,686.9,192850
2026-02-23 13:03:00+00:00,1.89,680.7,197493
2026-02-23 13:04:00+00:00,1.71,678.2,200656
2026-02-23 13:05:00+00:00,1.28,686.7,212022
2026-02-23 13:06:00+00:00,1.09,698.9,218711
2026-02-23 13:07:00+00:00,1.54,693.9,208272
2026-02-23 13:08:00+00:00,0.88,709.4,215258
2026-02-23 13:09:00+00:00,1.30,726.5,191771
2026-02-23 13:10:00+00:00,1.32,692.0,203691
2026-02-23 13:11:00+00:00,1.64,700.8,202940
2026-02-23 13:12:00+00:00,1.28,688.7,218364
2026-02-23 13:13:00+00:00,0.90,682.2,208045
2026-02-23 13:14:00+00:00,1.47,671.9,219612
2026-02-23 13:15:00+00:00,1.39,669.6,243968
2026-02-23 13:16:00+00:00,1.54,667.7,236268
2026-02-23 13:17:00+00:00,1.80,668.2,210347
2026-02-23 13:18:00+00:00,1.90,667.5,205398
2026-02-23 13:19:00+00:00,1.92,669.6,203063
2026-02-23 13:20:00+00:00,1.82,672.6,205712
2026-02-23 13:21:00+00:00,1.68,671.2,217041
2026-02-23 13:22:00+00:00,1.65,669.3,219539
2026-02-23 13:23:00+00:00,1.54,669.5,226189
2026-02-23 13:24:00+00:00,1.62,671.2,206504
2026-02-23 13:29:00+00:00,1.87,666.8,190874
2026-02-23 13:30:00+00:00,1.89,667.3,188856
2026-02-23 13:31:00+00:00,1.70,667.7,190680
2026-02-23 13:32:00+00:00,1.57,670.4,197304
2026-02-23 13:33:00+00:00,1.62,670.3,193991
2026-02-23 13:34:00+00:00,1.54,674.3,195306
2026-02-23 13:35:00+00:00,1.64,674.4,194685
2026-02-23 13:36:00+00:00,1.66,671.2,199971
2026-02-23 13:37:00+00:00,1.54,671.7,217275
2026-02-23 13:38:00+00:00,1.77,673.4,216925
2026-02-23 13:39:00+00:00,1.57,682.1,207895
2026-02-23 13:40:00+00:00,0.88,695.0,237029
2026-02-23 13:41:00+00:00,1.27,688.3,196765
2026-02-23 13:42:00+00:00,1.30,685.4,209935
2026-02-23 13:43:00+00:00,1.54,686.2,202891
2026-02-23 13:44:00+00:00,1.32,682.7,196628
2026-02-23 13:45:00+00:00,1.88,690.3,175895
2026-02-23 13:46:00+00:00,2.06,692.6,193297
2026-02-23 13:47:00+00:00,2.03,696.0,176545
2026-02-23 13:48:00+00:00,2.07,705.5,188667
2026-02-23 13:49:00+00:00,1.46,689.1,204392
2026-02-23 13:50:00+00:00,1.64,682.3,191946
2026-02-23 13:51:00+00:00,2.18,679.4,172163
2026-02-23 13:52:00+00:00,2.16,672.8,174473
2026-02-23 13:53:00+00:00,1.99,672.3,182497
2026-02-23 13:54:00+00:00,1.93,672.8,182670
2026-02-23 13:55:00+00:00,1.65,681.6,195669
2026-02-23 13:56:00+00:00,1.45,705.5,187817
2026-02-23 13:57:00+00:00,1.40,721.5,199073
2026-02-23 13:58:00+00:00,1.46,714.1,199412
2026-02-23 13:59:00+00:00,1.39,720.3,207881
2026-02-23 14:02:00+00:00,1.40,733.8,155960
2026-02-23 14:03:00+00:00,1.26,707.9,198888
2026-02-23 14:04:00+00:00,1.00,719.8,141513
2026-02-23 14:05:00+00:00,1.41,692.5,160891
2026-02-23 14:06:00+00:00,1.57,682.4,181274
2026-02-23 14:07:00+00:00,1.59,685.1,164918
2026-02-23 14:08:00+00:00,1.70,685.3,167895
2026-02-23 14:09:00+00:00,1.68,692.2,175137
2026-02-23 14:10:00+00:00,1.67,690.4,161082
2026-02-23 14:11:00+00:00,1.57,689.0,167502
2026-02-23 14:12:00+00:00,1.42,691.7,168990
2026-02-23 14:13:00+00:00,1.72,689.1,175573
2026-02-23 14:14:00+00:00,1.47,690.2,169207
2026-02-23 14:15:00+00:00,1.94,681.8,145717
2026-02-23 14:16:00+00:00,1.70,677.6,165799
2026-02-23 14:17:00+00:00,1.74,675.5,168839
2026-02-23 14:18:00+00:00,1.48,678.9,164364
2026-02-23 14:19:00+00:00,1.65,679.8,160044
2026-02-23 14:20:00+00:00,1.47,681.7,158648
2026-02-23 14:21:00+00:00,1.49,682.8,147881
2026-02-23 14:22:00+00:00,1.64,684.4,150119
2026-02-23 14:23:00+00:00,1.81,684.3,157905
2026-02-23 14:24:00+00:00,2.00,685.1,162007
2026-02-23 14:25:00+00:00,2.16,687.5,168581
2026-02-23 14:26:00+00:00,2.14,685.1,166942
2026-02-23 14:27:00+00:00,1.89,680.3,156262
2026-02-23 14:28:00+00:00,1.98,679.4,175556
2026-02-23 14:29:00+00:00,1.74,670.3,182813
2026-02-23 14:30:00+00:00,1.62,672.1,160234
2026-02-23 14:31:00+00:00,2.03,672.6,139823
2026-02-23 14:32:00+00:00,1.82,673.8,134635
2026-02-23 14:35:00+00:00,2.02,671.9,149338
2026-02-23 14:36:00+00:00,1.90,670.7,154070
2026-02-23 14:37:00+00:00,1.88,673.4,149224
2026-02-23 14:38:00+00:00,2.00,672.9,142587
2026-02-23 14:39:00+00:00,2.12,670.9,143844
2026-02-23 14:40:00+00:00,2.05,670.0,149332
2026-02-23 14:41:00+00:00,1.99,668.6,146905
2026-02-23 14:42:00+00:00,2.14,667.8,141940
2026-02-23 14:43:00+00:00,2.13,668.6,149825
2026-02-23 14:44:00+00:00,2.17,672.3,146298
2026-02-23 14:45:00+00:00,2.19,674.1,157573
2026-02-23 14:46:00+00:00,2.36,673.8,138165
2026-02-23 14:47:00+00:00,2.28,673.7,160479
2026-02-23 14:48:00+00:00,2.35,687.4,170546
2026-02-23 14:49:00+00:00,1.54,685.7,197824
2026-02-23 14:50:00+00:00,1.54,681.7,169474
2026-02-23 14:51:00+00:00,1.48,676.9,156538
2026-02-23 14:52:00+00:00,1.48,675.5,149983
2026-02-23 14:53:00+00:00,1.74,670.6,141874
2026-02-23 14:54:00+00:00,1.72,672.7,154541
2026-02-23 14:55:00+00:00,1.69,680.3,168309
2026-02-23 14:56:00+00:00,1.65,684.4,169481
2026-02-23 14:57:00+00:00,1.52,681.9,166015
2026-02-23 14:58:00+00:00,1.65,677.9,157796
2026-02-23 14:59:00+00:00,1.70,681.1,153291
2026-02-23 15:00:00+00:00,1.39,685.4,158856
2026-02-23 15:01:00+00:00,1.05,689.9,159723
2026-02-23 15:02:00+00:00,1.48,681.8,161428
2026-02-23 15:03:00+00:00,1.61,677.0,158059
2026-02-23 15:04:00+00:00,1.46,678.6,154681
2026-02-23 15:05:00+00:00,1.71,677.2,152843
2026-02-23 15:08:00+00:00,1.75,671.3,142931
2026-02-23 15:09:00+00:00,1.87,670.8,132447
2026-02-23 15:10:00+00:00,1.99,669.7,133311
2026-02-23 15:11:00+00:00,2.08,667.4,136401
2026-02-23 15:12:00+00:00,2.02,666.3,132373
2026-02-23 15:13:00+00:00,1.82,667.4,138148
2026-02-23 15:14:00+00:00,1.80,667.0,146953
2026-02-23 15:15:00+00:00,2.01,665.8,134855
2026-02-23 15:16:00+00:00,2.11,668.1,133347
2026-02-23 15:17:00+00:00,2.28,664.1,123400
2026-02-23 15:18:00+00:00,2.10,663.4,132301
2026-02-23 15:19:00+00:00,2.23,665.9,134169
2026-02-23 15:20:00+00:00,2.10,665.9,158866
2026-02-23 15:21:00+00:00,2.02,667.6,160250
2026-02-23 15:22:00+00:00,2.14,668.0,158432
2026-02-23 15:23:00+00:00,2.15,669.1,148393
2026-02-23 15:24:00+00:00,2.57,677.0,132540
2026-02-23 15:25:00+00:00,1.97,675.5,165234
2026-02-23 15:26:00+00:00,1.97,670.7,173611
2026-02-23 15:27:00+00:00,2.02,670.8,157879
2026-02-23 15:28:00+00:00,1.87,670.2,141689
2026-02-23 15:29:00+00:00,1.93,667.6,140672
2026-02-23 15:30:00+00:00,1.76,666.6,159843
2026-02-23 15:31:00+00:00,1.99,664.7,148916
2026-02-23 15:32:00+00:00,2.07,667.7,145276
2026-02-23 15:33:00+00:00,2.16,666.6,156701
2026-02-23 15:34:00+00:00,2.12,672.2,141998
2026-02-23 15:35:00+00:00,1.90,664.8,155452
2026-02-23 15:36:00+00:00,2.24,670.6,139718
2026-02-23 15:37:00+00:00,2.15,674.3,154743
2026-02-23 15:38:00+00:00,2.06,667.0,148910
2026-02-23 15:41:00+00:00,1.41,679.5,201184
2026-02-23 15:42:00+00:00,1.33,692.6,181990
2026-02-23 15:43:00+00:00,1.27,710.2,165187
2026-02-23 15:44:00+00:00,1.35,715.2,201205
2026-02-23 15:45:00+00:00,1.33,708.5,222321
2026-02-23 15:46:00+00:00,1.12,698.7,175748
2026-02-23 15:47:00+00:00,1.31,686.5,176231
2026-02-23 15:48:00+00:00,2.24,679.4,159379
2026-02-23 15:49:00+00:00,2.48,690.1,181280
2026-02-23 15:50:00+00:00,9.62,722.0,136199
2026-02-23 15:51:00+00:00,9.43,727.9,143014
2026-02-23 15:52:00+00:00,1.00,643.6,99765
2026-02-23 15:53:00+00:00,1.94,662.8,162625
2026-02-23 15:54:00+00:00,1.94,660.5,164723
2026-02-23 15:55:00+00:00,2.74,683.6,167484
2026-02-23 15:56:00+00:00,1.28,646.3,137134
2026-02-23 15:57:00+00:00,1.26,650.3,172060
2026-02-23 15:58:00+00:00,1.95,670.0,233597
2026-02-23 16:00:00+00:00,1.83,667.1,184670
2026-02-23 16:01:00+00:00,1.68,663.5,168882
2026-02-23 16:02:00+00:00,1.46,658.2,144360
2026-02-23 16:03:00+00:00,1.30,653.6,146177
2026-02-23 16:04:00+00:00,0.85,639.0,139398
2026-02-23 16:05:00+00:00,2.89,674.2,179682
2026-02-23 16:06:00+00:00,1.45,655.7,168420
2026-02-23 16:07:00+00:00,1.63,661.8,184095
2026-02-23 16:08:00+00:00,0.88,633.4,121529
2026-02-23 16:09:00+00:00,1.84,675.9,227849
2026-02-23 16:10:00+00:00,2.09,682.6,221775
2026-02-23 16:11:00+00:00,1.62,669.5,172327
2026-02-23 16:12:00+00:00,2.07,681.4,195080
2026-02-23 16:13:00+00:00,2.33,688.3,210808
2026-02-23 16:14:00+00:00,1.24,636.9,84010
2026-02-23 16:15:00+00:00,1.59,654.7,103469
2026-02-23 16:16:00+00:00,1.94,687.1,142781
2026-02-23 16:17:00+00:00,1.99,708.8,175190
2026-02-23 16:18:00+00:00,1.90,710.3,181148
2026-02-23 16:19:00+00:00,1.51,703.2,179182
2026-02-23 16:20:00+00:00,1.74,703.7,224387
2026-02-23 16:21:00+00:00,1.94,701.5,269195
2026-02-23 16:22:00+00:00,1.65,699.1,136012
2026-02-23 16:23:00+00:00,2.06,691.3,170189
2026-02-23 16:24:00+00:00,2.22,712.9,223056
2026-02-23 16:25:00+00:00,2.54,709.2,234912
2026-02-23 16:26:00+00:00,1.91,690.0,165555
2026-02-23 16:27:00+00:00,1.93,683.9,151101
2026-02-23 16:28:00+00:00,2.31,694.4,189796
2026-02-23 16:29:00+00:00,2.11,695.3,175408
2026-02-23 16:30:00+00:00,1.68,681.8,138374
2026-02-23 16:31:00+00:00,3.19,692.0,120468
2026-02-23 16:32:00+00:00,3.21,693.7,132659
2026-02-23 16:33:00+00:00,1.34,678.2,152102
2026-02-23 16:34:00+00:00,1.88,687.1,143830
2026-02-23 16:35:00+00:00,1.88,683.6,145023
2026-02-23 16:36:00+00:00,2.05,694.6,194376
2026-02-23 16:37:00+00:00,2.20,685.7,167455
2026-02-23 16:38:00+00:00,2.58,691.7,232231
2026-02-23 16:39:00+00:00,1.89,682.2,152837
2026-02-23 16:40:00+00:00,2.44,694.3,206016
2026-02-23 16:41:00+00:00,1.70,678.5,148559
2026-02-23 16:42:00+00:00,0.82,641.9,78286
2026-02-23 16:43:00+00:00,1.66,669.9,141565
2026-02-23 16:44:00+00:00,1.89,675.6,148804
2026-02-23 16:45:00+00:00,2.20,687.3,200836
2026-02-23 16:46:00+00:00,2.39,695.3,234904
2026-02-23 16:47:00+00:00,1.21,634.9,63004
2026-02-23 16:48:00+00:00,2.85,671.9,118810
2026-02-23 16:49:00+00:00,3.64,704.1,214855
2026-02-23 16:50:00+00:00,1.42,678.9,220526
2026-02-23 16:51:00+00:00,1.73,686.4,141870
2026-02-23 16:52:00+00:00,1.75,693.7,143962
2026-02-23 16:53:00+00:00,1.50,702.3,128554
2026-02-23 16:54:00+00:00,1.00,663.4,57925
2026-02-23 16:55:00+00:00,1.34,702.1,103554
2026-02-23 16:56:00+00:00,2.20,700.0,242892
2026-02-23 16:57:00+00:00,1.76,707.3,178698
2026-02-23 16:58:00+00:00,2.10,672.4,180765
2026-02-23 16:59:00+00:00,1.83,656.9,137174
2026-02-23 17:00:00+00:00,1.71,655.6,175990
2026-02-23 17:01:00+00:00,0.89,644.6,132026
2026-02-23 17:02:00+00:00,1.38,669.8,151879
2026-02-23 17:03:00+00:00,2.00,690.1,162287
2026-02-23 17:04:00+00:00,2.11,694.9,170700
2026-02-23 17:05:00+00:00,2.06,685.2,169399
2026-02-23 17:06:00+00:00,2.14,662.1,94603
2026-02-23 17:07:00+00:00,3.19,688.3,164617
2026-02-23 17:08:00+00:00,1.52,668.2,210764
2026-02-23 17:09:00+00:00,1.03,664.0,201161
2026-02-23 17:10:00+00:00,1.79,673.7,188190
2026-02-23 17:11:00+00:00,1.54,666.7,166414
2026-02-23 17:12:00+00:00,2.76,684.2,105578
2026-02-23 17:13:00+00:00,0.71,620.3,83609
2026-02-23 17:14:00+00:00,1.47,671.3,183436
2026-02-23 17:15:00+00:00,1.49,667.9,179977
2026-02-23 17:16:00+00:00,2.52,670.6,155419
2026-02-23 17:17:00+00:00,1.64,649.5,134863
2026-02-23 17:18:00+00:00,1.01,656.7,186227
2026-02-23 17:19:00+00:00,1.12,672.9,231324
2026-02-23 17:20:00+00:00,0.75,608.4,90399
2026-02-23 17:21:00+00:00,1.05,643.2,171503
2026-02-23 17:22:00+00:00,1.47,691.0,254688
2026-02-23 17:23:00+00:00,1.35,664.9,143194
2026-02-23 17:24:00+00:00,1.50,664.0,188143
2026-02-23 17:25:00+00:00,1.03,625.5,87084
2026-02-23 17:26:00+00:00,1.78,676.8,298060
2026-02-23 17:27:00+00:00,1.45,632.1,204465
2026-02-23 17:28:00+00:00,1.21,631.9,178133
2026-02-23 17:29:00+00:00,1.68,638.8,189638
2026-02-23 17:30:00+00:00,1.37,634.6,157406
2026-02-23 17:31:00+00:00,1.44,634.7,165219
2026-02-23 17:32:00+00:00,0.97,623.6,144706
2026-02-23 17:33:00+00:00,1.62,636.2,174835
2026-02-23 17:34:00+00:00,1.51,633.7,164156
2026-02-23 17:35:00+00:00,1.49,635.6,179389
2026-02-23 17:36:00+00:00,1.41,623.0,167459
2026-02-23 17:37:00+00:00,1.17,616.0,155604
2026-02-23 17:38:00+00:00,1.81,649.9,231879
2026-02-23 17:39:00+00:00,1.54,629.4,195933
2026-02-23 17:40:00+00:00,1.84,635.1,237716
2026-02-23 17:41:00+00:00,2.79,648.7,136363
2026-02-23 17:42:00+00:00,1.20,637.4,258161
2026-02-23 17:43:00+00:00,1.31,638.4,162545
2026-02-23 17:44:00+00:00,1.26,609.3,66369
2026-02-23 17:45:00+00:00,1.75,642.7,301558
2026-02-23 17:46:00+00:00,2.70,638.3,136252
2026-02-23 17:47:00+00:00,1.65,636.8,161432
2026-02-23 17:48:00+00:00,0.88,626.7,145144
2026-02-23 17:49:00+00:00,1.10,639.5,246324
2026-02-23 17:50:00+00:00,1.57,655.5,273677
2026-02-23 17:51:00+00:00,1.29,637.6,171122
2026-02-23 17:52:00+00:00,0.81,615.1,99205
2026-02-23 17:53:00+00:00,1.63,656.4,201805
2026-02-23 17:54:00+00:00,1.81,657.4,222838
2026-02-23 17:55:00+00:00,2.21,643.7,224880
2026-02-23 17:56:00+00:00,2.01,604.9,112924
2026-02-23 17:57:00+00:00,1.50,676.5,309184
2026-02-23 17:58:00+00:00,3.86,677.7,160004
2026-02-23 17:59:00+00:00,1.10,651.0,194168
2026-02-23 18:00:00+00:00,0.99,658.2,233935
2026-02-23 18:01:00+00:00,1.87,689.7,189708
2026-02-23 18:02:00+00:00,2.15,697.2,209789
2026-02-23 18:03:00+00:00,1.95,678.8,167288
2026-02-23 18:04:00+00:00,1.96,687.1,188956
2026-02-23 18:05:00+00:00,2.04,690.6,215412
2026-02-23 18:06:00+00:00,2.18,684.2,220400
2026-02-23 18:07:00+00:00,1.51,650.5,145373
2026-02-23 18:08:00+00:00,1.23,656.0,133474
2026-02-23 18:09:00+00:00,2.01,708.7,260131
2026-02-23 18:10:00+00:00,2.17,707.8,287207
2026-02-23 18:11:00+00:00,1.84,678.4,163931
2026-02-23 18:12:00+00:00,1.84,679.5,165932
2026-02-23 18:13:00+00:00,2.04,706.0,222894
2026-02-23 18:14:00+00:00,2.01,691.1,170334
2026-02-23 18:15:00+00:00,1.78,673.0,143772
2026-02-23 18:16:00+00:00,1.80,683.0,147825
2026-02-23 18:17:00+00:00,3.78,691.0,185668
2026-02-23 18:18:00+00:00,1.90,672.5,289756
2026-02-23 18:19:00+00:00,1.30,646.4,218827
2026-02-23 18:20:00+00:00,1.19,648.5,188267
2026-02-23 18:21:00+00:00,1.39,651.8,230807
2026-02-23 18:22:00+00:00,1.54,628.4,146347
2026-02-23 18:23:00+00:00,1.37,642.0,116617
2026-02-23 18:24:00+00:00,1.15,665.1,154996
2026-02-23 18:25:00+00:00,1.12,654.1,134256
2026-02-23 18:26:00+00:00,1.36,687.8,225656
2026-02-23 18:27:00+00:00,1.36,686.5,238214
2026-02-23 18:28:00+00:00,1.32,678.2,266552
2026-02-23 18:29:00+00:00,1.11,658.7,198290
2026-02-23 18:30:00+00:00,1.16,652.2,165040
2026-02-23 18:31:00+00:00,1.10,652.1,151092
2026-02-23 18:32:00+00:00,1.30,654.4,177674
2026-02-23 18:33:00+00:00,1.07,653.5,165474
2026-02-23 18:34:00+00:00,0.56,615.2,77471
2026-02-23 18:35:00+00:00,0.97,634.4,141589
2026-02-23 18:36:00+00:00,1.03,642.9,139212
2026-02-23 18:37:00+00:00,1.39,660.8,221139
2026-02-23 18:38:00+00:00,1.39,662.2,219228
2026-02-23 18:39:00+00:00,1.23,655.1,170683
2026-02-23 18:40:00+00:00,1.19,653.8,157448
2026-02-23 18:41:00+00:00,1.04,644.2,133845
2026-02-23 18:42:00+00:00,1.09,641.5,155109
2026-02-23 18:43:00+00:00,1.53,660.2,239442
2026-02-23 18:44:00+00:00,1.38,638.2,178740
2026-02-23 18:45:00+00:00,1.25,645.2,202543
2026-02-23 18:46:00+00:00,0.68,593.7,124654
2026-02-23 18:47:00+00:00,1.02,635.8,233304
2026-02-23 18:48:00+00:00,1.22,647.9,269903
2026-02-23 18:49:00+00:00,0.84,634.3,158545
2026-02-23 18:50:00+00:00,1.27,650.2,242436
2026-02-23 18:51:00+00:00,1.10,645.1,215332
2026-02-23 18:52:00+00:00,0.95,639.6,192712
2026-02-23 18:53:00+00:00,0.65,612.5,131110
2026-02-23 18:54:00+00:00,0.89,640.2,236738
2026-02-23 18:55:00+00:00,1.15,658.1,270817
2026-02-23 18:56:00+00:00,1.17,650.7,225987
2026-02-23 18:57:00+00:00,1.15,656.0,250648
2026-02-23 18:58:00+00:00,1.00,648.5,231075
2026-02-23 18:59:00+00:00,0.97,638.8,196117
2026-02-23 19:00:00+00:00,0.99,642.9,205035
2026-02-23 19:01:00+00:00,1.09,662.2,243972
2026-02-23 19:02:00+00:00,1.22,649.5,193276
2026-02-23 19:03:00+00:00,1.36,647.4,197793
2026-02-23 19:04:00+00:00,1.31,655.8,206161
2026-02-23 19:05:00+00:00,0.67,608.3,122133
2026-02-23 19:06:00+00:00,1.06,673.7,242132
2026-02-23 19:07:00+00:00,1.08,666.2,194202
2026-02-23 19:08:00+00:00,1.02,654.9,156760
2026-02-23 19:09:00+00:00,1.35,662.4,208201
2026-02-23 19:10:00+00:00,1.52,663.7,246501
2026-02-23 19:11:00+00:00,1.23,654.4,227474
2026-02-23 19:12:00+00:00,0.83,637.7,173903
2026-02-23 19:13:00+00:00,1.00,640.7,206770
2026-02-23 19:14:00+00:00,1.36,656.8,275680
2026-02-23 19:15:00+00:00,0.91,634.7,166460
2026-02-23 19:16:00+00:00,1.12,655.3,226669
2026-02-23 19:17:00+00:00,0.87,626.4,122165
2026-02-23 19:18:00+00:00,1.24,678.7,198478
2026-02-23 19:19:00+00:00,1.31,671.0,305986
2026-02-23 19:20:00+00:00,1.37,660.7,266298
2026-02-23 19:21:00+00:00,1.38,651.1,177729
2026-02-23 19:22:00+00:00,1.38,652.1,201903
2026-02-23 19:23:00+00:00,1.27,658.0,174419
2026-02-23 19:24:00+00:00,0.98,633.4,104129
2026-02-23 19:25:00+00:00,1.09,659.8,163854
2026-02-23 19:26:00+00:00,1.30,681.8,236542
2026-02-23 19:27:00+00:00,1.30,672.9,209744
2026-02-23 19:28:00+00:00,1.32,657.1,178980
2026-02-23 19:29:00+00:00,1.39,650.0,211085
2026-02-23 19:30:00+00:00,1.26,648.3,224808
2026-02-23 19:31:00+00:00,1.17,637.7,200279
2026-02-23 19:32:00+00:00,0.33,615.4,97425
2026-02-23 19:33:00+00:00,0.41,619.8,111038
2026-02-23 19:34:00+00:00,1.09,658.4,231161
2026-02-23 19:35:00+00:00,0.93,637.7,161659
2026-02-23 19:36:00+00:00,0.49,596.8,88744
2026-02-23 19:37:00+00:00,0.99,668.8,219910
2026-02-23 19:38:00+00:00,1.20,682.3,241410
2026-02-23 19:39:00+00:00,1.03,654.4,174611
2026-02-23 19:40:00+00:00,1.20,653.4,190969
2026-02-23 19:41:00+00:00,1.26,650.8,196217
2026-02-23 19:42:00+00:00,1.04,645.8,172734
2026-02-23 19:43:00+00:00,0.98,646.7,187954
2026-02-23 19:44:00+00:00,1.11,657.3,243406
2026-02-23 19:45:00+00:00,1.21,664.3,268155
2026-02-23 19:46:00+00:00,1.32,658.2,248253
2026-02-23 19:47:00+00:00,1.17,650.0,209700
2026-02-23 19:48:00+00:00,0.67,625.4,134039
2026-02-23 19:49:00+00:00,1.32,669.2,308162
2026-02-23 19:50:00+00:00,1.15,638.6,163969
2026-02-23 19:51:00+00:00,1.12,637.6,178159
2026-02-23 19:52:00+00:00,1.34,650.0,222697
2026-02-23 19:53:00+00:00,0.77,633.7,171949
2026-02-23 19:54:00+00:00,0.92,642.5,161101
2026-02-23 19:55:00+00:00,1.24,645.1,209479
2026-02-23 19:56:00+00:00,1.49,663.5,307014
2026-02-23 19:57:00+00:00,1.44,660.5,298613
2026-02-23 19:58:00+00:00,1.33,648.2,243032
2026-02-23 19:59:00+00:00,1.21,642.6,218850
2026-02-23 20:00:00+00:00,1.06,640.6,201850
2026-02-23 20:01:00+00:00,1.04,639.4,180559
2026-02-23 20:02:00+00:00,0.92,631.9,165234
2026-02-23 20:03:00+00:00,0.66,625.5,163154
2026-02-23 20:04:00+00:00,1.27,661.6,268027
2026-02-23 20:05:00+00:00,1.20,640.3,174961
2026-02-23 20:06:00+00:00,1.19,639.4,174630
2026-02-23 20:07:00+00:00,0.89,614.4,165024
2026-02-23 20:08:00+00:00,1.37,663.0,260078
2026-02-23 20:09:00+00:00,1.52,677.3,304390
2026-02-23 20:10:00+00:00,1.52,654.2,227469
2026-02-23 20:11:00+00:00,1.28,644.4,195123
2026-02-23 20:12:00+00:00,1.12,641.3,179632
2026-02-23 20:13:00+00:00,0.92,645.6,167247
2026-02-23 20:14:00+00:00,0.72,623.7,111724
2026-02-23 20:15:00+00:00,1.17,621.7,115178
2026-02-23 20:16:00+00:00,2.68,641.1,146540
2026-02-23 20:17:00+00:00,3.03,647.7,184489
2026-02-23 20:18:00+00:00,1.40,648.1,251590
2026-02-23 20:19:00+00:00,1.32,638.5,219998
2026-02-23 20:20:00+00:00,1.26,645.8,282099
2026-02-23 20:21:00+00:00,0.99,633.1,210496
2026-02-23 20:22:00+00:00,0.97,635.5,200756
2026-02-23 20:23:00+00:00,1.12,641.6,199444
2026-02-23 20:24:00+00:00,0.95,627.1,170334
2026-02-23 20:25:00+00:00,1.17,642.3,207088
2026-02-23 20:26:00+00:00,0.79,613.0,163324
2026-02-23 20:27:00+00:00,1.13,640.2,175807
2026-02-23 20:28:00+00:00,1.36,663.2,225493
2026-02-23 20:29:00+00:00,1.32,651.7,208507
2026-02-23 20:30:00+00:00,1.26,654.0,219315
2026-02-23 20:31:00+00:00,1.21,651.7,211881
2026-02-23 20:32:00+00:00,1.14,638.1,174218
2026-02-23 20:33:00+00:00,0.85,623.0,138317
2026-02-23 20:34:00+00:00,0.79,620.6,163924
2026-02-23 20:35:00+00:00,1.49,656.1,288467
2026-02-23 20:36:00+00:00,1.18,634.8,172088
2026-02-23 20:37:00+00:00,1.74,668.5,358259
2026-02-23 20:38:00+00:00,4.24,,
2026-02-23 20:39:00+00:00,4.24,644.3,107928
2026-02-23 20:40:00+00:00,1.38,652.7,259818
2026-02-23 20:41:00+00:00,0.95,639.4,121549
2026-02-23 20:42:00+00:00,1.95,682.5,248856
2026-02-23 20:43:00+00:00,1.38,648.6,213314
2026-02-23 20:44:00+00:00,0.89,653.5,176998
2026-02-23 20:45:00+00:00,0.78,636.6,104071
2026-02-23 20:46:00+00:00,1.05,672.0,163940
2026-02-23 20:47:00+00:00,1.20,695.8,202860
2026-02-23 20:48:00+00:00,1.11,680.9,159502
2026-02-23 20:49:00+00:00,1.17,674.0,138291
2026-02-23 20:50:00+00:00,1.37,677.7,166531
2026-02-23 20:51:00+00:00,1.35,702.2,255265
2026-02-23 20:52:00+00:00,1.13,669.1,160710
2026-02-23 20:53:00+00:00,0.81,635.4,102314
2026-02-23 20:54:00+00:00,1.39,680.8,324562
2026-02-23 20:55:00+00:00,1.02,642.9,164018
2026-02-23 20:56:00+00:00,1.23,648.1,184315
2026-02-23 20:57:00+00:00,0.83,625.2,123563
2026-02-23 20:58:00+00:00,1.31,666.3,268815
2026-02-23 20:59:00+00:00,1.05,656.2,217997
2026-02-23 21:00:00+00:00,1.09,648.8,202634
2026-02-23 21:01:00+00:00,1.25,644.2,211211
2026-02-23 21:02:00+00:00,1.23,638.0,188424
2026-02-23 21:03:00+00:00,1.12,634.1,188206
2026-02-23 21:04:00+00:00,0.83,621.8,170266
2026-02-23 21:05:00+00:00,0.75,623.7,204067
2026-02-23 21:06:00+00:00,2.32,650.9,290052
2026-02-23 21:07:00+00:00,4.33,655.9,154296
