time_tag,density,speed,temperature
2026-01-21 04:48:00+00:00,1.56,747.9,39019
2026-01-21 04:49:00+00:00,1.37,746.7,45758
2026-01-21 04:50:00+00:00,1.49,746.4,37207
2026-01-21 04:51:00+00:00,1.34,747.4,48499
2026-01-21 04:52:00+00:00,1.61,747.7,36851
2026-01-21 04:53:00+00:00,1.37,747.9,45792
2026-01-21 04:54:00+00:00,1.49,747.9,34327
2026-01-21 04:55:00+00:00,1.40,745.6,50614
2026-01-21 04:56:00+00:00,1.78,746.4,39760
2026-01-21 04:57:00+00:00,1.38,744.0,47889
2026-01-21 04:58:00+00:00,1.31,744.5,43889
2026-01-21 04:59:00+00:00,1.18,743.0,48951
2026-01-21 05:00:00+00:00,1.48,744.0,49624
2026-01-21 05:01:00+00:00,1.53,746.4,51443
2026-01-21 05:02:00+00:00,1.34,747.2,55168
2026-01-21 05:03:00+00:00,1.53,746.3,41459
2026-01-21 05:04:00+00:00,1.45,745.8,46036
2026-01-21 05:05:00+00:00,1.27,745.1,51293
2026-01-21 05:06:00+00:00,1.26,745.8,42754
2026-01-21 05:07:00+00:00,1.23,746.2,50315
2026-01-21 05:08:00+00:00,1.44,746.8,43201
2026-01-21 05:09:00+00:00,1.26,742.8,47684
2026-01-21 05:10:00+00:00,1.48,745.5,36373
2026-01-21 05:11:00+00:00,1.23,743.0,49885
2026-01-21 05:12:00+00:00,1.48,743.6,40098
2026-01-21 05:13:00+00:00,1.23,743.1,48841
2026-01-21 05:14:00+00:00,1.43,743.5,41386
2026-01-21 05:15:00+00:00,1.42,742.1,44824
2026-01-21 05:16:00+00:00,1.44,741.3,42445
2026-01-21 05:17:00+00:00,1.26,738.2,44929
2026-01-21 05:18:00+00:00,1.27,737.0,45462
2026-01-21 05:19:00+00:00,1.41,737.1,43532
2026-01-21 05:20:00+00:00,1.37,736.0,46210
2026-01-21 05:21:00+00:00,1.47,738.2,41369
2026-01-21 05:22:00+00:00,1.21,737.4,44522
2026-01-21 05:23:00+00:00,1.47,738.5,41065
2026-01-21 05:24:00+00:00,1.38,736.1,42710
2026-01-21 05:25:00+00:00,1.39,739.5,36546
2026-01-21 05:26:00+00:00,1.75,733.7,41875
2026-01-21 05:27:00+00:00,2.58,737.6,33810
2026-01-21 05:28:00+00:00,2.04,736.4,38521
2026-01-21 05:29:00+00:00,1.86,738.0,36737
2026-01-21 05:30:00+00:00,1.74,736.2,38828
2026-01-21 05:31:00+00:00,1.68,736.2,40253
2026-01-21 05:32:00+00:00,1.59,735.1,41981
2026-01-21 05:33:00+00:00,1.47,736.4,41757
2026-01-21 05:34:00+00:00,1.41,736.8,43043
2026-01-21 05:35:00+00:00,1.41,734.8,45746
2026-01-21 05:36:00+00:00,1.48,734.5,38273
2026-01-21 05:37:00+00:00,1.42,733.5,39191
2026-01-21 05:38:00+00:00,1.33,731.6,41248
2026-01-21 05:39:00+00:00,1.57,734.2,39818
2026-01-21 05:40:00+00:00,1.40,732.3,42578
2026-01-21 05:41:00+00:00,1.32,735.3,40943
2026-01-21 05:42:00+00:00,1.34,731.5,44801
2026-01-21 05:43:00+00:00,1.37,733.2,43468
2026-01-21 05:44:00+00:00,1.33,728.7,41417
2026-01-21 05:45:00+00:00,1.21,733.8,48830
2026-01-21 05:46:00+00:00,1.10,734.3,51390
2026-01-21 05:47:00+00:00,1.18,734.8,45684
2026-01-21 05:48:00+00:00,1.18,734.2,44194
2026-01-21 05:49:00+00:00,1.29,735.5,41489
2026-01-21 05:50:00+00:00,1.34,735.7,42026
2026-01-21 05:51:00+00:00,1.31,735.4,46440
2026-01-21 05:52:00+00:00,1.36,736.5,47259
2026-01-21 05:53:00+00:00,1.32,734.4,46603
2026-01-21 05:54:00+00:00,1.44,734.3,42218
2026-01-21 05:55:00+00:00,1.38,731.6,45416
2026-01-21 05:56:00+00:00,1.52,732.9,39996
2026-01-21 05:57:00+00:00,1.21,729.3,46195
2026-01-21 05:58:00+00:00,1.54,731.7,44158
2026-01-21 05:59:00+00:00,1.31,730.1,44171
2026-01-21 06:00:00+00:00,1.61,732.1,40749
2026-01-21 06:01:00+00:00,1.14,728.4,43123
2026-01-21 06:02:00+00:00,1.31,731.4,39969
2026-01-21 06:03:00+00:00,1.43,728.5,44655
2026-01-21 06:04:00+00:00,1.43,728.6,46239
2026-01-21 06:05:00+00:00,1.30,731.0,45061
2026-01-21 06:06:00+00:00,1.27,732.6,46428
2026-01-21 06:07:00+00:00,1.31,731.9,46319
2026-01-21 06:08:00+00:00,1.23,729.4,43511
2026-01-21 06:09:00+00:00,1.32,730.4,43064
2026-01-21 06:10:00+00:00,1.30,729.4,42941
2026-01-21 06:11:00+00:00,1.22,725.4,42562
2026-01-21 06:12:00+00:00,1.25,725.7,43439
2026-01-21 06:13:00+00:00,0.97,722.9,45284
2026-01-21 06:14:00+00:00,1.24,726.6,42221
2026-01-21 06:15:00+00:00,1.22,723.1,40672
2026-01-21 06:16:00+00:00,1.35,724.5,42215
2026-01-21 06:17:00+00:00,1.10,722.4,43106
2026-01-21 06:18:00+00:00,1.09,726.6,55119
2026-01-21 06:19:00+00:00,1.14,726.3,53810
2026-01-21 06:20:00+00:00,1.14,726.1,46263
2026-01-21 06:21:00+00:00,1.02,725.4,42421
2026-01-21 06:22:00+00:00,0.92,725.3,45151
2026-01-21 06:23:00+00:00,0.90,724.9,49014
2026-01-21 06:24:00+00:00,0.82,723.0,49032
2026-01-21 06:25:00+00:00,0.84,722.5,48392
2026-01-21 06:26:00+00:00,1.12,719.2,45676
2026-01-21 06:27:00+00:00,1.17,719.1,39736
2026-01-21 06:28:00+00:00,1.40,716.5,36469
2026-01-21 06:29:00+00:00,0.98,723.7,47422
2026-01-21 06:30:00+00:00,1.12,721.0,42281
2026-01-21 06:31:00+00:00,1.18,723.7,44524
2026-01-21 06:32:00+00:00,1.18,720.9,41746
2026-01-21 06:33:00+00:00,1.03,720.7,46387
2026-01-21 06:34:00+00:00,1.00,721.3,47194
2026-01-21 06:35:00+00:00,1.04,725.0,47784
2026-01-21 06:36:00+00:00,1.10,723.1,47071
2026-01-21 06:37:00+00:00,1.27,721.3,44820
2026-01-21 06:38:00+00:00,1.47,720.1,43384
2026-01-21 06:39:00+00:00,1.51,719.8,44886
2026-01-21 06:40:00+00:00,1.43,721.4,44739
2026-01-21 06:41:00+00:00,1.33,719.3,39582
2026-01-21 06:42:00+00:00,1.50,722.2,42136
2026-01-21 06:43:00+00:00,1.49,722.0,41280
2026-01-21 06:44:00+00:00,1.49,720.8,35602
2026-01-21 06:45:00+00:00,1.56,722.7,33964
2026-01-21 06:46:00+00:00,1.48,720.8,36244
2026-01-21 06:47:00+00:00,1.58,722.3,36993
2026-01-21 06:48:00+00:00,1.44,721.1,34079
2026-01-21 06:49:00+00:00,1.26,724.8,35543
2026-01-21 06:50:00+00:00,1.23,723.5,32316
2026-01-21 06:51:00+00:00,1.41,723.2,32272
2026-01-21 06:52:00+00:00,1.43,721.1,30771
2026-01-21 06:53:00+00:00,1.51,722.2,29470
2026-01-21 06:54:00+00:00,1.57,722.9,30595
2026-01-21 06:55:00+00:00,1.50,721.9,31230
2026-01-21 06:56:00+00:00,1.53,722.1,29952
2026-01-21 06:57:00+00:00,1.48,721.1,30030
2026-01-21 06:58:00+00:00,1.41,722.7,31737
2026-01-21 06:59:00+00:00,1.68,719.7,27736
2026-01-21 07:00:00+00:00,1.59,720.9,35020
2026-01-21 07:01:00+00:00,1.53,720.3,31178
2026-01-21 07:02:00+00:00,1.72,721.7,36306
2026-01-21 07:03:00+00:00,1.61,719.3,33460
2026-01-21 07:04:00+00:00,1.50,720.6,37885
2026-01-21 07:05:00+00:00,1.43,718.9,34098
2026-01-21 07:06:00+00:00,1.73,720.9,33705
2026-01-21 07:07:00+00:00,1.90,720.4,31913
2026-01-21 07:08:00+00:00,1.98,721.4,34313
2026-01-21 07:09:00+00:00,1.88,720.8,37017
2026-01-21 07:10:00+00:00,1.70,720.3,39825
2026-01-21 07:11:00+00:00,1.61,720.3,41951
2026-01-21 07:12:00+00:00,1.48,719.4,42332
2026-01-21 07:13:00+00:00,1.39,719.5,40631
2026-01-21 07:14:00+00:00,1.79,714.3,28360
2026-01-21 07:15:00+00:00,1.46,717.7,38975
2026-01-21 07:16:00+00:00,1.46,717.5,38834
2026-01-21 07:17:00+00:00,1.39,714.8,36863
2026-01-21 07:18:00+00:00,1.34,741.4,46105
2026-01-21 07:19:00+00:00,1.34,741.4,46105
2026-01-21 08:04:00+00:00,2.29,703.1,24907
2026-01-21 08:05:00+00:00,2.29,703.1,24907
2026-01-21 08:06:00+00:00,1.33,696.2,37607
2026-01-21 08:07:00+00:00,1.39,699.4,28069
2026-01-21 08:08:00+00:00,1.09,698.2,35642
2026-01-21 08:09:00+00:00,0.23,659.0,55703
2026-01-21 08:10:00+00:00,0.68,686.1,45145
2026-01-21 08:11:00+00:00,1.04,700.2,34318
2026-01-21 08:12:00+00:00,1.35,709.6,57744
2026-01-21 08:13:00+00:00,1.39,706.6,52618
2026-01-21 08:14:00+00:00,1.22,693.2,31162
2026-01-21 08:15:00+00:00,1.22,704.1,61174
2026-01-21 08:16:00+00:00,1.10,713.1,77626
2026-01-21 08:17:00+00:00,0.79,685.0,19358
2026-01-21 08:18:00+00:00,1.01,700.6,36645
2026-01-21 08:19:00+00:00,1.21,701.9,50736
2026-01-21 08:20:00+00:00,1.29,703.7,44595
2026-01-21 08:22:00+00:00,1.09,690.7,48835
2026-01-21 08:23:00+00:00,1.20,717.2,47400
2026-01-21 08:24:00+00:00,1.32,703.9,43589
2026-01-21 08:25:00+00:00,1.38,694.2,41653
2026-01-21 08:26:00+00:00,1.38,683.6,36220
2026-01-21 08:27:00+00:00,1.62,708.8,90443
2026-01-21 08:28:00+00:00,1.64,691.3,57756
2026-01-21 08:29:00+00:00,1.88,682.2,23161
2026-01-21 08:30:00+00:00,2.30,693.6,33121
2026-01-21 08:31:00+00:00,2.17,694.8,37335
2026-01-21 08:32:00+00:00,1.31,672.0,35413
2026-01-21 08:33:00+00:00,0.76,643.0,37880
2026-01-21 08:34:00+00:00,1.75,693.6,54428
2026-01-21 08:35:00+00:00,2.28,712.9,110456
2026-01-21 08:36:00+00:00,1.32,696.0,44578
2026-01-21 08:37:00+00:00,1.24,691.0,47333
2026-01-21 08:38:00+00:00,0.97,691.9,45822
2026-01-21 08:39:00+00:00,1.61,713.2,111829
2026-01-21 08:40:00+00:00,0.48,673.3,32936
2026-01-21 08:41:00+00:00,0.92,685.6,36287
2026-01-21 08:42:00+00:00,1.24,696.1,49236
2026-01-21 08:43:00+00:00,2.06,709.6,90766
2026-01-21 08:44:00+00:00,1.02,675.9,64446
2026-01-21 08:45:00+00:00,0.66,671.7,37901
2026-01-21 08:46:00+00:00,1.14,688.8,40344
2026-01-21 08:47:00+00:00,1.34,697.1,53135
2026-01-21 08:48:00+00:00,1.39,690.0,53028
2026-01-21 08:49:00+00:00,0.74,656.4,21916
2026-01-21 08:50:00+00:00,0.70,696.4,58055
2026-01-21 08:51:00+00:00,0.95,708.3,84897
2026-01-21 08:52:00+00:00,0.96,703.4,60988
2026-01-21 08:53:00+00:00,0.84,697.7,35600
2026-01-21 08:55:00+00:00,1.79,728.6,115905
2026-01-21 08:56:00+00:00,0.26,659.5,59736
2026-01-21 08:57:00+00:00,1.05,702.0,91084
2026-01-21 08:58:00+00:00,0.68,683.3,46420
2026-01-21 08:59:00+00:00,1.11,692.9,72402
2026-01-21 09:00:00+00:00,0.94,664.8,95332
2026-01-21 09:01:00+00:00,0.79,665.0,44995
2026-01-21 09:02:00+00:00,1.20,702.2,67158
2026-01-21 09:03:00+00:00,1.06,706.2,75643
2026-01-21 09:04:00+00:00,0.34,675.1,44882
2026-01-21 09:05:00+00:00,0.25,661.7,40635
2026-01-21 09:06:00+00:00,0.55,697.9,66977
2026-01-21 09:07:00+00:00,0.60,711.6,89443
2026-01-21 09:08:00+00:00,0.49,682.8,40229
2026-01-21 09:09:00+00:00,0.64,717.9,141289
2026-01-21 09:10:00+00:00,0.45,686.6,62932
2026-01-21 09:11:00+00:00,0.54,718.2,134874
2026-01-21 09:12:00+00:00,0.40,650.1,40141
2026-01-21 09:13:00+00:00,0.44,699.5,53784
2026-01-21 09:14:00+00:00,0.56,713.0,128623
2026-01-21 09:15:00+00:00,0.70,705.5,108031
2026-01-21 09:16:00+00:00,0.33,668.9,76670
2026-01-21 09:17:00+00:00,0.27,667.9,66312
2026-01-21 09:18:00+00:00,0.63,696.6,96151
2026-01-21 09:19:00+00:00,0.54,689.2,99503
2026-01-21 09:20:00+00:00,0.24,667.0,48920
2026-01-21 09:21:00+00:00,0.45,680.3,57463
2026-01-21 09:22:00+00:00,0.40,687.1,84605
2026-01-21 09:23:00+00:00,0.50,699.5,133318
2026-01-21 09:24:00+00:00,0.19,640.3,26881
2026-01-21 09:25:00+00:00,0.34,656.1,44826
2026-01-21 09:26:00+00:00,0.33,681.0,52877
2026-01-21 09:27:00+00:00,0.33,681.0,52877
2026-01-21 09:28:00+00:00,0.33,639.9,46152
2026-01-21 09:29:00+00:00,0.37,700.1,99131
2026-01-21 09:30:00+00:00,0.48,702.7,140384
2026-01-21 09:31:00+00:00,0.36,680.1,96897
2026-01-21 09:32:00+00:00,0.21,646.7,45731
2026-01-21 09:33:00+00:00,0.52,663.1,92796
2026-01-21 09:34:00+00:00,0.91,698.5,194037
2026-01-21 09:35:00+00:00,0.64,702.9,267373
2026-01-21 09:36:00+00:00,0.11,672.1,222781
2026-01-21 09:37:00+00:00,0.08,649.8,132526
2026-01-21 09:38:00+00:00,0.36,720.0,256287
2026-01-21 09:39:00+00:00,1.25,690.4,93053
2026-01-21 09:40:00+00:00,0.10,729.3,216167
2026-01-21 09:41:00+00:00,0.01,640.5,103740
2026-01-21 09:42:00+00:00,0.01,705.8,202898
2026-01-21 09:43:00+00:00,0.01,663.1,193227
2026-01-21 09:44:00+00:00,0.01,631.1,65536
2026-01-21 09:45:00+00:00,0.07,700.6,141671
2026-01-21 09:46:00+00:00,1.25,715.7,72697
2026-01-21 09:47:00+00:00,0.60,714.1,231914
2026-01-21 09:48:00+00:00,0.05,676.7,199534
2026-01-21 09:49:00+00:00,0.04,653.0,102783
2026-01-21 09:50:00+00:00,0.02,649.1,78661
2026-01-21 09:51:00+00:00,0.03,652.2,115473
2026-01-21 09:52:00+00:00,0.05,677.9,238324
2026-01-21 09:53:00+00:00,0.02,693.1,319369
2026-01-21 09:54:00+00:00,0.03,668.2,285426
2026-01-21 09:55:00+00:00,0.06,669.5,193472
2026-01-21 09:56:00+00:00,0.05,660.7,184271
2026-01-21 09:57:00+00:00,0.04,646.3,83502
2026-01-21 09:58:00+00:00,0.02,674.0,412787
2026-01-21 09:59:00+00:00,0.08,677.9,242212
2026-01-21 10:04:00+00:00,0.03,663.3,150722
2026-01-21 10:05:00+00:00,0.05,667.0,207758
2026-01-21 10:06:00+00:00,0.05,683.8,362682
2026-01-21 10:07:00+00:00,0.04,694.3,405430
2026-01-21 10:08:00+00:00,0.02,697.4,275003
2026-01-21 10:09:00+00:00,0.05,718.7,232508
2026-01-21 10:10:00+00:00,0.10,723.1,190331
2026-01-21 10:11:00+00:00,0.28,734.0,153927
2026-01-21 10:12:00+00:00,1.41,706.8,57530
2026-01-21 10:13:00+00:00,0.23,635.4,140669
2026-01-21 10:14:00+00:00,0.68,643.5,146761
2026-01-21 10:15:00+00:00,0.15,649.4,158531
2026-01-21 10:16:00+00:00,0.12,668.6,210813
2026-01-21 10:17:00+00:00,0.08,656.6,197017
2026-01-21 10:18:00+00:00,0.06,666.1,287936
2026-01-21 10:19:00+00:00,0.05,666.9,274060
2026-01-21 10:20:00+00:00,0.04,667.0,276946
2026-01-21 10:21:00+00:00,0.04,676.1,302306
2026-01-21 10:22:00+00:00,0.03,653.6,308546
2026-01-21 10:23:00+00:00,0.02,631.5,102586
2026-01-21 10:24:00+00:00,0.04,657.4,169088
2026-01-21 10:25:00+00:00,0.05,673.8,326960
2026-01-21 10:26:00+00:00,0.04,662.4,323520
2026-01-21 10:27:00+00:00,0.03,635.8,72530
2026-01-21 10:28:00+00:00,0.04,660.7,292948
2026-01-21 10:29:00+00:00,0.01,627.9,73224
2026-01-21 10:30:00+00:00,0.01,757.3,2102947
2026-01-21 10:31:00+00:00,0.01,652.8,189962
2026-01-21 10:32:00+00:00,0.03,666.6,160449
2026-01-21 10:33:00+00:00,0.03,669.8,176930
2026-01-21 10:34:00+00:00,0.05,715.9,212202
2026-01-21 10:35:00+00:00,0.04,714.6,208242
2026-01-21 10:36:00+00:00,0.04,712.0,293596
2026-01-21 10:37:00+00:00,0.02,668.5,185565
2026-01-21 10:38:00+00:00,0.02,642.3,125653
2026-01-21 10:39:00+00:00,0.04,680.6,302347
2026-01-21 10:40:00+00:00,0.05,707.9,315925
2026-01-21 10:41:00+00:00,0.05,697.6,133882
2026-01-21 10:42:00+00:00,0.05,729.9,292678
2026-01-21 10:43:00+00:00,0.07,710.4,582981
2026-01-21 10:44:00+00:00,0.04,697.8,300732
2026-01-21 10:45:00+00:00,0.04,675.9,164842
2026-01-21 10:46:00+00:00,0.06,683.9,357367
2026-01-21 10:47:00+00:00,0.03,649.8,126784
2026-01-21 10:48:00+00:00,0.08,691.1,523233
2026-01-21 10:49:00+00:00,0.07,694.2,418386
2026-01-21 10:50:00+00:00,0.06,705.7,459601
2026-01-21 10:51:00+00:00,0.41,652.8,185926
2026-01-21 10:52:00+00:00,0.62,638.1,85305
2026-01-21 10:53:00+00:00,0.63,643.6,90890
2026-01-21 10:54:00+00:00,0.39,646.5,125186
2026-01-21 10:55:00+00:00,0.09,659.1,224237
2026-01-21 10:56:00+00:00,0.07,678.3,370534
2026-01-21 10:57:00+00:00,0.07,695.5,520457
2026-01-21 10:58:00+00:00,0.08,672.4,336759
2026-01-21 10:59:00+00:00,0.13,636.7,154349
2026-01-21 11:00:00+00:00,0.14,649.8,237863
2026-01-21 11:01:00+00:00,0.18,661.7,265001
2026-01-21 11:02:00+00:00,0.07,689.1,184396
2026-01-21 11:03:00+00:00,0.01,634.2,100497
2026-01-21 11:04:00+00:00,0.02,685.2,209652
2026-01-21 11:05:00+00:00,0.01,659.4,123705
2026-01-21 11:06:00+00:00,0.01,650.9,97790
2026-01-21 11:07:00+00:00,0.03,764.5,475540
2026-01-21 11:08:00+00:00,0.07,732.0,221667
2026-01-21 11:09:00+00:00,0.05,692.7,43892
2026-01-21 11:10:00+00:00,0.02,671.6,43815
2026-01-21 11:11:00+00:00,0.01,658.3,46858
2026-01-21 11:12:00+00:00,0.02,668.4,96250
2026-01-21 11:13:00+00:00,0.04,692.5,206132
2026-01-21 11:14:00+00:00,0.01,652.5,180077
2026-01-21 11:15:00+00:00,0.02,673.0,125258
2026-01-21 11:16:00+00:00,0.07,690.2,91119
2026-01-21 11:17:00+00:00,0.03,699.9,215411
2026-01-21 11:18:00+00:00,0.01,678.4,170239
2026-01-21 11:19:00+00:00,0.01,666.5,226470
2026-01-21 11:20:00+00:00,0.06,693.0,99606
2026-01-21 11:21:00+00:00,0.08,733.2,162577
2026-01-21 11:22:00+00:00,0.10,730.4,134663
2026-01-21 11:23:00+00:00,0.04,670.0,65407
2026-01-21 11:24:00+00:00,0.00,655.2,67785
2026-01-21 11:25:00+00:00,0.05,693.4,120573
2026-01-21 11:26:00+00:00,0.05,686.1,102494
2026-01-21 11:27:00+00:00,0.01,663.5,123819
2026-01-21 11:28:00+00:00,0.02,675.7,196206
2026-01-21 11:29:00+00:00,0.02,668.7,115700
2026-01-21 11:30:00+00:00,0.05,704.6,122704
2026-01-21 11:31:00+00:00,0.05,691.0,116141
2026-01-21 11:32:00+00:00,0.01,651.0,114418
2026-01-21 11:33:00+00:00,0.01,693.3,491349
2026-01-21 11:34:00+00:00,0.01,670.3,273607
2026-01-21 11:35:00+00:00,0.01,691.7,254413
2026-01-21 11:36:00+00:00,0.08,719.8,113687
2026-01-21 11:37:00+00:00,0.03,676.3,94428
2026-01-21 11:38:00+00:00,0.02,700.3,124745
2026-01-21 11:39:00+00:00,0.02,713.3,135572
2026-01-21 11:40:00+00:00,1.52,683.7,16635
2026-01-21 11:41:00+00:00,0.77,674.3,190843
2026-01-21 11:42:00+00:00,0.08,657.4,255056
2026-01-21 11:43:00+00:00,0.03,645.4,133972
2026-01-21 11:44:00+00:00,0.01,635.1,75394
2026-01-21 11:45:00+00:00,0.01,621.6,24917
2026-01-21 11:46:00+00:00,0.02,629.0,55971
2026-01-21 11:47:00+00:00,0.04,654.2,121170
2026-01-21 11:48:00+00:00,0.04,700.6,150203
2026-01-21 11:49:00+00:00,0.02,661.6,24741
2026-01-21 11:50:00+00:00,0.01,681.0,401401
2026-01-21 11:51:00+00:00,0.01,684.6,219411
2026-01-21 11:52:00+00:00,0.01,646.7,61528
2026-01-21 11:53:00+00:00,0.01,651.9,56696
2026-01-21 11:54:00+00:00,0.01,652.3,51911
2026-01-21 11:55:00+00:00,0.01,630.8,45623
2026-01-21 11:56:00+00:00,0.01,632.0,42445
2026-01-21 11:57:00+00:00,0.20,659.9,33786
2026-01-21 11:58:00+00:00,0.22,682.5,110897
2026-01-21 11:59:00+00:00,0.03,663.9,171068
2026-01-21 12:00:00+00:00,0.04,642.0,129796
2026-01-21 12:01:00+00:00,0.10,674.7,191165
2026-01-21 12:02:00+00:00,0.06,682.6,278584
2026-01-21 12:03:00+00:00,0.05,675.3,223389
2026-01-21 12:04:00+00:00,0.06,686.1,260514
2026-01-21 12:05:00+00:00,0.10,674.1,113895
2026-01-21 12:06:00+00:00,0.06,686.1,272209
2026-01-21 12:07:00+00:00,0.05,676.0,169110
2026-01-21 12:08:00+00:00,0.07,687.8,286725
2026-01-21 12:09:00+00:00,0.09,677.7,392344
2026-01-21 12:10:00+00:00,0.28,654.5,175651
2026-01-21 12:11:00+00:00,0.47,655.8,98678
2026-01-21 12:12:00+00:00,0.53,660.1,103518
2026-01-21 12:13:00+00:00,0.91,616.9,10689
2026-01-21 12:14:00+00:00,0.49,624.2,17380
2026-01-21 12:15:00+00:00,0.02,666.6,75078
2026-01-21 12:16:00+00:00,0.04,714.0,153281
2026-01-21 12:17:00+00:00,0.04,698.5,184783
2026-01-21 12:18:00+00:00,0.04,674.2,215448
2026-01-21 12:19:00+00:00,0.07,667.4,76257
2026-01-21 12:20:00+00:00,0.07,664.8,186253
2026-01-21 12:21:00+00:00,0.15,665.0,280265
2026-01-21 12:22:00+00:00,0.07,671.7,275751
2026-01-21 12:23:00+00:00,0.06,671.2,157664
2026-01-21 12:24:00+00:00,0.11,660.0,166152
2026-01-21 12:25:00+00:00,0.23,652.9,140904
2026-01-21 12:26:00+00:00,0.55,641.3,79010
2026-01-21 12:27:00+00:00,0.71,642.6,58349
2026-01-21 12:28:00+00:00,0.36,675.9,118593
2026-01-21 12:29:00+00:00,0.12,671.3,153629
2026-01-21 12:30:00+00:00,0.24,639.5,103158
2026-01-21 12:31:00+00:00,0.82,634.1,56913
2026-01-21 12:32:00+00:00,1.43,645.7,57829
2026-01-21 12:33:00+00:00,1.58,649.2,37729
2026-01-21 12:34:00+00:00,2.32,645.8,28326
2026-01-21 12:35:00+00:00,1.87,658.9,33860
2026-01-21 12:36:00+00:00,0.18,695.8,55505
2026-01-21 12:37:00+00:00,0.04,698.2,119365
2026-01-21 12:38:00+00:00,0.17,652.0,123411
2026-01-21 12:39:00+00:00,0.09,662.2,266291
2026-01-21 12:40:00+00:00,0.78,637.5,72144
2026-01-21 12:41:00+00:00,1.11,633.2,48531
2026-01-21 12:42:00+00:00,1.65,639.1,36180
2026-01-21 12:43:00+00:00,1.74,636.7,34384
2026-01-21 12:44:00+00:00,0.73,664.5,123944
2026-01-21 12:45:00+00:00,0.08,684.6,182515
2026-01-21 12:46:00+00:00,0.06,638.3,89673
2026-01-21 12:47:00+00:00,0.28,652.9,74147
2026-01-21 12:48:00+00:00,0.44,665.6,99443
2026-01-21 12:49:00+00:00,0.45,644.1,152464
2026-01-21 12:50:00+00:00,1.46,637.3,32419
2026-01-21 12:51:00+00:00,1.28,640.4,41081
2026-01-21 12:52:00+00:00,0.49,627.0,60067
2026-01-21 12:53:00+00:00,1.01,627.3,36844
2026-01-21 12:54:00+00:00,0.89,626.0,40295
2026-01-21 12:55:00+00:00,0.81,634.2,94477
2026-01-21 12:56:00+00:00,0.88,618.5,40384
2026-01-21 12:57:00+00:00,0.80,619.3,40221
2026-01-21 12:58:00+00:00,1.07,621.5,44631
2026-01-21 12:59:00+00:00,1.60,621.9,35657
2026-01-21 13:00:00+00:00,1.44,624.4,39981
2026-01-21 13:01:00+00:00,0.76,615.0,44242
2026-01-21 13:02:00+00:00,1.46,622.4,60619
2026-01-21 13:03:00+00:00,2.64,638.5,75359
2026-01-21 13:04:00+00:00,2.13,629.4,57832
2026-01-21 13:05:00+00:00,1.43,622.1,37437
2026-01-21 13:06:00+00:00,2.17,626.9,41024
2026-01-21 13:07:00+00:00,2.81,644.6,84034
2026-01-21 13:08:00+00:00,1.18,625.1,60877
2026-01-21 13:09:00+00:00,1.12,619.7,55396
2026-01-21 13:10:00+00:00,0.65,616.9,48672
2026-01-21 13:11:00+00:00,0.71,613.5,40850
2026-01-21 13:12:00+00:00,0.65,622.3,76182
2026-01-21 13:13:00+00:00,0.47,611.9,52696
2026-01-21 13:14:00+00:00,0.68,613.4,45398
2026-01-21 13:15:00+00:00,0.66,624.4,49217
2026-01-21 13:16:00+00:00,1.41,631.5,44406
2026-01-21 13:17:00+00:00,1.18,623.0,40376
2026-01-21 13:18:00+00:00,0.51,614.2,40775
2026-01-21 13:19:00+00:00,1.91,623.2,27763
2026-01-21 13:20:00+00:00,1.56,629.9,32176
2026-01-21 13:21:00+00:00,0.71,638.5,56984
2026-01-21 13:22:00+00:00,0.26,627.9,107004
2026-01-21 13:23:00+00:00,0.18,643.3,163829
2026-01-21 13:24:00+00:00,0.05,660.7,366225
2026-01-21 13:25:00+00:00,0.04,654.5,238075
2026-01-21 13:26:00+00:00,0.03,681.4,286506
2026-01-21 13:27:00+00:00,0.04,646.3,197121
2026-01-21 13:28:00+00:00,0.04,663.1,376723
2026-01-21 13:29:00+00:00,0.01,634.2,113103
2026-01-21 13:30:00+00:00,0.01,642.5,122719
2026-01-21 13:31:00+00:00,0.01,652.7,210856
2026-01-21 13:32:00+00:00,0.01,639.9,157481
2026-01-21 13:33:00+00:00,0.01,626.7,104715
2026-01-21 13:34:00+00:00,0.03,632.8,148512
2026-01-21 13:35:00+00:00,0.05,657.0,182790
2026-01-21 13:36:00+00:00,0.03,678.8,178223
2026-01-21 13:37:00+00:00,0.04,684.6,215312
2026-01-21 13:38:00+00:00,0.05,692.9,228645
2026-01-21 13:39:00+00:00,0.06,675.2,209169
2026-01-21 13:40:00+00:00,0.17,672.2,131217
2026-01-21 13:41:00+00:00,0.03,638.2,240716
2026-01-21 13:42:00+00:00,0.03,661.9,300360
2026-01-21 13:43:00+00:00,0.16,620.1,98102
2026-01-21 13:44:00+00:00,0.07,659.2,128026
2026-01-21 13:45:00+00:00,0.04,645.3,241598
2026-01-21 13:46:00+00:00,0.03,653.2,345509
2026-01-21 13:47:00+00:00,0.07,631.6,220319
2026-01-21 13:48:00+00:00,0.06,648.3,255886
2026-01-21 13:49:00+00:00,0.05,657.8,246173
2026-01-21 13:50:00+00:00,0.05,636.9,184354
2026-01-21 13:51:00+00:00,0.04,623.4,198218
2026-01-21 13:54:00+00:00,0.03,681.4,266377
2026-01-21 13:55:00+00:00,0.03,670.8,169543
2026-01-21 13:56:00+00:00,0.03,685.6,204158
2026-01-21 13:57:00+00:00,0.02,643.3,82382
2026-01-21 13:58:00+00:00,0.01,627.5,50229
2026-01-21 13:59:00+00:00,0.01,623.0,60159
2026-01-21 14:00:00+00:00,0.01,617.4,59303
2026-01-21 14:01:00+00:00,0.01,615.2,43972
2026-01-21 14:02:00+00:00,0.05,682.4,83071
2026-01-21 14:03:00+00:00,0.31,677.2,96769
2026-01-21 14:04:00+00:00,0.27,665.8,60348
2026-01-21 14:05:00+00:00,0.09,660.5,134282
2026-01-21 14:06:00+00:00,0.18,632.4,166429
2026-01-21 14:07:00+00:00,0.21,609.7,95645
2026-01-21 14:08:00+00:00,0.11,618.2,78140
2026-01-21 14:09:00+00:00,0.22,641.5,118858
2026-01-21 14:10:00+00:00,0.04,668.4,257525
2026-01-21 14:11:00+00:00,0.06,646.8,286195
2026-01-21 14:12:00+00:00,0.03,650.9,149605
2026-01-21 14:13:00+00:00,0.04,632.6,147337
2026-01-21 14:14:00+00:00,0.09,635.4,132370
2026-01-21 14:15:00+00:00,0.18,640.8,126743
2026-01-21 14:16:00+00:00,0.16,630.0,60426
2026-01-21 14:17:00+00:00,0.16,628.3,85248
2026-01-21 14:18:00+00:00,0.12,612.6,95244
2026-01-21 14:19:00+00:00,0.08,623.4,228031
2026-01-21 14:20:00+00:00,0.06,629.7,208156
2026-01-21 14:21:00+00:00,0.04,657.3,138055
2026-01-21 14:22:00+00:00,0.04,675.7,164433
2026-01-21 14:23:00+00:00,0.04,674.4,179830
2026-01-21 14:24:00+00:00,0.04,684.4,138593
2026-01-21 14:25:00+00:00,0.03,595.5,31274
2026-01-21 14:26:00+00:00,0.06,604.4,39896
2026-01-21 14:27:00+00:00,0.18,641.0,87341
2026-01-21 14:28:00+00:00,0.08,646.7,166353
2026-01-21 14:29:00+00:00,0.07,637.0,93377
2026-01-21 14:31:00+00:00,0.15,644.9,125489
2026-01-21 14:32:00+00:00,0.17,632.6,118510
2026-01-21 14:33:00+00:00,0.10,632.3,130029
2026-01-21 14:34:00+00:00,0.08,632.7,133177
2026-01-21 14:35:00+00:00,0.08,682.7,184768
2026-01-21 14:36:00+00:00,0.60,652.0,93805
2026-01-21 14:37:00+00:00,0.47,642.9,36564
2026-01-21 14:38:00+00:00,0.05,628.3,34395
2026-01-21 14:39:00+00:00,0.45,608.3,31079
2026-01-21 14:40:00+00:00,0.76,618.0,48937
2026-01-21 14:41:00+00:00,0.19,613.6,89248
2026-01-21 14:42:00+00:00,0.22,616.5,111911
2026-01-21 14:43:00+00:00,0.29,624.6,71483
2026-01-21 14:44:00+00:00,0.27,633.3,97666
2026-01-21 14:45:00+00:00,0.09,628.0,96907
2026-01-21 14:46:00+00:00,0.16,634.0,124772
2026-01-21 14:47:00+00:00,0.27,626.6,85299
2026-01-21 14:48:00+00:00,0.18,626.4,175192
2026-01-21 14:49:00+00:00,0.15,627.1,194844
2026-01-21 14:50:00+00:00,0.33,612.7,119339
2026-01-21 14:51:00+00:00,0.46,618.4,66526
2026-01-21 14:52:00+00:00,0.37,624.1,64296
2026-01-21 14:53:00+00:00,0.48,624.8,59833
2026-01-21 14:54:00+00:00,0.53,626.7,57588
2026-01-21 14:55:00+00:00,0.27,628.3,115062
2026-01-21 14:56:00+00:00,0.08,640.7,202513
2026-01-21 14:57:00+00:00,0.05,665.2,231098
2026-01-21 15:00:00+00:00,0.14,636.9,118028
2026-01-21 15:01:00+00:00,0.21,636.4,78706
2026-01-21 15:02:00+00:00,0.38,636.0,38799
2026-01-21 15:03:00+00:00,0.50,639.4,50388
2026-01-21 15:04:00+00:00,0.60,643.8,37940
2026-01-21 15:05:00+00:00,0.17,670.7,61936
2026-01-21 15:06:00+00:00,0.12,647.9,188133
2026-01-21 15:07:00+00:00,0.13,639.9,223485
2026-01-21 15:08:00+00:00,0.12,637.9,235124
2026-01-21 15:09:00+00:00,0.12,637.4,223162
2026-01-21 15:10:00+00:00,0.13,639.5,236767
2026-01-21 15:11:00+00:00,0.15,634.2,231725
2026-01-21 15:12:00+00:00,0.18,623.3,162008
2026-01-21 15:13:00+00:00,0.24,617.3,146970
2026-01-21 15:14:00+00:00,0.40,614.0,125640
2026-01-21 15:15:00+00:00,0.52,616.8,90647
2026-01-21 15:16:00+00:00,0.38,613.1,80661
2026-01-21 15:17:00+00:00,0.42,612.6,81116
2026-01-21 15:18:00+00:00,0.53,617.5,45802
2026-01-21 15:19:00+00:00,0.59,632.2,106334
2026-01-21 15:20:00+00:00,0.30,610.0,89627
2026-01-21 15:21:00+00:00,0.29,615.5,96434
2026-01-21 15:22:00+00:00,0.52,634.9,153483
2026-01-21 15:23:00+00:00,0.32,638.7,227221
2026-01-21 15:24:00+00:00,0.10,618.1,123515
2026-01-21 15:25:00+00:00,1.17,636.9,59163
2026-01-21 15:26:00+00:00,2.11,657.8,64235
2026-01-21 15:27:00+00:00,1.37,632.3,77960
2026-01-21 15:28:00+00:00,0.31,607.3,118824
2026-01-21 15:29:00+00:00,0.41,609.4,94243
2026-01-21 15:30:00+00:00,0.69,607.2,55026
2026-01-21 15:33:00+00:00,0.74,609.2,66533
2026-01-21 15:34:00+00:00,0.62,607.6,63027
2026-01-21 15:35:00+00:00,0.22,618.0,117483
2026-01-21 15:36:00+00:00,1.05,609.8,50061
2026-01-21 15:37:00+00:00,1.07,608.4,40619
2026-01-21 15:38:00+00:00,1.43,611.5,38502
2026-01-21 15:39:00+00:00,1.76,612.8,37998
2026-01-21 15:40:00+00:00,1.96,613.9,34029
2026-01-21 15:41:00+00:00,1.55,609.7,35946
2026-01-21 15:42:00+00:00,0.91,602.8,55837
2026-01-21 15:43:00+00:00,0.47,605.4,102976
2026-01-21 15:44:00+00:00,0.22,613.1,157158
2026-01-21 15:45:00+00:00,0.19,616.9,196189
2026-01-21 15:46:00+00:00,0.11,629.8,246453
2026-01-21 15:47:00+00:00,0.13,628.0,236340
2026-01-21 15:48:00+00:00,0.13,628.0,143609
2026-01-21 15:49:00+00:00,0.16,595.9,59741
2026-01-21 15:50:00+00:00,0.09,639.1,248133
2026-01-21 15:51:00+00:00,0.09,654.2,176150
2026-01-21 15:52:00+00:00,0.09,662.4,201130
2026-01-21 15:53:00+00:00,0.11,647.9,181315
2026-01-21 15:54:00+00:00,0.10,642.8,228679
2026-01-21 15:55:00+00:00,0.08,633.7,182930
2026-01-21 15:56:00+00:00,0.55,619.9,109521
2026-01-21 15:57:00+00:00,0.50,614.8,75756
2026-01-21 15:58:00+00:00,0.28,621.3,111016
2026-01-21 16:02:00+00:00,1.25,640.8,63193
2026-01-21 16:03:00+00:00,0.92,632.2,90143
2026-01-21 16:06:00+00:00,0.72,621.6,47834
2026-01-21 16:07:00+00:00,0.62,631.7,75795
2026-01-21 16:08:00+00:00,0.64,630.3,65512
2026-01-21 16:09:00+00:00,0.26,636.0,196633
2026-01-21 16:10:00+00:00,0.14,646.7,143769
2026-01-21 16:11:00+00:00,0.14,654.2,147205
2026-01-21 16:12:00+00:00,0.12,663.9,136119
2026-01-21 16:13:00+00:00,0.14,655.4,191701
2026-01-21 16:14:00+00:00,0.15,649.5,230417
2026-01-21 16:15:00+00:00,0.13,656.4,173708
2026-01-21 16:16:00+00:00,0.26,643.6,114506
2026-01-21 16:17:00+00:00,0.47,619.3,72989
2026-01-21 16:18:00+00:00,0.39,630.2,63128
2026-01-21 16:19:00+00:00,0.10,653.5,55216
2026-01-21 16:20:00+00:00,0.20,630.0,94219
2026-01-21 16:21:00+00:00,0.17,628.3,84089
2026-01-21 16:22:00+00:00,0.15,630.9,175197
2026-01-21 16:23:00+00:00,0.15,629.7,132191
2026-01-21 16:24:00+00:00,0.33,627.3,80152
2026-01-21 16:25:00+00:00,0.26,622.4,71957
2026-01-21 16:26:00+00:00,0.44,603.3,108585
2026-01-21 16:27:00+00:00,0.26,615.7,99470
2026-01-21 16:28:00+00:00,0.11,618.6,155384
2026-01-21 16:29:00+00:00,0.09,615.9,219996
2026-01-21 16:30:00+00:00,0.08,618.9,263021
2026-01-21 16:31:00+00:00,0.07,614.5,245266
2026-01-21 16:32:00+00:00,0.06,608.0,202980
2026-01-21 16:33:00+00:00,0.07,612.5,220590
2026-01-21 16:34:00+00:00,0.09,607.8,108589
2026-01-21 16:35:00+00:00,0.09,601.1,81554
2026-01-21 16:36:00+00:00,0.06,584.8,23145
2026-01-21 16:39:00+00:00,0.05,585.9,27750
2026-01-21 16:40:00+00:00,0.07,589.0,40007
2026-01-21 16:41:00+00:00,0.09,589.5,44162
2026-01-21 16:42:00+00:00,0.08,590.6,49253
2026-01-21 16:43:00+00:00,0.06,581.7,23701
2026-01-21 16:44:00+00:00,0.08,590.7,47773
2026-01-21 16:45:00+00:00,0.09,594.5,58135
2026-01-21 16:46:00+00:00,0.09,588.5,48845
2026-01-21 16:47:00+00:00,0.08,587.2,50311
2026-01-21 16:48:00+00:00,0.05,588.5,56832
2026-01-21 16:49:00+00:00,0.06,588.2,65356
2026-01-21 16:50:00+00:00,0.04,583.7,36218
2026-01-21 16:51:00+00:00,0.06,589.7,102578
2026-01-21 16:52:00+00:00,0.07,617.1,372067
2026-01-21 16:53:00+00:00,0.04,582.0,36183
2026-01-21 16:54:00+00:00,0.04,586.0,31898
2026-01-21 16:55:00+00:00,0.03,577.3,27758
2026-01-21 16:56:00+00:00,0.05,582.8,31551
2026-01-21 16:57:00+00:00,0.06,583.7,40903
2026-01-21 16:58:00+00:00,0.05,583.0,35301
2026-01-21 16:59:00+00:00,0.04,635.2,311385
2026-01-21 17:00:00+00:00,0.03,617.7,208669
2026-01-21 17:01:00+00:00,0.03,636.8,179178
2026-01-21 17:02:00+00:00,0.02,635.2,173624
2026-01-21 17:03:00+00:00,0.03,583.7,38923
2026-01-21 17:04:00+00:00,0.04,580.9,38232
2026-01-21 17:05:00+00:00,0.02,580.6,35833
2026-01-21 17:06:00+00:00,0.02,582.0,53776
2026-01-21 17:07:00+00:00,0.02,579.3,28692
2026-01-21 17:08:00+00:00,0.02,607.0,96659
2026-01-21 17:09:00+00:00,0.04,585.8,54331
2026-01-21 17:12:00+00:00,0.04,640.6,399074
2026-01-21 17:13:00+00:00,0.05,592.8,112705
2026-01-21 17:14:00+00:00,0.05,582.9,38359
2026-01-21 17:15:00+00:00,0.04,583.4,45090
2026-01-21 17:16:00+00:00,0.04,619.7,231415
2026-01-21 17:17:00+00:00,0.04,667.0,375883
2026-01-21 17:18:00+00:00,0.04,660.5,290255
2026-01-21 17:19:00+00:00,0.06,622.2,140846
2026-01-21 17:20:00+00:00,0.06,603.7,75101
2026-01-21 17:21:00+00:00,0.05,618.1,69382
2026-01-21 17:22:00+00:00,0.06,686.8,169937
2026-01-21 17:23:00+00:00,0.05,657.7,149394
2026-01-21 17:24:00+00:00,0.05,657.4,230309
2026-01-21 17:25:00+00:00,0.05,664.6,186067
2026-01-21 17:26:00+00:00,0.07,666.5,165009
2026-01-21 17:27:00+00:00,0.10,625.6,365709
2026-01-21 17:28:00+00:00,0.09,707.7,874823
2026-01-21 17:29:00+00:00,0.15,623.1,301780
2026-01-21 17:30:00+00:00,0.17,600.5,149402
2026-01-21 17:31:00+00:00,0.26,599.1,128753
2026-01-21 17:32:00+00:00,0.36,595.8,91375
2026-01-21 17:33:00+00:00,0.24,602.4,179965
2026-01-21 17:34:00+00:00,0.11,608.8,265733
2026-01-21 17:35:00+00:00,0.11,598.2,167149
2026-01-21 17:36:00+00:00,0.09,595.1,121866
2026-01-21 17:37:00+00:00,0.09,617.3,299864
2026-01-21 17:38:00+00:00,0.09,615.8,289122
2026-01-21 17:39:00+00:00,0.08,615.0,300855
2026-01-21 17:40:00+00:00,0.08,614.8,301271
2026-01-21 17:41:00+00:00,0.08,617.2,310356
2026-01-21 17:42:00+00:00,0.09,620.7,315379
2026-01-21 17:43:00+00:00,0.09,620.7,315379
2026-01-21 17:44:00+00:00,0.05,662.8,217627
2026-01-21 17:45:00+00:00,0.05,683.4,229182
2026-01-21 17:46:00+00:00,0.05,649.5,216183
2026-01-21 17:47:00+00:00,0.06,646.7,267478
2026-01-21 17:48:00+00:00,0.06,643.0,264667
2026-01-21 17:49:00+00:00,0.05,655.8,201130
2026-01-21 17:50:00+00:00,0.05,644.9,167023
2026-01-21 17:51:00+00:00,0.06,625.2,269826
2026-01-21 17:52:00+00:00,0.07,641.2,412397
2026-01-21 17:53:00+00:00,0.06,645.6,347868
2026-01-21 17:54:00+00:00,0.05,663.3,239635
2026-01-21 17:55:00+00:00,0.07,633.9,333547
2026-01-21 17:56:00+00:00,0.04,581.4,53820
2026-01-21 17:57:00+00:00,0.09,647.9,485872
2026-01-21 17:58:00+00:00,0.03,576.2,23312
2026-01-21 17:59:00+00:00,0.06,644.8,219067
2026-01-21 18:00:00+00:00,0.05,660.3,210240
2026-01-21 18:01:00+00:00,0.07,649.5,415601
2026-01-21 18:02:00+00:00,0.07,616.5,239235
2026-01-21 18:03:00+00:00,0.06,592.1,83679
2026-01-21 18:04:00+00:00,0.10,584.0,41041
2026-01-21 18:05:00+00:00,0.14,583.4,43057
2026-01-21 18:06:00+00:00,0.18,583.8,40427
2026-01-21 18:07:00+00:00,0.22,588.1,67482
2026-01-21 18:08:00+00:00,0.23,594.0,111492
2026-01-21 18:09:00+00:00,0.30,591.2,73678
2026-01-21 18:10:00+00:00,0.50,584.7,28343
2026-01-21 18:11:00+00:00,0.31,583.4,30889
2026-01-21 18:12:00+00:00,0.12,582.1,38780
2026-01-21 18:13:00+00:00,0.14,600.5,190097
2026-01-21 18:14:00+00:00,0.12,600.6,183020
2026-01-21 18:15:00+00:00,0.26,589.4,50558
2026-01-21 18:16:00+00:00,0.27,588.7,41096
2026-01-21 18:18:00+00:00,0.40,584.7,21340
2026-01-21 18:19:00+00:00,0.48,584.6,27173
2026-01-21 18:20:00+00:00,0.55,584.9,28937
2026-01-21 18:21:00+00:00,0.48,586.5,62475
2026-01-21 18:22:00+00:00,0.54,584.8,54400
2026-01-21 18:23:00+00:00,0.80,584.2,21708
2026-01-21 18:24:00+00:00,1.05,588.1,37866
2026-01-21 18:25:00+00:00,1.19,588.0,36845
2026-01-21 18:26:00+00:00,1.15,588.2,35033
2026-01-21 18:27:00+00:00,1.37,589.2,39630
2026-01-21 18:28:00+00:00,0.66,590.8,59384
2026-01-21 18:29:00+00:00,0.69,587.6,64834
2026-01-21 18:30:00+00:00,0.09,586.8,101544
2026-01-21 18:31:00+00:00,0.19,584.9,40179
2026-01-21 18:32:00+00:00,0.31,584.4,50432
2026-01-21 18:33:00+00:00,0.29,581.6,30110
2026-01-21 18:34:00+00:00,0.17,578.9,29280
2026-01-21 18:35:00+00:00,0.12,578.6,31408
2026-01-21 18:36:00+00:00,0.12,584.2,57655
2026-01-21 18:37:00+00:00,0.14,584.5,57737
2026-01-21 18:38:00+00:00,0.13,578.7,34220
2026-01-21 18:39:00+00:00,0.15,577.8,31742
2026-01-21 18:40:00+00:00,0.18,581.6,45135
2026-01-21 18:41:00+00:00,0.16,580.0,41211
2026-01-21 18:42:00+00:00,0.17,576.0,19389
2026-01-21 18:43:00+00:00,0.22,578.7,35184
2026-01-21 18:44:00+00:00,0.16,580.4,34837
2026-01-21 18:45:00+00:00,0.13,582.4,44070
2026-01-21 18:46:00+00:00,0.09,594.0,123371
2026-01-21 18:47:00+00:00,0.08,585.9,45659
2026-01-21 18:48:00+00:00,0.12,608.7,231409
2026-01-21 18:49:00+00:00,0.12,612.3,260840
2026-01-21 18:51:00+00:00,0.10,602.0,156375
2026-01-21 18:52:00+00:00,0.10,611.9,198520
2026-01-21 18:53:00+00:00,0.09,624.9,266078
2026-01-21 18:54:00+00:00,0.08,629.7,298271
2026-01-21 18:55:00+00:00,0.07,606.5,187761
2026-01-21 18:56:00+00:00,0.05,600.2,100592
2026-01-21 18:57:00+00:00,0.07,653.8,239142
2026-01-21 18:58:00+00:00,0.09,647.5,221948
2026-01-21 18:59:00+00:00,0.10,625.9,236813
2026-01-21 19:00:00+00:00,0.08,579.4,37938
2026-01-21 19:01:00+00:00,0.15,619.0,284777
2026-01-21 19:02:00+00:00,0.23,602.1,196748
2026-01-21 19:03:00+00:00,0.17,596.4,224132
2026-01-21 19:04:00+00:00,0.13,599.4,224748
2026-01-21 19:05:00+00:00,0.09,608.8,347638
2026-01-21 19:06:00+00:00,0.07,584.7,120443
2026-01-21 19:07:00+00:00,0.08,572.5,23918
2026-01-21 19:08:00+00:00,0.05,573.0,22146
2026-01-21 19:09:00+00:00,0.06,587.9,117530
2026-01-21 19:10:00+00:00,0.07,593.7,133670
2026-01-21 19:11:00+00:00,0.05,578.5,41944
2026-01-21 19:12:00+00:00,0.09,567.6,21119
2026-01-21 19:13:00+00:00,0.16,568.9,21043
2026-01-21 19:14:00+00:00,0.14,566.1,18793
2026-01-21 19:15:00+00:00,0.14,572.0,30988
2026-01-21 19:16:00+00:00,0.29,569.6,27935
2026-01-21 19:17:00+00:00,0.33,571.3,22634
2026-01-21 19:18:00+00:00,0.19,566.7,22191
2026-01-21 19:19:00+00:00,0.21,571.4,23223
2026-01-21 19:20:00+00:00,0.22,567.4,15161
2026-01-21 19:21:00+00:00,0.21,563.5,12905
2026-01-21 19:22:00+00:00,0.21,562.7,12653
2026-01-21 19:24:00+00:00,0.51,574.8,82869
2026-01-21 19:25:00+00:00,0.60,572.2,60496
2026-01-21 19:26:00+00:00,0.75,571.8,43003
2026-01-21 19:27:00+00:00,0.86,572.8,41999
2026-01-21 19:28:00+00:00,0.98,572.6,35631
2026-01-21 19:29:00+00:00,1.05,573.9,33823
2026-01-21 19:30:00+00:00,0.88,570.6,36163
2026-01-21 19:31:00+00:00,0.77,572.3,35405
2026-01-21 19:32:00+00:00,1.17,571.0,25310
2026-01-21 19:33:00+00:00,0.70,571.4,29257
2026-01-21 19:34:00+00:00,0.58,574.0,39173
2026-01-21 19:35:00+00:00,1.19,574.9,39768
2026-01-21 19:36:00+00:00,1.26,571.7,22812
2026-01-21 19:37:00+00:00,0.70,564.8,20197
2026-01-21 19:38:00+00:00,1.37,578.9,87355
2026-01-21 19:39:00+00:00,1.28,587.7,83580
2026-01-21 19:40:00+00:00,0.90,576.2,45378
2026-01-21 19:41:00+00:00,0.86,569.1,21655
2026-01-21 19:42:00+00:00,0.66,575.6,86751
2026-01-21 19:43:00+00:00,0.31,581.7,163630
2026-01-21 19:44:00+00:00,0.25,580.8,167540
2026-01-21 19:45:00+00:00,0.30,576.9,134934
2026-01-21 19:46:00+00:00,0.53,573.2,64428
2026-01-21 19:47:00+00:00,0.31,575.6,116097
2026-01-21 19:48:00+00:00,0.40,571.6,33988
2026-01-21 19:49:00+00:00,0.41,564.4,66626
2026-01-21 19:50:00+00:00,1.11,578.8,53425
2026-01-21 19:51:00+00:00,1.23,571.4,37624
2026-01-21 19:52:00+00:00,1.02,573.1,37437
2026-01-21 19:53:00+00:00,1.30,574.9,35420
2026-01-21 19:54:00+00:00,1.62,579.2,29217
2026-01-21 19:55:00+00:00,1.70,580.6,27158
2026-01-21 19:57:00+00:00,0.43,572.8,55824
2026-01-21 19:58:00+00:00,0.27,566.7,54436
2026-01-21 19:59:00+00:00,0.22,564.2,46904
2026-01-21 20:00:00+00:00,0.76,574.0,49250
2026-01-21 20:01:00+00:00,1.40,579.9,71785
2026-01-21 20:02:00+00:00,0.97,567.0,38718
2026-01-21 20:03:00+00:00,0.97,568.3,40301
2026-01-21 20:04:00+00:00,1.00,577.2,49507
2026-01-21 20:05:00+00:00,1.59,582.2,34351
2026-01-21 20:06:00+00:00,1.79,586.2,32603
2026-01-21 20:07:00+00:00,1.63,581.7,34276
2026-01-21 20:08:00+00:00,1.49,582.5,31261
2026-01-21 20:09:00+00:00,1.39,580.2,39936
2026-01-21 20:10:00+00:00,1.25,576.4,42300
2026-01-21 20:11:00+00:00,1.23,573.9,43378
2026-01-21 20:12:00+00:00,0.93,574.2,49665
2026-01-21 20:13:00+00:00,0.82,573.2,55805
2026-01-21 20:14:00+00:00,1.02,573.4,46290
2026-01-21 20:15:00+00:00,1.19,577.8,40471
2026-01-21 20:16:00+00:00,1.10,581.9,58204
2026-01-21 20:17:00+00:00,0.92,580.7,68038
2026-01-21 20:18:00+00:00,1.20,576.1,56343
2026-01-21 20:19:00+00:00,1.43,575.9,48150
2026-01-21 20:20:00+00:00,1.35,577.7,44268
2026-01-21 20:21:00+00:00,1.19,578.4,50359
2026-01-21 20:22:00+00:00,0.90,577.4,46448
2026-01-21 20:23:00+00:00,1.78,580.3,35486
2026-01-21 20:24:00+00:00,1.58,579.9,34267
2026-01-21 20:25:00+00:00,1.47,574.8,33551
2026-01-21 20:26:00+00:00,1.61,574.6,40342
2026-01-21 20:29:00+00:00,2.11,580.6,36970
2026-01-21 20:30:00+00:00,1.95,578.4,33502
2026-01-21 20:31:00+00:00,1.75,575.2,34329
2026-01-21 20:32:00+00:00,1.66,574.3,38720
2026-01-21 20:33:00+00:00,1.52,573.7,35805
2026-01-21 20:34:00+00:00,1.57,572.4,41574
2026-01-21 20:35:00+00:00,1.60,573.2,35204
2026-01-21 20:36:00+00:00,1.68,570.8,36251
2026-01-21 20:37:00+00:00,1.02,571.5,54909
2026-01-21 20:38:00+00:00,1.49,574.2,44548
2026-01-21 20:39:00+00:00,1.15,568.8,52887
2026-01-21 20:40:00+00:00,1.36,569.5,59590
2026-01-21 20:41:00+00:00,0.98,569.0,53154
2026-01-21 20:42:00+00:00,0.95,566.4,45134
2026-01-21 20:43:00+00:00,0.71,571.1,88802
2026-01-21 20:44:00+00:00,0.91,570.2,73738
2026-01-21 20:45:00+00:00,1.02,568.1,60575
2026-01-21 20:46:00+00:00,0.93,569.5,80529
2026-01-21 20:47:00+00:00,1.06,570.9,80292
2026-01-21 20:48:00+00:00,1.42,572.0,54525
2026-01-21 20:49:00+00:00,1.65,572.6,36976
2026-01-21 20:50:00+00:00,1.33,569.1,42672
2026-01-21 20:51:00+00:00,1.27,568.1,57322
2026-01-21 20:52:00+00:00,0.68,571.4,110079
2026-01-21 20:53:00+00:00,0.44,575.9,171680
2026-01-21 20:54:00+00:00,0.63,573.6,123774
2026-01-21 20:55:00+00:00,0.67,572.4,116553
2026-01-21 20:56:00+00:00,0.57,574.1,154598
2026-01-21 20:57:00+00:00,0.80,571.3,113184
2026-01-21 20:58:00+00:00,0.79,570.1,104289
2026-01-21 20:59:00+00:00,0.74,570.5,108071
2026-01-21 21:02:00+00:00,0.79,570.6,116469
2026-01-21 21:03:00+00:00,0.81,570.5,112113
2026-01-21 21:04:00+00:00,0.66,579.2,164044
2026-01-21 21:05:00+00:00,0.28,599.6,269879
2026-01-21 21:06:00+00:00,0.33,603.8,236564
2026-01-21 21:07:00+00:00,0.41,590.1,227819
2026-01-21 21:08:00+00:00,0.28,609.8,243091
2026-01-21 21:09:00+00:00,0.37,599.5,229241
2026-01-21 21:10:00+00:00,0.34,594.1,194595
2026-01-21 21:11:00+00:00,0.53,586.4,103795
2026-01-21 21:12:00+00:00,0.39,589.7,227520
2026-01-21 21:13:00+00:00,0.42,589.7,247540
2026-01-21 21:14:00+00:00,0.37,596.5,241056
2026-01-21 21:15:00+00:00,0.49,589.4,211216
2026-01-21 21:16:00+00:00,0.52,582.4,194638
2026-01-21 21:17:00+00:00,0.61,577.8,175451
2026-01-21 21:18:00+00:00,0.52,581.7,218220
2026-01-21 21:19:00+00:00,0.37,585.8,268100
2026-01-21 21:20:00+00:00,0.47,580.9,247577
2026-01-21 21:21:00+00:00,0.43,584.5,260595
2026-01-21 21:22:00+00:00,0.41,588.4,258437
2026-01-21 21:23:00+00:00,0.56,575.7,195669
2026-01-21 21:24:00+00:00,0.55,575.1,212184
2026-01-21 21:25:00+00:00,0.53,575.5,186327
2026-01-21 21:26:00+00:00,0.53,573.5,186132
2026-01-21 21:27:00+00:00,0.47,580.7,243924
2026-01-21 21:28:00+00:00,0.59,574.0,194443
2026-01-21 21:29:00+00:00,0.45,579.3,205397
2026-01-21 21:30:00+00:00,0.52,579.0,200595
2026-01-21 21:31:00+00:00,0.71,572.8,155455
2026-01-21 21:32:00+00:00,0.71,571.8,160960
2026-01-21 21:35:00+00:00,0.34,588.3,270439
2026-01-21 21:36:00+00:00,0.77,582.7,201672
2026-01-21 21:37:00+00:00,1.48,570.6,77850
2026-01-21 21:38:00+00:00,0.95,570.6,138874
2026-01-21 21:39:00+00:00,0.50,581.0,234204
2026-01-21 21:40:00+00:00,0.43,584.5,247974
2026-01-21 21:41:00+00:00,0.37,588.4,253621
2026-01-21 21:42:00+00:00,0.41,584.5,238237
2026-01-21 21:43:00+00:00,0.31,601.4,254806
2026-01-21 21:44:00+00:00,0.24,622.4,205895
2026-01-21 21:45:00+00:00,1.14,580.9,101993
2026-01-21 21:46:00+00:00,0.74,577.8,150980
2026-01-21 21:47:00+00:00,0.74,578.9,142582
2026-01-21 21:48:00+00:00,0.47,607.8,182367
2026-01-21 21:49:00+00:00,0.25,620.3,224877
2026-01-21 21:50:00+00:00,0.27,612.4,244538
2026-01-21 21:51:00+00:00,0.35,601.7,223042
2026-01-21 21:52:00+00:00,0.47,588.4,179922
2026-01-21 21:53:00+00:00,0.59,584.2,194021
2026-01-21 21:54:00+00:00,0.85,573.5,158609
2026-01-21 21:55:00+00:00,0.58,578.8,217048
2026-01-21 21:56:00+00:00,0.66,576.0,189438
2026-01-21 21:57:00+00:00,0.74,576.4,170079
2026-01-21 21:58:00+00:00,0.94,571.3,128311
2026-01-21 22:02:00+00:00,0.69,574.7,191753
2026-01-21 22:03:00+00:00,0.80,573.8,171358
2026-01-21 22:04:00+00:00,1.03,571.5,147487
2026-01-21 22:05:00+00:00,1.03,573.2,143476
2026-01-21 22:06:00+00:00,0.91,575.8,147942
2026-01-21 22:08:00+00:00,1.47,575.4,99988
2026-01-21 22:09:00+00:00,1.26,576.8,118517
2026-01-21 22:10:00+00:00,0.65,581.4,176799
2026-01-21 22:11:00+00:00,0.53,585.2,210856
2026-01-21 22:12:00+00:00,0.56,587.2,233241
2026-01-21 22:13:00+00:00,1.45,567.7,114678
2026-01-21 22:14:00+00:00,0.73,574.6,191101
2026-01-21 22:15:00+00:00,0.60,580.3,229843
2026-01-21 22:16:00+00:00,0.47,587.2,253157
2026-01-21 22:17:00+00:00,0.54,583.7,243580
2026-01-21 22:18:00+00:00,0.40,596.7,266680
2026-01-21 22:19:00+00:00,0.31,601.2,264517
2026-01-21 22:20:00+00:00,0.24,621.4,195980
2026-01-21 22:21:00+00:00,0.47,605.8,173448
2026-01-21 22:22:00+00:00,0.53,594.3,219638
2026-01-21 22:23:00+00:00,0.69,612.7,175533
2026-01-21 22:24:00+00:00,1.31,600.2,83509
2026-01-21 22:25:00+00:00,1.20,579.8,169152
2026-01-21 22:26:00+00:00,0.34,616.2,239416
2026-01-21 22:27:00+00:00,0.25,637.3,129041
2026-01-21 22:28:00+00:00,0.30,620.7,219299
2026-01-21 22:29:00+00:00,0.38,608.1,302145
2026-01-21 22:30:00+00:00,0.25,637.5,147825
2026-01-21 22:31:00+00:00,0.32,622.0,214004
2026-01-21 22:32:00+00:00,0.49,604.7,245238
2026-01-21 22:33:00+00:00,0.34,631.6,151263
2026-01-21 22:34:00+00:00,0.40,624.7,146268
2026-01-21 22:35:00+00:00,0.28,618.9,163031
2026-01-21 22:36:00+00:00,0.29,624.2,139109
2026-01-21 22:37:00+00:00,0.30,625.8,107562
2026-01-21 22:38:00+00:00,0.36,616.2,82486
2026-01-21 22:39:00+00:00,0.47,607.2,66204
2026-01-21 22:41:00+00:00,0.51,611.1,160453
2026-01-21 22:42:00+00:00,0.51,607.6,147568
2026-01-21 22:43:00+00:00,0.69,593.7,92411
2026-01-21 22:44:00+00:00,1.65,595.6,71302
2026-01-21 22:45:00+00:00,0.33,636.1,104653
2026-01-21 22:46:00+00:00,0.32,638.0,116856
2026-01-21 22:47:00+00:00,0.60,594.2,249192
2026-01-21 22:48:00+00:00,0.56,602.0,223225
2026-01-21 22:49:00+00:00,0.69,596.8,208171
2026-01-21 22:50:00+00:00,0.72,595.1,205770
2026-01-21 22:51:00+00:00,0.91,583.5,134967
2026-01-21 22:52:00+00:00,1.15,581.3,122245
2026-01-21 22:53:00+00:00,1.25,581.9,110309
2026-01-21 22:54:00+00:00,1.65,583.8,90289
2026-01-21 22:55:00+00:00,1.98,583.9,83985
2026-01-21 22:56:00+00:00,1.38,586.1,129741
2026-01-21 22:57:00+00:00,0.71,591.3,193888
2026-01-21 22:58:00+00:00,0.70,591.8,215285
2026-01-21 22:59:00+00:00,0.84,590.6,170726
2026-01-21 23:00:00+00:00,0.44,616.2,184614
2026-01-21 23:01:00+00:00,0.54,606.5,210217
2026-01-21 23:02:00+00:00,0.49,608.1,212036
2026-01-21 23:03:00+00:00,0.54,592.4,191262
2026-01-21 23:04:00+00:00,0.47,598.5,273970
2026-01-21 23:05:00+00:00,0.38,613.1,244350
2026-01-21 23:06:00+00:00,0.51,601.0,271158
2026-01-21 23:07:00+00:00,0.47,602.5,278151
2026-01-21 23:08:00+00:00,0.47,600.5,263102
2026-01-21 23:09:00+00:00,0.50,594.8,248439
2026-01-21 23:10:00+00:00,0.46,599.9,258877
2026-01-21 23:11:00+00:00,0.50,598.6,271058
2026-01-21 23:12:00+00:00,0.65,585.3,261178
2026-01-21 23:14:00+00:00,0.61,583.9,269217
2026-01-21 23:15:00+00:00,0.69,582.2,253237
2026-01-21 23:16:00+00:00,1.18,571.6,154824
2026-01-21 23:17:00+00:00,0.69,580.5,231157
2026-01-21 23:18:00+00:00,0.81,577.0,202129
2026-01-21 23:19:00+00:00,0.81,575.8,186915
2026-01-21 23:20:00+00:00,0.81,575.7,185828
2026-01-21 23:21:00+00:00,0.69,577.4,200722
2026-01-21 23:22:00+00:00,0.80,575.2,168720
2026-01-21 23:23:00+00:00,0.55,613.7,128568
2026-01-21 23:24:00+00:00,0.41,630.8,137472
2026-01-21 23:25:00+00:00,0.23,611.5,164798
2026-01-21 23:26:00+00:00,0.07,614.2,288992
2026-01-21 23:27:00+00:00,0.21,634.2,291840
2026-01-21 23:28:00+00:00,0.30,633.5,158439
2026-01-21 23:29:00+00:00,0.15,634.5,223870
2026-01-21 23:30:00+00:00,0.33,635.5,98699
2026-01-21 23:31:00+00:00,0.37,628.8,135815
2026-01-21 23:32:00+00:00,0.30,631.2,100631
2026-01-21 23:33:00+00:00,0.26,628.3,94545
2026-01-21 23:34:00+00:00,0.28,635.1,90695
2026-01-21 23:35:00+00:00,0.31,628.4,97284
2026-01-21 23:36:00+00:00,0.16,621.0,136462
2026-01-21 23:37:00+00:00,0.10,589.8,105077
2026-01-21 23:38:00+00:00,0.29,613.4,112245
2026-01-21 23:39:00+00:00,0.38,620.8,121318
2026-01-21 23:40:00+00:00,0.24,625.6,128819
2026-01-21 23:41:00+00:00,0.39,616.4,127435
2026-01-21 23:42:00+00:00,0.47,615.8,110489
2026-01-21 23:43:00+00:00,0.33,627.1,112433
2026-01-21 23:44:00+00:00,0.38,625.3,114118
2026-01-21 23:45:00+00:00,0.38,626.6,70030
2026-01-21 23:46:00+00:00,0.33,626.7,71114
2026-01-21 23:47:00+00:00,0.32,632.9,78683
2026-01-21 23:48:00+00:00,0.32,632.5,80311
2026-01-21 23:49:00+00:00,0.35,626.3,103098
2026-01-21 23:50:00+00:00,0.07,625.4,173721
2026-01-21 23:51:00+00:00,0.32,627.1,122849
2026-01-21 23:52:00+00:00,0.24,624.8,128263
2026-01-21 23:53:00+00:00,0.31,631.2,102388
2026-01-21 23:54:00+00:00,0.11,626.7,342943
2026-01-21 23:55:00+00:00,0.26,611.7,196746
2026-01-21 23:56:00+00:00,0.43,621.0,90120
2026-01-21 23:57:00+00:00,0.38,633.4,79638
2026-01-21 23:58:00+00:00,0.19,629.9,109649
2026-01-21 23:59:00+00:00,0.16,625.7,133439
2026-01-22 00:00:00+00:00,0.25,629.2,98551
2026-01-22 00:01:00+00:00,0.11,631.2,109254
2026-01-22 00:02:00+00:00,0.21,622.8,89654
2026-01-22 00:03:00+00:00,0.08,599.2,74704
2026-01-22 00:04:00+00:00,0.23,631.2,98388
2026-01-22 00:05:00+00:00,0.84,613.9,46303
2026-01-22 00:06:00+00:00,0.34,622.9,95851
2026-01-22 00:07:00+00:00,0.43,618.9,76051
2026-01-22 00:08:00+00:00,0.26,620.5,96325
2026-01-22 00:09:00+00:00,0.11,570.2,35778
2026-01-22 00:10:00+00:00,0.04,556.4,73935
2026-01-22 00:11:00+00:00,0.05,679.1,953253
2026-01-22 00:12:00+00:00,0.05,666.1,634861
2026-01-22 00:13:00+00:00,0.09,627.0,159700
2026-01-22 00:14:00+00:00,0.09,634.6,192306
2026-01-22 00:15:00+00:00,0.12,623.2,217531
2026-01-22 00:16:00+00:00,0.17,615.7,214898
2026-01-22 00:17:00+00:00,0.28,613.9,147130
2026-01-22 00:18:00+00:00,0.65,575.0,110254
2026-01-22 00:19:00+00:00,0.25,586.7,267345
2026-01-22 00:20:00+00:00,0.11,622.5,180213
2026-01-22 00:21:00+00:00,0.11,622.5,180213
2026-01-22 00:22:00+00:00,0.06,608.7,343419
2026-01-22 00:23:00+00:00,0.13,594.7,207141
2026-01-22 00:24:00+00:00,0.03,549.4,77901
2026-01-22 00:25:00+00:00,0.11,610.8,142377
2026-01-22 00:26:00+00:00,0.08,600.2,374733
2026-01-22 00:27:00+00:00,0.10,615.4,266841
2026-01-22 00:28:00+00:00,0.12,623.6,188022
2026-01-22 00:29:00+00:00,0.22,598.2,263886
2026-01-22 00:30:00+00:00,0.29,580.3,294506
2026-01-22 00:31:00+00:00,0.28,581.2,279535
2026-01-22 00:32:00+00:00,0.24,566.7,211717
2026-01-22 00:33:00+00:00,0.35,544.2,52694
2026-01-22 00:34:00+00:00,0.74,562.6,156642
2026-01-22 00:35:00+00:00,0.20,589.6,246315
2026-01-22 00:36:00+00:00,0.21,542.9,65562
2026-01-22 00:37:00+00:00,0.97,552.9,94525
2026-01-22 00:38:00+00:00,1.05,554.6,94590
2026-01-22 00:39:00+00:00,0.89,558.0,92696
2026-01-22 00:40:00+00:00,0.68,558.4,153031
2026-01-22 00:41:00+00:00,0.94,557.5,115762
2026-01-22 00:42:00+00:00,0.48,561.5,97510
2026-01-22 00:43:00+00:00,0.17,588.4,157338
2026-01-22 00:44:00+00:00,0.13,590.4,269951
2026-01-22 00:45:00+00:00,0.12,560.9,180316
2026-01-22 00:46:00+00:00,0.18,552.2,159354
2026-01-22 00:47:00+00:00,0.25,565.1,279805
2026-01-22 00:48:00+00:00,0.34,560.3,243832
2026-01-22 00:49:00+00:00,0.57,549.4,167274
2026-01-22 00:50:00+00:00,0.74,548.8,145968
2026-01-22 00:51:00+00:00,0.97,548.6,93306
2026-01-22 00:52:00+00:00,1.34,548.4,69347
2026-01-22 00:54:00+00:00,1.33,542.7,64389
2026-01-22 00:55:00+00:00,1.49,544.1,63433
2026-01-22 00:56:00+00:00,1.67,542.7,60255
2026-01-22 00:57:00+00:00,1.12,546.9,83652
2026-01-22 00:58:00+00:00,0.75,547.6,98567
2026-01-22 00:59:00+00:00,0.65,549.7,104969
2026-01-22 01:00:00+00:00,1.09,545.0,83124
2026-01-22 01:01:00+00:00,1.29,544.5,75581
2026-01-22 01:02:00+00:00,1.34,544.5,71230
2026-01-22 01:03:00+00:00,1.36,541.0,64137
2026-01-22 01:04:00+00:00,1.28,541.3,66310
2026-01-22 01:05:00+00:00,1.59,544.1,51964
2026-01-22 01:06:00+00:00,1.81,547.3,49785
2026-01-22 01:07:00+00:00,1.91,543.1,48767
2026-01-22 01:08:00+00:00,2.03,547.1,39149
2026-01-22 01:09:00+00:00,1.41,542.0,54957
2026-01-22 01:10:00+00:00,1.26,542.5,62428
2026-01-22 01:11:00+00:00,0.87,541.8,88355
2026-01-22 01:12:00+00:00,0.98,539.2,46851
2026-01-22 01:13:00+00:00,1.28,541.8,52839
2026-01-22 01:14:00+00:00,1.31,541.5,60514
2026-01-22 01:15:00+00:00,1.22,539.6,70276
2026-01-22 01:16:00+00:00,1.01,542.9,82911
2026-01-22 01:17:00+00:00,1.28,542.2,70773
2026-01-22 01:18:00+00:00,1.45,540.4,65448
2026-01-22 01:19:00+00:00,1.01,542.8,98037
2026-01-22 01:20:00+00:00,0.74,543.2,116016
2026-01-22 01:21:00+00:00,0.97,540.1,85265
2026-01-22 01:22:00+00:00,1.18,538.7,71504
2026-01-22 01:23:00+00:00,1.61,542.4,61350
2026-01-22 01:24:00+00:00,1.63,537.4,50006
2026-01-22 01:25:00+00:00,1.64,541.2,57471
2026-01-22 01:27:00+00:00,1.70,537.9,57346
2026-01-22 01:28:00+00:00,1.32,540.5,66435
2026-01-22 01:29:00+00:00,1.64,538.5,56466
2026-01-22 01:30:00+00:00,1.72,541.8,51736
2026-01-22 01:31:00+00:00,1.80,542.8,47135
2026-01-22 01:32:00+00:00,1.70,541.1,53553
2026-01-22 01:33:00+00:00,1.62,538.6,59584
2026-01-22 01:34:00+00:00,1.52,538.2,67578
2026-01-22 01:35:00+00:00,1.46,537.8,69498
2026-01-22 01:36:00+00:00,1.57,537.0,60952
2026-01-22 01:37:00+00:00,1.57,539.2,62851
2026-01-22 01:38:00+00:00,1.56,537.5,60132
2026-01-22 01:39:00+00:00,1.63,538.5,64255
2026-01-22 01:40:00+00:00,1.59,539.6,71051
2026-01-22 01:41:00+00:00,0.91,537.9,114593
2026-01-22 01:42:00+00:00,1.54,539.5,78577
2026-01-22 01:43:00+00:00,1.57,541.5,77793
2026-01-22 01:44:00+00:00,0.99,540.2,106909
2026-01-22 01:45:00+00:00,1.04,540.0,102370
2026-01-22 01:46:00+00:00,0.98,539.7,105269
2026-01-22 01:47:00+00:00,0.91,539.9,118372
2026-01-22 01:48:00+00:00,0.89,539.6,125255
2026-01-22 01:49:00+00:00,0.74,541.0,151422
2026-01-22 01:50:00+00:00,0.63,541.8,155520
2026-01-22 01:51:00+00:00,0.84,538.9,120964
2026-01-22 01:52:00+00:00,0.96,539.7,111861
2026-01-22 01:53:00+00:00,0.65,546.6,129663
2026-01-22 01:54:00+00:00,0.83,544.7,106761
2026-01-22 01:55:00+00:00,1.33,538.7,84747
2026-01-22 01:56:00+00:00,0.79,540.8,127208
2026-01-22 01:57:00+00:00,0.81,540.4,134847
2026-01-22 01:58:00+00:00,0.47,552.0,192138
2026-01-22 01:59:00+00:00,0.47,552.0,192138
2026-01-22 02:00:00+00:00,0.67,542.3,154961
2026-01-22 02:01:00+00:00,0.78,543.4,146791
2026-01-22 02:02:00+00:00,1.36,538.8,93746
2026-01-22 02:03:00+00:00,0.78,560.3,152028
2026-01-22 02:04:00+00:00,0.65,564.1,160198
2026-01-22 02:05:00+00:00,1.40,554.6,98748
2026-01-22 02:06:00+00:00,1.46,553.5,77880
2026-01-22 02:07:00+00:00,0.67,560.8,165049
2026-01-22 02:08:00+00:00,0.28,564.7,258269
2026-01-22 02:09:00+00:00,0.48,553.9,205095
2026-01-22 02:10:00+00:00,0.86,535.0,99555
2026-01-22 02:11:00+00:00,0.60,526.6,40972
2026-01-22 02:12:00+00:00,0.51,541.5,225106
2026-01-22 02:13:00+00:00,0.59,543.8,170541
2026-01-22 02:14:00+00:00,0.82,536.5,136951
2026-01-22 02:15:00+00:00,0.64,538.5,170971
2026-01-22 02:16:00+00:00,0.74,535.2,182298
2026-01-22 02:17:00+00:00,0.89,533.9,153566
2026-01-22 02:18:00+00:00,1.01,531.2,135598
2026-01-22 02:19:00+00:00,0.88,535.3,136652
2026-01-22 02:20:00+00:00,0.74,541.1,144643
2026-01-22 02:21:00+00:00,0.70,543.6,156728
2026-01-22 02:22:00+00:00,0.83,539.5,146262
2026-01-22 02:23:00+00:00,0.76,540.1,146520
2026-01-22 02:24:00+00:00,0.36,554.4,196832
2026-01-22 02:25:00+00:00,0.27,569.0,243142
2026-01-22 02:26:00+00:00,0.27,574.2,256315
2026-01-22 02:27:00+00:00,0.33,564.8,222177
2026-01-22 02:28:00+00:00,0.40,556.9,187730
2026-01-22 02:29:00+00:00,0.69,542.5,133085
2026-01-22 02:30:00+00:00,0.79,542.9,76906
2026-01-22 02:31:00+00:00,0.51,548.4,166069
2026-01-22 02:32:00+00:00,0.49,548.8,172437
2026-01-22 02:33:00+00:00,1.36,543.1,68392
2026-01-22 02:34:00+00:00,0.91,543.8,93697
2026-01-22 02:35:00+00:00,0.97,542.7,77881
2026-01-22 02:36:00+00:00,0.93,541.8,77369
2026-01-22 02:37:00+00:00,1.04,540.5,78219
2026-01-22 02:38:00+00:00,0.97,541.9,112069
2026-01-22 02:39:00+00:00,0.98,543.7,115245
2026-01-22 02:40:00+00:00,1.13,538.7,44147
2026-01-22 02:41:00+00:00,0.80,533.5,38950
2026-01-22 02:42:00+00:00,1.32,539.5,84802
2026-01-22 02:43:00+00:00,0.62,545.6,158630
2026-01-22 02:44:00+00:00,1.01,538.6,97551
2026-01-22 02:45:00+00:00,0.56,546.1,179403
2026-01-22 02:46:00+00:00,1.29,534.9,83422
2026-01-22 02:47:00+00:00,0.85,536.4,131146
2026-01-22 02:48:00+00:00,0.96,541.3,100054
2026-01-22 02:49:00+00:00,0.81,543.6,74376
2026-01-22 02:50:00+00:00,1.85,546.4,51939
2026-01-22 02:51:00+00:00,1.41,547.1,56856
2026-01-22 02:52:00+00:00,1.02,547.2,50720
2026-01-22 02:53:00+00:00,0.60,571.8,126688
2026-01-22 02:54:00+00:00,0.19,602.5,151677
2026-01-22 02:55:00+00:00,0.22,597.6,143729
2026-01-22 02:56:00+00:00,0.33,573.8,225492
2026-01-22 02:57:00+00:00,0.28,580.0,221745
2026-01-22 02:58:00+00:00,0.23,592.4,154418
2026-01-22 02:59:00+00:00,0.43,563.9,163355
2026-01-22 03:00:00+00:00,0.65,555.7,149346
2026-01-22 03:01:00+00:00,1.10,540.7,56370
2026-01-22 03:02:00+00:00,0.87,554.2,78685
2026-01-22 03:03:00+00:00,1.40,544.3,67142
2026-01-22 03:04:00+00:00,1.47,550.8,63191
2026-01-22 03:05:00+00:00,1.47,551.9,62710
2026-01-22 03:06:00+00:00,2.19,553.8,38877
2026-01-22 03:07:00+00:00,1.95,554.8,42251
2026-01-22 03:08:00+00:00,1.98,558.8,45587
2026-01-22 03:09:00+00:00,2.15,559.7,40684
2026-01-22 03:10:00+00:00,2.13,562.0,36547
2026-01-22 03:11:00+00:00,2.18,561.1,42973
2026-01-22 03:12:00+00:00,2.20,554.4,46938
2026-01-22 03:13:00+00:00,1.91,556.9,38849
2026-01-22 03:14:00+00:00,2.17,558.8,40471
2026-01-22 03:15:00+00:00,1.87,559.7,54156
2026-01-22 03:16:00+00:00,1.36,556.1,59857
2026-01-22 03:17:00+00:00,2.28,546.6,51530
2026-01-22 03:18:00+00:00,2.12,552.4,49893
2026-01-22 03:19:00+00:00,1.75,552.9,54676
2026-01-22 03:20:00+00:00,2.40,552.4,34374
2026-01-22 03:21:00+00:00,1.59,549.2,73618
2026-01-22 03:22:00+00:00,1.65,550.1,64937
2026-01-22 03:23:00+00:00,1.68,548.9,59139
2026-01-22 03:24:00+00:00,2.09,553.2,44453
2026-01-22 03:25:00+00:00,2.29,558.7,45799
2026-01-22 03:26:00+00:00,2.18,557.7,50587
2026-01-22 03:27:00+00:00,2.04,554.0,53862
2026-01-22 03:28:00+00:00,1.43,551.4,143802
2026-01-22 03:29:00+00:00,0.46,540.8,222464
2026-01-22 03:30:00+00:00,0.48,521.8,22594
2026-01-22 03:31:00+00:00,0.63,523.9,26848
2026-01-22 03:32:00+00:00,0.26,515.8,19756
2026-01-22 03:33:00+00:00,0.42,521.7,39884
2026-01-22 03:34:00+00:00,0.48,549.3,257934
2026-01-22 03:35:00+00:00,0.44,547.8,231389
2026-01-22 03:36:00+00:00,0.31,532.3,57099
2026-01-22 03:37:00+00:00,0.35,548.7,167729
2026-01-22 03:38:00+00:00,0.37,553.4,202017
2026-01-22 03:39:00+00:00,1.30,532.1,116861
2026-01-22 03:40:00+00:00,0.80,524.8,60180
2026-01-22 03:41:00+00:00,0.40,519.7,21660
2026-01-22 03:42:00+00:00,0.37,518.5,22163
2026-01-22 03:43:00+00:00,0.48,515.6,23471
2026-01-22 03:44:00+00:00,0.64,513.4,21031
2026-01-22 03:45:00+00:00,0.90,514.8,19845
2026-01-22 03:46:00+00:00,1.17,528.2,74906
2026-01-22 03:47:00+00:00,0.20,572.5,270295
2026-01-22 03:48:00+00:00,0.19,521.1,41509
2026-01-22 03:49:00+00:00,0.17,592.4,287726
2026-01-22 03:50:00+00:00,0.23,577.2,343263
2026-01-22 03:51:00+00:00,0.17,596.5,254394
2026-01-22 03:52:00+00:00,0.22,580.3,329536
2026-01-22 03:53:00+00:00,0.33,532.9,81138
2026-01-22 03:54:00+00:00,0.23,563.8,251989
2026-01-22 03:55:00+00:00,0.14,535.5,126871
2026-01-22 03:56:00+00:00,0.12,514.2,25696
2026-01-22 03:57:00+00:00,0.11,513.9,25414
2026-01-22 04:00:00+00:00,0.86,530.6,175980
2026-01-22 04:01:00+00:00,0.69,542.3,212756
2026-01-22 04:02:00+00:00,0.25,562.5,254726
2026-01-22 04:03:00+00:00,0.32,514.8,18348
2026-01-22 04:04:00+00:00,0.04,523.5,83368
2026-01-22 04:05:00+00:00,0.07,684.8,968242
2026-01-22 04:06:00+00:00,0.05,757.1,1313329
2026-01-22 04:07:00+00:00,0.05,694.7,1130959
2026-01-22 04:08:00+00:00,0.14,627.5,262952
2026-01-22 04:09:00+00:00,0.08,630.6,293770
2026-01-22 04:10:00+00:00,0.06,729.6,961155
2026-01-22 04:11:00+00:00,0.06,764.5,1189082
2026-01-22 04:12:00+00:00,0.01,516.4,29407
2026-01-22 04:13:00+00:00,0.05,565.2,109376
2026-01-22 04:14:00+00:00,0.13,610.6,149817
2026-01-22 04:15:00+00:00,0.10,575.3,77041
2026-01-22 04:16:00+00:00,0.03,590.9,539474
2026-01-22 04:17:00+00:00,0.09,709.4,1371341
2026-01-22 04:18:00+00:00,0.15,626.8,673707
2026-01-22 04:19:00+00:00,0.15,622.8,401940
2026-01-22 04:20:00+00:00,0.08,710.6,1637802
2026-01-22 04:21:00+00:00,0.18,510.0,15417
2026-01-22 04:22:00+00:00,0.14,614.5,157547
2026-01-22 04:23:00+00:00,0.07,514.1,23478
2026-01-22 04:24:00+00:00,0.06,715.4,1415612
2026-01-22 04:25:00+00:00,0.06,662.2,689605
2026-01-22 04:26:00+00:00,0.12,715.1,792186
2026-01-22 04:27:00+00:00,0.13,589.2,317133
2026-01-22 04:28:00+00:00,0.14,513.4,22095
2026-01-22 04:29:00+00:00,0.16,561.9,88480
2026-01-22 04:30:00+00:00,0.19,590.9,228859
2026-01-22 04:31:00+00:00,0.19,549.1,201300
2026-01-22 04:32:00+00:00,0.16,510.1,18086
2026-01-22 04:33:00+00:00,0.18,538.1,65558
2026-01-22 04:34:00+00:00,0.25,587.8,147457
2026-01-22 04:35:00+00:00,0.61,528.0,39283
2026-01-22 04:36:00+00:00,0.17,602.8,143363
2026-01-22 04:37:00+00:00,0.05,506.1,20531
2026-01-22 04:38:00+00:00,0.51,509.8,13345
2026-01-22 04:39:00+00:00,0.36,510.8,20775
2026-01-22 04:40:00+00:00,0.41,507.6,15204
2026-01-22 04:41:00+00:00,0.22,511.0,22580
2026-01-22 04:42:00+00:00,0.25,515.1,33160
2026-01-22 04:43:00+00:00,0.65,527.7,81459
2026-01-22 04:44:00+00:00,0.83,533.4,104063
2026-01-22 04:45:00+00:00,0.38,518.4,21037
2026-01-22 04:46:00+00:00,0.54,527.4,58387
2026-01-22 04:47:00+00:00,0.54,529.2,70117
2026-01-22 04:48:00+00:00,0.37,525.1,83829
2026-01-22 04:49:00+00:00,0.82,537.6,173878
2026-01-22 04:50:00+00:00,1.33,525.8,104744
2026-01-22 04:51:00+00:00,0.82,527.6,141901
2026-01-22 04:52:00+00:00,0.13,517.6,35944
2026-01-22 04:53:00+00:00,0.22,585.9,278886
2026-01-22 04:54:00+00:00,0.10,515.0,18424
2026-01-22 04:55:00+00:00,2.42,535.1,52722
2026-01-22 04:56:00+00:00,1.19,534.5,113536
2026-01-22 04:57:00+00:00,0.52,551.4,111000
2026-01-22 04:58:00+00:00,1.86,539.5,80695
2026-01-22 04:59:00+00:00,2.60,532.9,67021
2026-01-22 05:00:00+00:00,1.66,532.8,129882
2026-01-22 05:01:00+00:00,0.73,539.2,174104
2026-01-22 05:02:00+00:00,0.32,543.0,132691
2026-01-22 05:03:00+00:00,0.19,532.7,60783
2026-01-22 05:04:00+00:00,0.84,526.2,40907
2026-01-22 05:05:00+00:00,1.41,548.4,129664
2026-01-22 05:06:00+00:00,0.23,591.1,323013
2026-01-22 05:07:00+00:00,0.14,646.8,419013
2026-01-22 05:08:00+00:00,0.19,599.9,154941
2026-01-22 05:09:00+00:00,0.04,511.2,28748
2026-01-22 05:10:00+00:00,0.33,571.6,344214
2026-01-22 05:11:00+00:00,0.10,576.2,153676
2026-01-22 05:12:00+00:00,0.02,541.2,126409
2026-01-22 05:13:00+00:00,0.18,581.2,228562
2026-01-22 05:14:00+00:00,0.22,595.7,246394
2026-01-22 05:15:00+00:00,0.20,600.0,198912
2026-01-22 05:16:00+00:00,0.12,598.7,166914
2026-01-22 05:17:00+00:00,0.07,596.7,160413
2026-01-22 05:18:00+00:00,0.01,511.0,23247
2026-01-22 05:19:00+00:00,0.05,594.7,571861
2026-01-22 05:20:00+00:00,0.08,647.8,933848
2026-01-22 05:21:00+00:00,0.04,506.3,14572
2026-01-22 05:22:00+00:00,0.11,550.6,233481
2026-01-22 05:23:00+00:00,0.12,676.9,958244
2026-01-22 05:24:00+00:00,0.13,603.5,162866
2026-01-22 05:25:00+00:00,0.20,606.0,161877
2026-01-22 05:26:00+00:00,0.19,605.4,214023
2026-01-22 05:27:00+00:00,0.36,564.6,235745
2026-01-22 05:28:00+00:00,0.76,542.4,154373
2026-01-22 05:29:00+00:00,0.82,523.9,46852
2026-01-22 05:30:00+00:00,0.42,561.1,258065
2026-01-22 05:31:00+00:00,0.47,553.3,261895
2026-01-22 05:32:00+00:00,0.40,564.5,274963
2026-01-22 05:33:00+00:00,0.24,541.3,154007
2026-01-22 05:34:00+00:00,0.22,509.4,20066
2026-01-22 05:35:00+00:00,0.53,512.7,24757
2026-01-22 05:36:00+00:00,0.76,515.1,23467
2026-01-22 05:37:00+00:00,0.38,515.0,19974
2026-01-22 05:38:00+00:00,0.32,513.7,23906
2026-01-22 05:39:00+00:00,0.50,513.7,19307
2026-01-22 05:40:00+00:00,0.40,508.9,15625
2026-01-22 05:41:00+00:00,0.76,510.6,16439
2026-01-22 05:42:00+00:00,1.06,526.4,190998
2026-01-22 05:43:00+00:00,0.09,572.4,292513
2026-01-22 05:44:00+00:00,0.03,517.2,64764
2026-01-22 05:45:00+00:00,0.07,598.5,218675
2026-01-22 05:46:00+00:00,0.13,700.1,573822
2026-01-22 05:47:00+00:00,0.19,648.9,330693
2026-01-22 05:48:00+00:00,0.26,588.1,277535
2026-01-22 05:49:00+00:00,0.24,591.6,239463
2026-01-22 05:50:00+00:00,0.19,606.8,133619
2026-01-22 05:51:00+00:00,0.09,706.8,2169436
2026-01-22 05:52:00+00:00,0.14,679.6,1562792
2026-01-22 05:53:00+00:00,0.20,646.1,645884
2026-01-22 05:54:00+00:00,0.07,690.2,1314498
2026-01-22 05:55:00+00:00,0.07,638.7,695392
2026-01-22 05:56:00+00:00,0.09,653.4,449064
2026-01-22 05:57:00+00:00,0.02,528.7,38319
2026-01-22 05:58:00+00:00,0.19,595.6,164505
2026-01-22 05:59:00+00:00,0.18,601.9,111991
2026-01-22 06:00:00+00:00,0.11,624.1,227057
2026-01-22 06:01:00+00:00,0.18,608.5,177989
2026-01-22 06:02:00+00:00,0.08,537.0,68505
2026-01-22 06:03:00+00:00,0.15,573.1,106372
2026-01-22 06:04:00+00:00,0.15,613.9,187513
2026-01-22 06:05:00+00:00,0.10,682.8,824306
2026-01-22 06:06:00+00:00,0.19,673.0,910420
2026-01-22 06:07:00+00:00,0.21,592.7,313444
2026-01-22 06:08:00+00:00,0.08,597.9,261814
2026-01-22 06:09:00+00:00,0.14,623.3,365949
2026-01-22 06:10:00+00:00,0.17,604.2,184780
2026-01-22 06:11:00+00:00,0.19,592.0,97618
2026-01-22 06:12:00+00:00,0.03,510.0,27739
2026-01-22 06:13:00+00:00,0.24,592.0,217758
2026-01-22 06:14:00+00:00,0.30,611.1,474431
2026-01-22 06:15:00+00:00,0.23,589.9,209507
2026-01-22 06:16:00+00:00,0.09,584.8,379532
2026-01-22 06:17:00+00:00,0.12,593.2,142295
2026-01-22 06:18:00+00:00,0.12,613.9,221054
2026-01-22 06:19:00+00:00,0.10,683.1,1157832
2026-01-22 06:20:00+00:00,0.14,656.7,939849
2026-01-22 06:21:00+00:00,0.20,610.5,317077
2026-01-22 06:22:00+00:00,0.12,556.7,89948
2026-01-22 06:23:00+00:00,0.01,502.9,13178
2026-01-22 06:24:00+00:00,0.17,587.2,139112
2026-01-22 06:25:00+00:00,0.18,590.7,139185
2026-01-22 06:26:00+00:00,0.19,600.6,173194
2026-01-22 06:27:00+00:00,0.08,588.5,270107
2026-01-22 06:28:00+00:00,0.02,507.8,34556
2026-01-22 06:29:00+00:00,0.09,606.1,223860
2026-01-22 06:30:00+00:00,0.10,643.1,243183
2026-01-22 06:31:00+00:00,0.05,607.3,262215
2026-01-22 06:32:00+00:00,0.09,600.0,180602
2026-01-22 06:33:00+00:00,0.14,602.7,143545
2026-01-22 06:34:00+00:00,0.09,608.4,187721
2026-01-22 06:35:00+00:00,0.09,606.6,201241
2026-01-22 06:36:00+00:00,0.10,601.4,163968
2026-01-22 06:37:00+00:00,0.11,602.6,146547
2026-01-22 06:38:00+00:00,0.18,603.5,174406
2026-01-22 06:39:00+00:00,0.22,600.5,162327
2026-01-22 06:40:00+00:00,0.19,614.7,249178
2026-01-22 06:41:00+00:00,0.18,633.9,431952
2026-01-22 06:42:00+00:00,0.23,604.6,143254
2026-01-22 06:43:00+00:00,0.24,607.0,158516
2026-01-22 06:44:00+00:00,0.25,611.9,263497
2026-01-22 06:45:00+00:00,0.10,640.9,514656
2026-01-22 06:46:00+00:00,0.01,507.9,60789
2026-01-22 06:47:00+00:00,0.12,670.6,1562274
2026-01-22 06:48:00+00:00,0.23,626.8,584137
2026-01-22 06:49:00+00:00,0.21,600.5,232567
2026-01-22 06:50:00+00:00,0.19,594.3,184706
2026-01-22 06:51:00+00:00,0.07,532.0,84941
2026-01-22 06:52:00+00:00,0.01,553.2,238498
2026-01-22 06:53:00+00:00,0.02,543.9,193821
2026-01-22 06:54:00+00:00,0.10,546.2,124318
2026-01-22 06:55:00+00:00,0.12,557.4,156029
2026-01-22 06:56:00+00:00,0.01,504.3,52600
2026-01-22 06:57:00+00:00,0.22,582.5,204327
2026-01-22 06:58:00+00:00,0.21,583.7,200453
2026-01-22 06:59:00+00:00,0.17,588.4,180891
2026-01-22 07:00:00+00:00,0.20,585.0,161653
2026-01-22 07:01:00+00:00,0.35,549.6,262414
2026-01-22 07:02:00+00:00,0.27,561.1,292291
2026-01-22 07:03:00+00:00,0.18,588.0,154970
2026-01-22 07:04:00+00:00,0.29,546.1,253935
2026-01-22 07:05:00+00:00,0.24,627.3,801810
2026-01-22 07:06:00+00:00,0.29,574.8,454313
2026-01-22 07:07:00+00:00,0.20,608.7,528811
2026-01-22 07:08:00+00:00,0.14,609.1,366583
2026-01-22 07:09:00+00:00,0.07,544.2,103444
2026-01-22 07:10:00+00:00,0.08,544.0,93757
2026-01-22 07:11:00+00:00,0.22,566.4,168220
2026-01-22 07:12:00+00:00,0.27,548.5,194762
2026-01-22 07:13:00+00:00,0.16,572.3,227255
2026-01-22 07:14:00+00:00,0.22,554.5,282316
2026-01-22 07:15:00+00:00,0.20,565.2,345727
2026-01-22 07:16:00+00:00,0.22,596.4,761868
2026-01-22 07:17:00+00:00,0.20,625.6,637975
2026-01-22 08:03:00+00:00,0.22,533.9,26960
2026-01-22 08:04:00+00:00,0.23,535.6,26215
2026-01-22 08:05:00+00:00,0.42,559.1,15790
2026-01-22 08:06:00+00:00,0.36,556.0,22177
2026-01-22 08:07:00+00:00,0.26,549.9,20952
2026-01-22 08:08:00+00:00,0.25,549.5,20865
2026-01-22 08:09:00+00:00,0.21,562.5,35879
2026-01-22 08:10:00+00:00,0.38,577.8,27265
2026-01-22 08:11:00+00:00,0.42,596.7,31761
2026-01-22 08:12:00+00:00,0.36,581.0,26377
2026-01-22 08:13:00+00:00,0.37,573.6,31289
2026-01-22 08:14:00+00:00,0.38,555.2,28021
2026-01-22 08:15:00+00:00,0.40,547.4,17334
2026-01-22 08:16:00+00:00,0.45,582.3,42623
2026-01-22 08:17:00+00:00,0.44,582.7,65014
2026-01-22 08:18:00+00:00,0.38,566.7,21241
2026-01-22 08:19:00+00:00,0.45,574.6,24823
2026-01-22 08:20:00+00:00,0.87,571.5,46173
2026-01-22 08:21:00+00:00,0.78,560.6,15637
2026-01-22 08:22:00+00:00,1.64,564.0,16201
2026-01-22 08:23:00+00:00,1.61,581.4,42873
2026-01-22 08:24:00+00:00,1.48,557.1,44778
2026-01-22 08:25:00+00:00,1.86,569.1,12485
2026-01-22 08:26:00+00:00,1.79,572.1,15312
2026-01-22 08:27:00+00:00,1.77,577.7,16039
2026-01-22 08:28:00+00:00,1.56,578.8,19506
2026-01-22 08:29:00+00:00,3.31,582.4,35561
2026-01-22 08:30:00+00:00,2.67,559.3,37408
2026-01-22 08:31:00+00:00,0.72,547.4,31971
2026-01-22 08:32:00+00:00,1.49,567.4,41115
2026-01-22 08:33:00+00:00,1.26,551.8,11272
2026-01-22 08:34:00+00:00,1.86,558.3,11272
2026-01-22 08:35:00+00:00,1.24,554.8,
2026-01-22 08:36:00+00:00,1.45,560.6,14623
2026-01-22 08:37:00+00:00,1.45,560.6,14623
2026-01-22 08:38:00+00:00,1.46,559.3,10371
2026-01-22 08:39:00+00:00,3.22,578.6,99169
2026-01-22 08:40:00+00:00,2.67,564.6,105512
2026-01-22 08:41:00+00:00,1.82,556.9,11592
2026-01-22 08:42:00+00:00,1.72,555.9,11406
2026-01-22 08:43:00+00:00,2.45,570.6,29953
2026-01-22 08:44:00+00:00,2.09,566.4,39260
2026-01-22 08:45:00+00:00,1.16,551.0,33598
2026-01-22 08:46:00+00:00,0.64,541.9,33598
2026-01-22 08:47:00+00:00,0.82,544.0,16433
2026-01-22 08:48:00+00:00,0.88,542.2,21817
2026-01-22 08:49:00+00:00,0.62,537.9,35394
2026-01-22 08:50:00+00:00,2.06,568.2,36906
2026-01-22 08:51:00+00:00,1.40,551.5,18241
2026-01-22 08:52:00+00:00,1.93,558.3,55479
2026-01-22 08:53:00+00:00,1.66,552.9,14267
2026-01-22 08:54:00+00:00,1.71,553.4,16181
2026-01-22 08:55:00+00:00,3.10,563.4,24059
2026-01-22 08:56:00+00:00,2.34,552.9,18826
2026-01-22 08:57:00+00:00,1.41,554.5,15634
2026-01-22 08:58:00+00:00,1.71,555.4,15928
2026-01-22 08:59:00+00:00,2.65,569.5,36200
2026-01-22 09:00:00+00:00,1.31,552.8,46177
2026-01-22 09:01:00+00:00,1.54,556.6,24570
2026-01-22 09:02:00+00:00,2.42,571.4,29456
2026-01-22 09:03:00+00:00,1.69,562.7,26257
2026-01-22 09:04:00+00:00,0.84,548.1,13083
2026-01-22 09:05:00+00:00,0.69,541.3,10946
2026-01-22 09:06:00+00:00,1.88,556.3,15863
2026-01-22 09:07:00+00:00,1.53,561.1,35531
2026-01-22 09:08:00+00:00,1.71,558.2,
2026-01-22 09:10:00+00:00,1.35,553.7,10606
2026-01-22 09:11:00+00:00,1.54,556.4,11390
2026-01-22 09:12:00+00:00,1.53,555.7,11446
2026-01-22 09:13:00+00:00,1.22,554.5,
2026-01-22 09:14:00+00:00,0.85,552.6,
2026-01-22 09:15:00+00:00,1.03,552.6,
2026-01-22 09:16:00+00:00,0.48,541.6,17375
2026-01-22 09:17:00+00:00,1.61,550.7,18952
2026-01-22 09:18:00+00:00,2.26,560.3,16784
2026-01-22 09:19:00+00:00,1.36,553.7,11734
2026-01-22 09:20:00+00:00,1.24,551.3,10243
2026-01-22 09:21:00+00:00,1.25,550.1,
2026-01-22 09:22:00+00:00,1.53,552.9,31335
2026-01-22 09:23:00+00:00,2.08,559.5,31335
2026-01-22 09:24:00+00:00,1.27,550.7,
2026-01-22 09:25:00+00:00,1.03,548.5,
2026-01-22 09:26:00+00:00,1.59,546.5,
2026-01-22 09:27:00+00:00,1.67,551.9,11273
2026-01-22 09:28:00+00:00,0.42,542.4,11273
2026-01-22 09:29:00+00:00,2.78,560.3,22381
2026-01-22 09:30:00+00:00,2.13,556.8,22381
2026-01-22 09:31:00+00:00,1.84,553.2,
2026-01-22 09:32:00+00:00,2.43,552.7,
2026-01-22 09:33:00+00:00,2.25,551.3,
2026-01-22 09:34:00+00:00,2.17,552.9,
2026-01-22 09:35:00+00:00,2.10,553.8,
2026-01-22 09:36:00+00:00,1.99,552.9,
2026-01-22 09:37:00+00:00,3.46,558.8,17994
2026-01-22 09:38:00+00:00,4.01,562.1,16826
2026-01-22 09:39:00+00:00,3.56,558.1,12156
2026-01-22 09:40:00+00:00,2.35,552.2,25780
2026-01-22 09:41:00+00:00,7.44,569.3,25780
2026-01-22 09:43:00+00:00,4.30,557.8,
2026-01-22 09:44:00+00:00,0.93,544.4,
2026-01-22 09:45:00+00:00,4.45,563.7,36961
2026-01-22 09:46:00+00:00,5.34,561.2,17695
2026-01-22 09:47:00+00:00,2.96,552.8,10690
2026-01-22 09:48:00+00:00,4.82,559.2,26713
2026-01-22 09:49:00+00:00,3.64,544.0,26713
2026-01-22 09:50:00+00:00,1.88,547.3,24343
2026-01-22 09:51:00+00:00,2.86,568.1,25600
2026-01-22 09:52:00+00:00,4.11,562.5,26179
2026-01-22 09:53:00+00:00,7.29,562.8,23188
2026-01-22 09:54:00+00:00,7.27,558.4,21043
2026-01-22 09:55:00+00:00,5.81,562.7,16628
2026-01-22 09:56:00+00:00,2.22,549.9,29454
2026-01-22 09:57:00+00:00,7.08,567.2,29454
2026-01-22 09:58:00+00:00,3.91,557.9,17752
2026-01-22 09:59:00+00:00,5.31,559.3,19258
2026-01-22 10:02:00+00:00,4.20,556.2,20732
2026-01-22 10:03:00+00:00,4.68,557.4,17398
2026-01-22 10:04:00+00:00,5.02,562.2,22402
2026-01-22 10:05:00+00:00,6.42,564.2,21471
2026-01-22 10:06:00+00:00,8.42,570.8,24208
2026-01-22 10:07:00+00:00,5.92,560.2,32714
2026-01-22 10:08:00+00:00,3.14,549.1,66684
2026-01-22 10:09:00+00:00,7.53,578.4,53026
2026-01-22 10:10:00+00:00,6.17,564.0,15545
2026-01-22 10:11:00+00:00,5.16,559.3,15428
2026-01-22 10:12:00+00:00,4.07,548.1,13432
2026-01-22 10:13:00+00:00,4.25,579.0,25694
2026-01-22 10:14:00+00:00,3.33,551.6,15391
2026-01-22 10:15:00+00:00,3.33,551.6,15391
2026-01-22 10:16:00+00:00,1.49,572.0,67313
2026-01-22 10:17:00+00:00,0.50,544.6,42051
2026-01-22 10:18:00+00:00,0.27,534.9,28408
2026-01-22 10:19:00+00:00,0.17,528.7,35874
2026-01-22 10:20:00+00:00,0.32,536.1,42598
2026-01-22 10:21:00+00:00,0.37,538.3,36716
2026-01-22 10:22:00+00:00,0.36,538.3,37772
2026-01-22 10:23:00+00:00,0.29,531.9,35081
2026-01-22 10:24:00+00:00,0.48,527.7,27629
2026-01-22 10:25:00+00:00,1.21,548.2,39149
2026-01-22 10:26:00+00:00,1.21,538.1,22458
2026-01-22 10:27:00+00:00,1.63,539.8,25636
2026-01-22 10:28:00+00:00,1.39,545.3,35083
2026-01-22 10:29:00+00:00,1.71,531.3,
2026-01-22 10:30:00+00:00,1.38,539.9,16708
2026-01-22 10:31:00+00:00,0.15,530.3,24343
2026-01-22 10:32:00+00:00,1.12,551.3,25418
2026-01-22 10:33:00+00:00,1.06,545.1,22491
2026-01-22 10:34:00+00:00,1.45,550.7,29368
2026-01-22 10:35:00+00:00,1.29,541.7,19490
2026-01-22 10:36:00+00:00,1.15,546.7,20725
2026-01-22 10:37:00+00:00,0.95,551.8,21592
2026-01-22 10:38:00+00:00,0.89,551.3,18186
2026-01-22 10:39:00+00:00,0.80,551.8,18145
2026-01-22 10:40:00+00:00,0.79,550.6,17570
2026-01-22 10:41:00+00:00,1.49,551.4,16911
2026-01-22 10:42:00+00:00,1.29,546.4,15610
2026-01-22 10:43:00+00:00,0.61,534.0,33019
2026-01-22 10:44:00+00:00,2.60,552.9,32685
2026-01-22 10:45:00+00:00,3.86,552.1,28007
2026-01-22 10:46:00+00:00,2.44,548.0,24019
2026-01-22 10:47:00+00:00,0.95,533.8,24019
2026-01-22 10:48:00+00:00,0.85,532.7,
2026-01-22 10:49:00+00:00,3.45,562.2,62151
2026-01-22 10:50:00+00:00,2.18,542.9,25343
2026-01-22 10:51:00+00:00,0.72,519.7,11958
2026-01-22 10:52:00+00:00,1.33,528.3,10715
2026-01-22 10:53:00+00:00,2.10,535.4,11611
2026-01-22 10:54:00+00:00,1.79,531.6,12395
2026-01-22 10:55:00+00:00,1.22,528.4,
2026-01-22 10:56:00+00:00,1.96,531.7,25278
2026-01-22 10:57:00+00:00,3.62,544.1,21581
2026-01-22 10:58:00+00:00,2.40,535.7,12641
2026-01-22 10:59:00+00:00,1.94,539.1,17544
2026-01-22 11:00:00+00:00,1.22,537.1,
2026-01-22 11:01:00+00:00,1.48,542.8,
2026-01-22 11:02:00+00:00,1.62,542.8,13638
2026-01-22 11:03:00+00:00,0.97,532.1,13638
2026-01-22 11:04:00+00:00,2.69,550.6,34156
2026-01-22 11:05:00+00:00,1.93,542.7,16957
2026-01-22 11:06:00+00:00,2.19,537.9,13562
2026-01-22 11:07:00+00:00,2.14,539.2,11654
2026-01-22 11:08:00+00:00,1.96,539.7,12374
2026-01-22 11:09:00+00:00,1.79,540.0,12215
2026-01-22 11:10:00+00:00,1.77,539.1,11062
2026-01-22 11:11:00+00:00,1.83,538.7,11628
2026-01-22 11:12:00+00:00,1.45,538.8,12378
2026-01-22 11:13:00+00:00,1.01,536.4,10626
2026-01-22 11:14:00+00:00,1.37,539.8,10626
2026-01-22 11:15:00+00:00,1.44,536.2,12983
2026-01-22 11:16:00+00:00,2.03,541.6,12983
2026-01-22 11:17:00+00:00,1.77,534.1,
2026-01-22 11:18:00+00:00,1.75,535.4,11503
2026-01-22 11:19:00+00:00,2.18,538.5,14482
2026-01-22 11:20:00+00:00,3.64,550.1,42627
2026-01-22 11:21:00+00:00,3.86,551.9,46924
2026-01-22 11:22:00+00:00,0.85,530.3,
2026-01-22 11:23:00+00:00,2.87,540.9,28650
2026-01-22 11:24:00+00:00,3.88,540.6,17710
2026-01-22 11:25:00+00:00,4.19,538.8,12656
2026-01-22 11:26:00+00:00,3.27,535.0,14615
2026-01-22 11:27:00+00:00,3.50,537.4,58964
2026-01-22 11:28:00+00:00,4.45,541.2,43955
2026-01-22 11:29:00+00:00,1.46,524.2,15362
2026-01-22 11:30:00+00:00,0.96,524.5,18236
2026-01-22 11:31:00+00:00,0.36,511.2,18930
2026-01-22 11:32:00+00:00,1.87,540.5,50718
2026-01-22 11:33:00+00:00,0.69,528.5,51702
2026-01-22 11:34:00+00:00,0.59,522.1,27981
2026-01-22 11:35:00+00:00,0.66,512.4,27666
2026-01-22 11:36:00+00:00,1.05,520.6,38622
2026-01-22 11:37:00+00:00,1.03,520.7,29716
2026-01-22 11:38:00+00:00,2.52,518.0,16183
2026-01-22 11:39:00+00:00,3.38,512.6,27656
2026-01-22 11:40:00+00:00,2.71,512.9,24486
2026-01-22 11:41:00+00:00,1.38,519.4,21677
2026-01-22 11:42:00+00:00,0.41,519.4,29628
2026-01-22 11:43:00+00:00,0.55,524.9,34100
2026-01-22 11:44:00+00:00,1.00,537.2,32534
2026-01-22 11:45:00+00:00,0.54,533.0,28698
2026-01-22 11:46:00+00:00,0.67,536.0,25396
2026-01-22 11:47:00+00:00,0.73,529.9,40425
2026-01-22 11:48:00+00:00,2.18,552.9,41348
2026-01-22 11:49:00+00:00,0.56,547.2,54274
2026-01-22 11:50:00+00:00,0.22,546.8,59538
2026-01-22 11:51:00+00:00,0.31,552.0,102610
2026-01-22 11:52:00+00:00,0.54,556.9,50555
2026-01-22 11:53:00+00:00,0.24,543.8,64586
2026-01-22 11:54:00+00:00,0.15,540.3,70214
2026-01-22 11:55:00+00:00,0.15,568.0,106661
2026-01-22 11:56:00+00:00,0.09,548.4,91988
2026-01-22 11:57:00+00:00,0.34,527.3,62808
2026-01-22 11:58:00+00:00,0.48,521.1,36612
2026-01-22 11:59:00+00:00,0.40,522.8,28091
2026-01-22 12:00:00+00:00,0.66,523.2,29224
2026-01-22 12:01:00+00:00,1.08,521.6,23558
2026-01-22 12:02:00+00:00,1.26,524.0,25684
2026-01-22 12:03:00+00:00,0.90,530.1,51147
2026-01-22 12:04:00+00:00,0.80,524.6,30130
2026-01-22 12:05:00+00:00,0.26,528.9,72554
2026-01-22 12:06:00+00:00,1.36,525.5,15523
2026-01-22 12:07:00+00:00,0.69,533.4,36099
2026-01-22 12:08:00+00:00,0.76,525.6,14350
2026-01-22 12:09:00+00:00,2.05,534.9,32889
2026-01-22 12:10:00+00:00,1.03,536.9,21835
2026-01-22 12:11:00+00:00,0.75,543.0,33387
2026-01-22 12:12:00+00:00,0.58,537.7,34842
2026-01-22 12:13:00+00:00,0.32,534.5,30069
2026-01-22 12:14:00+00:00,0.18,527.6,27342
2026-01-22 12:15:00+00:00,0.51,525.4,27563
2026-01-22 12:16:00+00:00,0.97,539.3,36183
2026-01-22 12:17:00+00:00,0.60,539.6,39527
2026-01-22 12:18:00+00:00,0.43,532.5,34143
2026-01-22 12:19:00+00:00,0.50,536.0,48248
2026-01-22 12:20:00+00:00,0.56,529.5,31028
2026-01-22 12:21:00+00:00,0.24,544.1,77625
2026-01-22 12:22:00+00:00,0.81,531.8,21165
2026-01-22 12:23:00+00:00,0.46,534.0,30823
2026-01-22 12:24:00+00:00,0.36,529.1,19919
2026-01-22 12:25:00+00:00,0.62,538.9,46484
2026-01-22 12:26:00+00:00,0.76,536.3,28034
2026-01-22 12:27:00+00:00,0.78,534.3,18748
2026-01-22 12:28:00+00:00,1.30,544.2,65938
2026-01-22 12:29:00+00:00,0.90,538.1,45679
2026-01-22 12:30:00+00:00,0.35,525.5,29955
2026-01-22 12:31:00+00:00,0.33,524.0,30808
2026-01-22 12:32:00+00:00,0.72,535.5,30398
2026-01-22 12:33:00+00:00,0.76,535.6,31626
2026-01-22 12:34:00+00:00,0.41,528.8,25157
2026-01-22 12:35:00+00:00,0.54,529.9,23607
2026-01-22 12:36:00+00:00,0.66,526.3,20817
2026-01-22 12:37:00+00:00,0.90,534.5,29585
2026-01-22 12:38:00+00:00,4.10,552.0,17098
2026-01-22 12:39:00+00:00,4.76,578.7,38711
2026-01-22 12:40:00+00:00,0.74,552.4,34272
2026-01-22 12:41:00+00:00,1.51,532.0,22938
2026-01-22 12:42:00+00:00,0.75,535.2,23517
2026-01-22 12:43:00+00:00,0.71,544.6,51986
2026-01-22 12:44:00+00:00,0.75,544.6,50189
2026-01-22 12:45:00+00:00,0.55,534.8,29847
2026-01-22 12:46:00+00:00,0.48,526.6,22116
2026-01-22 12:47:00+00:00,0.50,523.3,24848
2026-01-22 12:48:00+00:00,0.49,522.7,46429
2026-01-22 12:49:00+00:00,0.49,524.6,77284
2026-01-22 12:50:00+00:00,0.54,521.2,57039
2026-01-22 12:51:00+00:00,0.62,520.3,57455
2026-01-22 12:52:00+00:00,0.59,524.6,34704
2026-01-22 12:53:00+00:00,1.01,537.2,38446
2026-01-22 12:54:00+00:00,0.54,529.7,29592
2026-01-22 12:55:00+00:00,0.96,533.0,57721
2026-01-22 12:56:00+00:00,0.42,538.1,105054
2026-01-22 12:57:00+00:00,0.34,522.8,57158
2026-01-22 12:58:00+00:00,0.68,523.1,53660
2026-01-22 12:59:00+00:00,0.67,528.4,77016
2026-01-22 13:00:00+00:00,0.60,530.2,86836
2026-01-22 13:01:00+00:00,1.21,524.0,68200
2026-01-22 13:02:00+00:00,0.97,527.3,72267
2026-01-22 13:03:00+00:00,0.57,529.6,78397
2026-01-22 13:04:00+00:00,0.55,530.4,94316
2026-01-22 13:05:00+00:00,0.83,534.5,111390
2026-01-22 13:06:00+00:00,0.80,531.6,87457
2026-01-22 13:07:00+00:00,0.93,541.2,106233
2026-01-22 13:08:00+00:00,0.65,542.1,110923
2026-01-22 13:09:00+00:00,1.14,533.3,85470
2026-01-22 13:10:00+00:00,0.41,532.8,102999
2026-01-22 13:11:00+00:00,0.70,543.5,155509
2026-01-22 13:12:00+00:00,5.12,546.0,48526
2026-01-22 13:13:00+00:00,3.36,535.2,18627
2026-01-22 13:14:00+00:00,3.52,536.3,20142
2026-01-22 13:15:00+00:00,3.05,536.4,17317
2026-01-22 13:16:00+00:00,4.49,544.3,42955
2026-01-22 13:17:00+00:00,2.73,533.2,47499
2026-01-22 13:18:00+00:00,3.54,537.5,47351
2026-01-22 13:19:00+00:00,5.22,546.0,40786
2026-01-22 13:20:00+00:00,2.72,532.7,12847
2026-01-22 13:21:00+00:00,4.25,542.3,18456
2026-01-22 13:22:00+00:00,4.19,536.0,22323
2026-01-22 13:23:00+00:00,5.60,543.9,35144
2026-01-22 13:24:00+00:00,4.85,536.7,24937
2026-01-22 13:25:00+00:00,0.95,512.2,12790
2026-01-22 13:26:00+00:00,3.66,528.3,20655
2026-01-22 13:27:00+00:00,3.85,530.3,33459
2026-01-22 13:28:00+00:00,3.67,529.5,27803
2026-01-22 13:29:00+00:00,1.09,516.4,22193
2026-01-22 13:30:00+00:00,0.46,513.2,21043
2026-01-22 13:31:00+00:00,5.91,541.7,53821
2026-01-22 13:32:00+00:00,5.01,540.9,54199
2026-01-22 13:33:00+00:00,4.42,540.4,54451
2026-01-22 13:36:00+00:00,3.46,523.4,19048
2026-01-22 13:37:00+00:00,2.52,514.5,21989
2026-01-22 13:38:00+00:00,4.79,529.3,23758
2026-01-22 13:39:00+00:00,5.22,533.0,32227
2026-01-22 13:40:00+00:00,6.04,535.8,39628
2026-01-22 13:41:00+00:00,0.77,510.9,16331
2026-01-22 13:42:00+00:00,5.50,535.3,40047
2026-01-22 13:43:00+00:00,5.49,527.5,47985
2026-01-22 13:44:00+00:00,3.24,527.0,28348
2026-01-22 13:45:00+00:00,2.12,514.4,15387
2026-01-22 13:46:00+00:00,4.41,533.5,70532
2026-01-22 13:47:00+00:00,4.68,542.1,73489
2026-01-22 13:48:00+00:00,3.53,531.6,39913
2026-01-22 13:49:00+00:00,1.77,516.5,23323
2026-01-22 13:50:00+00:00,2.60,517.9,29359
2026-01-22 13:51:00+00:00,3.79,524.3,31895
2026-01-22 13:52:00+00:00,1.90,520.2,26603
2026-01-22 13:53:00+00:00,1.28,520.7,29966
2026-01-22 13:54:00+00:00,1.65,520.8,31163
2026-01-22 13:55:00+00:00,1.11,523.2,36217
2026-01-22 13:56:00+00:00,2.66,525.1,52976
2026-01-22 13:57:00+00:00,1.15,512.1,17568
2026-01-22 13:58:00+00:00,3.49,523.9,33499
2026-01-22 13:59:00+00:00,0.99,525.3,26237
2026-01-22 14:00:00+00:00,3.84,548.2,21363
2026-01-22 14:01:00+00:00,2.96,534.3,23157
2026-01-22 14:02:00+00:00,2.45,526.3,33160
2026-01-22 14:03:00+00:00,2.21,518.0,30474
2026-01-22 14:04:00+00:00,1.22,525.0,41451
2026-01-22 14:05:00+00:00,1.07,532.0,39756
2026-01-22 14:06:00+00:00,1.46,531.9,30090
2026-01-22 14:07:00+00:00,5.88,560.5,132957
2026-01-22 14:08:00+00:00,4.20,541.9,132957
2026-01-22 14:09:00+00:00,0.83,504.7,
2026-01-22 14:10:00+00:00,5.59,532.4,57964
2026-01-22 14:11:00+00:00,5.17,531.4,54546
2026-01-22 14:12:00+00:00,2.29,524.3,32037
2026-01-22 14:13:00+00:00,0.84,512.5,27911
2026-01-22 14:15:00+00:00,3.19,531.2,42351
2026-01-22 14:16:00+00:00,2.88,533.2,51463
2026-01-22 14:17:00+00:00,1.29,515.0,31924
2026-01-22 14:18:00+00:00,4.35,529.4,51267
2026-01-22 14:19:00+00:00,4.57,529.2,49795
2026-01-22 14:20:00+00:00,2.65,516.1,31705
2026-01-22 14:21:00+00:00,2.98,519.8,37372
2026-01-22 14:22:00+00:00,3.00,519.9,36708
2026-01-22 14:23:00+00:00,3.20,518.0,34178
2026-01-22 14:24:00+00:00,3.81,525.2,45683
2026-01-22 14:25:00+00:00,0.82,520.8,42291
2026-01-22 14:26:00+00:00,1.03,534.0,63757
2026-01-22 14:27:00+00:00,0.83,527.5,29133
2026-01-22 14:28:00+00:00,1.29,517.0,36178
2026-01-22 14:29:00+00:00,2.32,517.5,25658
2026-01-22 14:30:00+00:00,4.02,516.3,28865
2026-01-22 14:31:00+00:00,2.91,517.9,31663
2026-01-22 14:32:00+00:00,3.66,518.8,25869
2026-01-22 14:33:00+00:00,2.69,517.2,27500
2026-01-22 14:34:00+00:00,1.88,515.3,30690
2026-01-22 14:35:00+00:00,1.88,516.5,33464
2026-01-22 14:36:00+00:00,2.10,516.1,33740
2026-01-22 14:37:00+00:00,2.52,517.5,31153
2026-01-22 14:38:00+00:00,2.98,517.2,31194
2026-01-22 14:39:00+00:00,3.18,514.6,33397
2026-01-22 14:42:00+00:00,3.22,513.4,32668
2026-01-22 14:43:00+00:00,3.54,513.7,35092
2026-01-22 14:44:00+00:00,2.83,511.8,34375
2026-01-22 14:45:00+00:00,2.22,509.6,46337
2026-01-22 14:46:00+00:00,3.77,509.7,33741
2026-01-22 14:47:00+00:00,2.21,513.0,43928
2026-01-22 14:48:00+00:00,2.84,512.7,30816
2026-01-22 14:49:00+00:00,2.98,515.9,30379
2026-01-22 14:50:00+00:00,2.93,515.4,32708
2026-01-22 14:51:00+00:00,2.74,509.1,47330
2026-01-22 14:52:00+00:00,2.76,509.0,43274
2026-01-22 14:53:00+00:00,2.60,513.3,40611
2026-01-22 14:54:00+00:00,2.11,517.8,42444
2026-01-22 14:55:00+00:00,2.25,523.4,50497
2026-01-22 14:56:00+00:00,2.11,523.7,58767
2026-01-22 14:57:00+00:00,1.59,521.9,48057
2026-01-22 14:58:00+00:00,3.90,539.3,74824
2026-01-22 14:59:00+00:00,0.52,536.9,118816
2026-01-22 15:00:00+00:00,0.69,523.3,43517
2026-01-22 15:01:00+00:00,0.10,503.0,45136
2026-01-22 15:02:00+00:00,1.25,535.9,85212
2026-01-22 15:03:00+00:00,1.30,523.6,65422
2026-01-22 15:04:00+00:00,0.75,501.8,23129
2026-01-22 15:05:00+00:00,1.39,507.7,28053
2026-01-22 15:06:00+00:00,1.36,509.0,34218
2026-01-22 15:07:00+00:00,1.45,509.3,34531
2026-01-22 15:09:00+00:00,2.45,504.8,25899
2026-01-22 15:10:00+00:00,2.21,505.8,28344
2026-01-22 15:11:00+00:00,2.15,505.8,29999
2026-01-22 15:12:00+00:00,2.46,504.0,28287
2026-01-22 15:15:00+00:00,2.26,510.5,36028
2026-01-22 15:16:00+00:00,1.55,512.3,46956
2026-01-22 15:17:00+00:00,1.07,522.0,67245
2026-01-22 15:18:00+00:00,1.07,527.4,71521
2026-01-22 15:19:00+00:00,0.89,525.3,75324
2026-01-22 15:20:00+00:00,1.27,525.2,75677
2026-01-22 15:21:00+00:00,1.38,526.0,65525
2026-01-22 15:22:00+00:00,1.29,526.0,73168
2026-01-22 15:23:00+00:00,1.16,526.3,69976
2026-01-22 15:24:00+00:00,1.31,524.6,71921
2026-01-22 15:25:00+00:00,1.07,525.2,70002
2026-01-22 15:26:00+00:00,0.66,528.2,71966
2026-01-22 15:27:00+00:00,0.58,526.6,86444
2026-01-22 15:28:00+00:00,0.95,519.8,94475
2026-01-22 15:29:00+00:00,1.34,515.2,75790
2026-01-22 15:30:00+00:00,0.89,518.9,59914
2026-01-22 15:31:00+00:00,1.79,539.1,147477
2026-01-22 15:32:00+00:00,1.39,514.4,95696
2026-01-22 15:33:00+00:00,1.68,559.9,224597
2026-01-22 15:34:00+00:00,1.82,542.9,115688
2026-01-22 15:35:00+00:00,2.13,550.8,185516
2026-01-22 15:36:00+00:00,1.64,501.2,94237
2026-01-22 15:37:00+00:00,2.85,542.4,177356
2026-01-22 15:38:00+00:00,2.50,525.4,147265
2026-01-22 15:39:00+00:00,2.44,517.5,137443
2026-01-22 15:40:00+00:00,2.62,528.8,215731
2026-01-22 15:41:00+00:00,1.95,539.6,209071
2026-01-22 15:42:00+00:00,1.39,532.4,140924
2026-01-22 15:43:00+00:00,1.49,524.2,140786
2026-01-22 15:44:00+00:00,1.70,537.6,188089
2026-01-22 15:45:00+00:00,2.08,552.8,215999
2026-01-22 15:48:00+00:00,1.31,545.6,165881
2026-01-22 15:49:00+00:00,1.62,554.9,232086
2026-01-22 15:50:00+00:00,1.00,536.9,161561
2026-01-22 15:51:00+00:00,1.63,536.6,209103
2026-01-22 15:52:00+00:00,1.34,535.0,146655
2026-01-22 15:53:00+00:00,1.31,551.3,224495
2026-01-22 15:54:00+00:00,1.08,544.1,167716
2026-01-22 15:55:00+00:00,0.97,541.3,169927
2026-01-22 15:56:00+00:00,1.04,540.4,178964
2026-01-22 15:57:00+00:00,1.20,539.0,173176
2026-01-22 16:00:00+00:00,1.58,539.7,179220
2026-01-22 16:01:00+00:00,1.58,537.8,175844
2026-01-22 16:02:00+00:00,1.60,534.5,163598
2026-01-22 16:03:00+00:00,1.71,542.0,151955
2026-01-22 16:04:00+00:00,1.80,545.5,154139
2026-01-22 16:05:00+00:00,1.78,562.7,165604
2026-01-22 16:06:00+00:00,1.82,568.3,165743
2026-01-22 16:07:00+00:00,1.80,564.1,202093
2026-01-22 16:08:00+00:00,1.79,558.9,181944
2026-01-22 16:09:00+00:00,1.91,549.5,175792
2026-01-22 16:10:00+00:00,1.87,534.8,148077
2026-01-22 16:11:00+00:00,1.79,510.0,122019
2026-01-22 16:12:00+00:00,1.79,540.4,168106
2026-01-22 16:13:00+00:00,1.80,567.4,204238
2026-01-22 16:14:00+00:00,2.12,552.5,196076
2026-01-22 16:15:00+00:00,1.99,532.1,161395
2026-01-22 16:16:00+00:00,1.85,523.9,151524
2026-01-22 16:17:00+00:00,1.95,559.8,217383
2026-01-22 16:18:00+00:00,1.93,535.0,166664
2026-01-22 16:21:00+00:00,1.89,554.4,238701
2026-01-22 16:22:00+00:00,1.76,522.8,136634
2026-01-22 16:23:00+00:00,1.67,522.6,149172
2026-01-22 16:24:00+00:00,2.08,558.5,257109
2026-01-22 16:25:00+00:00,1.84,540.1,190786
2026-01-22 16:26:00+00:00,1.58,529.2,143179
2026-01-22 16:27:00+00:00,1.55,526.4,141520
2026-01-22 16:28:00+00:00,1.92,537.4,181328
2026-01-22 16:29:00+00:00,2.34,544.7,218831
2026-01-22 16:30:00+00:00,2.21,540.0,206355
2026-01-22 16:31:00+00:00,1.68,524.3,158938
2026-01-22 16:32:00+00:00,1.95,518.2,164269
2026-01-22 16:33:00+00:00,3.01,539.8,253387
2026-01-22 16:34:00+00:00,2.68,540.6,286858
2026-01-22 16:35:00+00:00,2.15,527.1,200010
2026-01-22 16:36:00+00:00,2.16,524.6,196180
2026-01-22 16:37:00+00:00,1.94,530.2,209897
2026-01-22 16:38:00+00:00,1.72,529.2,194759
2026-01-22 16:39:00+00:00,1.84,531.7,191100
2026-01-22 16:40:00+00:00,1.74,528.9,194302
2026-01-22 16:41:00+00:00,1.75,530.5,195977
2026-01-22 16:42:00+00:00,1.75,532.7,202515
2026-01-22 16:43:00+00:00,1.83,535.2,206452
2026-01-22 16:44:00+00:00,0.82,483.5,102790
2026-01-22 16:45:00+00:00,1.01,494.5,127515
2026-01-22 16:46:00+00:00,1.82,534.5,203614
2026-01-22 16:47:00+00:00,1.82,526.8,183072
2026-01-22 16:48:00+00:00,1.74,522.2,174152
2026-01-22 16:49:00+00:00,1.56,535.7,196981
2026-01-22 16:50:00+00:00,1.45,528.6,190570
2026-01-22 16:51:00+00:00,1.38,495.1,150696
2026-01-22 16:54:00+00:00,1.39,520.1,184098
2026-01-22 16:55:00+00:00,1.12,517.6,177661
2026-01-22 16:56:00+00:00,1.48,540.8,254700
2026-01-22 16:57:00+00:00,1.45,537.0,245720
2026-01-22 16:58:00+00:00,1.34,530.2,216217
2026-01-22 16:59:00+00:00,1.39,508.6,185090
2026-01-22 17:00:00+00:00,1.38,533.0,238687
2026-01-22 17:01:00+00:00,1.45,546.5,258813
2026-01-22 17:02:00+00:00,1.45,544.1,240192
2026-01-22 17:03:00+00:00,1.24,539.2,222398
2026-01-22 17:04:00+00:00,1.22,526.7,195528
2026-01-22 17:05:00+00:00,1.46,536.2,208693
2026-01-22 17:06:00+00:00,1.51,530.2,217179
2026-01-22 17:07:00+00:00,1.45,512.3,177267
2026-01-22 17:08:00+00:00,1.70,553.4,283851
2026-01-22 17:09:00+00:00,1.58,526.5,240483
2026-01-22 17:10:00+00:00,1.71,531.1,304557
2026-01-22 17:11:00+00:00,1.72,502.4,197137
2026-01-22 17:12:00+00:00,1.91,550.2,368609
2026-01-22 17:13:00+00:00,1.43,520.4,240281
2026-01-22 17:14:00+00:00,1.22,517.9,238406
2026-01-22 17:15:00+00:00,1.40,531.4,305677
2026-01-22 17:16:00+00:00,1.73,532.8,291534
2026-01-22 17:17:00+00:00,1.79,526.8,246616
2026-01-22 17:18:00+00:00,1.69,510.9,207251
2026-01-22 17:19:00+00:00,1.73,514.4,220008
2026-01-22 17:20:00+00:00,1.98,540.2,285454
2026-01-22 17:21:00+00:00,2.21,532.9,276910
2026-01-22 17:22:00+00:00,1.93,517.0,213699
2026-01-22 17:23:00+00:00,1.90,501.1,183438
2026-01-22 17:24:00+00:00,2.11,538.7,279786
2026-01-22 17:27:00+00:00,1.99,509.0,234197
2026-01-22 17:28:00+00:00,1.97,513.5,234437
2026-01-22 17:29:00+00:00,2.12,529.2,264879
2026-01-22 17:30:00+00:00,1.95,506.4,252190
2026-01-22 17:31:00+00:00,1.95,533.2,327035
2026-01-22 17:32:00+00:00,1.93,545.9,339165
2026-01-22 17:33:00+00:00,1.84,529.1,262543
2026-01-22 17:34:00+00:00,1.69,509.9,198496
2026-01-22 17:35:00+00:00,1.74,512.2,222540
2026-01-22 17:36:00+00:00,1.99,529.3,285437
2026-01-22 17:37:00+00:00,1.96,525.9,281076
2026-01-22 17:38:00+00:00,1.79,511.4,239111
2026-01-22 17:39:00+00:00,1.88,505.1,199292
2026-01-22 17:40:00+00:00,1.98,533.2,289500
2026-01-22 17:41:00+00:00,1.90,515.2,249363
2026-01-22 17:42:00+00:00,1.92,499.3,183559
2026-01-22 17:43:00+00:00,2.41,530.2,287857
2026-01-22 17:44:00+00:00,2.65,544.7,381823
2026-01-22 17:45:00+00:00,2.30,510.2,241784
2026-01-22 17:46:00+00:00,1.76,486.0,157113
2026-01-22 17:47:00+00:00,1.93,523.3,220535
2026-01-22 17:48:00+00:00,2.02,548.7,247736
2026-01-22 17:49:00+00:00,2.14,545.1,257075
2026-01-22 17:50:00+00:00,1.72,522.2,216632
2026-01-22 17:51:00+00:00,1.56,517.8,207058
2026-01-22 17:52:00+00:00,1.55,505.1,204913
2026-01-22 17:53:00+00:00,0.66,449.2,74947
2026-01-22 17:54:00+00:00,2.12,501.0,192695
2026-01-22 17:55:00+00:00,2.25,528.2,249065
2026-01-22 17:56:00+00:00,2.21,540.8,279394
2026-01-22 17:57:00+00:00,2.25,526.6,246825
2026-01-22 18:00:00+00:00,1.51,489.1,129123
2026-01-22 18:01:00+00:00,1.87,503.2,174380
2026-01-22 18:02:00+00:00,2.08,502.7,187205
2026-01-22 18:03:00+00:00,2.21,525.7,248042
2026-01-22 18:04:00+00:00,2.22,528.5,254884
2026-01-22 18:05:00+00:00,2.06,521.1,256052
2026-01-22 18:06:00+00:00,1.51,511.8,231985
2026-01-22 18:07:00+00:00,1.68,513.0,243903
2026-01-22 18:08:00+00:00,2.34,523.5,286699
2026-01-22 18:09:00+00:00,1.66,511.2,216374
2026-01-22 18:10:00+00:00,1.70,513.9,283399
2026-01-22 18:11:00+00:00,2.91,538.2,395114
2026-01-22 18:12:00+00:00,2.24,524.5,269828
2026-01-22 18:13:00+00:00,2.62,529.0,277134
2026-01-22 18:14:00+00:00,1.98,476.8,131014
2026-01-22 18:15:00+00:00,2.24,529.8,259578
2026-01-22 18:16:00+00:00,2.14,522.8,243658
2026-01-22 18:17:00+00:00,2.11,519.8,199004
2026-01-22 18:18:00+00:00,2.08,509.0,182068
2026-01-22 18:19:00+00:00,0.82,466.2,76796
2026-01-22 18:20:00+00:00,1.20,488.0,133689
2026-01-22 18:21:00+00:00,1.94,512.8,193665
2026-01-22 18:22:00+00:00,2.20,519.7,241989
2026-01-22 18:23:00+00:00,2.27,524.3,275185
2026-01-22 18:24:00+00:00,2.06,515.9,212053
2026-01-22 18:25:00+00:00,1.97,512.9,187788
2026-01-22 18:26:00+00:00,1.73,509.7,217505
2026-01-22 18:27:00+00:00,2.67,536.9,326210
2026-01-22 18:28:00+00:00,2.02,515.7,206929
2026-01-22 18:29:00+00:00,1.93,516.3,238167
2026-01-22 18:30:00+00:00,1.26,492.3,118991
2026-01-22 18:31:00+00:00,1.26,492.3,118991
2026-01-22 18:32:00+00:00,0.37,451.6,34761
2026-01-22 18:33:00+00:00,1.46,486.1,163240
2026-01-22 18:34:00+00:00,1.98,500.9,180051
2026-01-22 18:35:00+00:00,0.80,462.3,75503
2026-01-22 18:37:00+00:00,1.89,529.1,298073
2026-01-22 18:38:00+00:00,1.87,526.6,306854
2026-01-22 18:39:00+00:00,1.99,537.6,364471
2026-01-22 18:40:00+00:00,2.02,539.1,372156
2026-01-22 18:41:00+00:00,1.55,500.9,232258
2026-01-22 18:42:00+00:00,1.61,508.3,228949
2026-01-22 18:43:00+00:00,2.83,537.2,360981
2026-01-22 18:44:00+00:00,2.46,542.5,401402
2026-01-22 18:45:00+00:00,1.87,523.7,286519
2026-01-22 18:46:00+00:00,1.49,496.8,202651
2026-01-22 18:47:00+00:00,2.50,528.4,362014
2026-01-22 18:48:00+00:00,2.05,516.2,245399
2026-01-22 18:49:00+00:00,1.65,506.2,209475
2026-01-22 18:50:00+00:00,2.37,525.1,290767
2026-01-22 18:51:00+00:00,2.50,533.9,343623
2026-01-22 18:52:00+00:00,2.07,520.3,285673
2026-01-22 18:53:00+00:00,1.89,496.8,206587
2026-01-22 18:54:00+00:00,2.07,515.9,291066
2026-01-22 18:55:00+00:00,2.19,541.5,385156
2026-01-22 18:56:00+00:00,2.04,523.4,315250
2026-01-22 18:57:00+00:00,1.85,511.3,270050
2026-01-22 18:58:00+00:00,1.93,501.7,260572
2026-01-22 18:59:00+00:00,2.03,539.4,358392
2026-01-22 19:00:00+00:00,1.98,535.3,356974
2026-01-22 19:01:00+00:00,1.69,522.0,293601
2026-01-22 19:02:00+00:00,1.77,511.5,252941
2026-01-22 19:03:00+00:00,1.80,529.3,313220
2026-01-22 19:04:00+00:00,1.80,530.6,317526
2026-01-22 19:06:00+00:00,2.19,533.5,375565
2026-01-22 19:07:00+00:00,2.14,530.3,360286
2026-01-22 19:08:00+00:00,2.20,522.6,327115
2026-01-22 19:09:00+00:00,1.78,508.0,260242
2026-01-22 19:10:00+00:00,1.76,521.3,318273
2026-01-22 19:11:00+00:00,2.09,535.7,381671
2026-01-22 19:12:00+00:00,1.98,519.5,298898
2026-01-22 19:13:00+00:00,2.13,512.5,277804
2026-01-22 19:14:00+00:00,2.16,501.2,283882
2026-01-22 19:15:00+00:00,2.27,550.4,448088
2026-01-22 19:16:00+00:00,2.10,530.9,359414
2026-01-22 19:17:00+00:00,1.97,510.0,275400
2026-01-22 19:18:00+00:00,1.85,529.6,389497
2026-01-22 19:19:00+00:00,2.08,540.8,428342
2026-01-22 19:20:00+00:00,2.07,535.0,406405
2026-01-22 19:21:00+00:00,1.52,516.3,304610
2026-01-22 19:22:00+00:00,1.98,535.4,435180
2026-01-22 19:23:00+00:00,1.95,526.8,371044
2026-01-22 19:24:00+00:00,2.02,523.3,346847
2026-01-22 19:25:00+00:00,1.80,510.5,293749
2026-01-22 19:26:00+00:00,2.02,513.8,321773
2026-01-22 19:27:00+00:00,2.68,535.5,442868
2026-01-22 19:28:00+00:00,2.45,524.3,388830
2026-01-22 19:29:00+00:00,1.89,503.1,268143
2026-01-22 19:30:00+00:00,2.07,525.1,369224
2026-01-22 19:31:00+00:00,2.19,541.0,490487
2026-01-22 19:32:00+00:00,1.99,513.3,301600
2026-01-22 19:33:00+00:00,1.75,483.7,224237
2026-01-22 19:34:00+00:00,2.25,551.0,377350
2026-01-22 19:35:00+00:00,2.20,545.4,413064
2026-01-22 19:36:00+00:00,1.98,532.5,345174
2026-01-22 19:37:00+00:00,1.95,530.5,334338
2026-01-22 19:39:00+00:00,1.94,528.2,332961
2026-01-22 19:40:00+00:00,2.04,524.5,327329
2026-01-22 19:41:00+00:00,2.04,522.3,314236
2026-01-22 19:42:00+00:00,2.03,522.1,291532
2026-01-22 19:43:00+00:00,2.10,527.9,307361
2026-01-22 19:44:00+00:00,2.11,532.3,328082
2026-01-22 19:45:00+00:00,2.11,522.1,279551
2026-01-22 19:46:00+00:00,2.20,521.9,295719
2026-01-22 19:47:00+00:00,2.20,516.7,275966
2026-01-22 19:48:00+00:00,2.11,512.8,249438
2026-01-22 19:49:00+00:00,2.21,490.4,207285
2026-01-22 19:50:00+00:00,2.44,549.8,432649
2026-01-22 19:51:00+00:00,2.32,528.0,349554
2026-01-22 19:52:00+00:00,2.44,534.9,386664
2026-01-22 19:53:00+00:00,2.40,523.1,313802
2026-01-22 19:54:00+00:00,2.28,520.2,291560
2026-01-22 19:55:00+00:00,2.24,520.3,290698
2026-01-22 19:56:00+00:00,1.68,499.0,237129
2026-01-22 19:57:00+00:00,2.22,514.6,289600
2026-01-22 19:58:00+00:00,31.97,474.1,195949
2026-01-22 19:59:00+00:00,40.19,454.0,147568
2026-01-22 20:00:00+00:00,2.32,516.0,322605
2026-01-22 20:01:00+00:00,2.34,515.4,333342
2026-01-22 20:02:00+00:00,2.42,515.9,317082
2026-01-22 20:03:00+00:00,2.26,516.2,313188
2026-01-22 20:04:00+00:00,2.13,527.4,283352
2026-01-22 20:05:00+00:00,2.05,524.0,279554
2026-01-22 20:06:00+00:00,2.19,522.7,290425
2026-01-22 20:07:00+00:00,2.16,518.3,280585
2026-01-22 20:08:00+00:00,2.21,521.1,275662
2026-01-22 20:11:00+00:00,2.25,518.3,278248
2026-01-22 20:12:00+00:00,2.27,517.0,318706
2026-01-22 20:13:00+00:00,2.33,516.4,349264
2026-01-22 20:14:00+00:00,2.35,518.2,343251
2026-01-22 20:15:00+00:00,2.49,519.8,306193
2026-01-22 20:16:00+00:00,2.59,519.2,270674
2026-01-22 20:17:00+00:00,2.33,520.0,285310
2026-01-22 20:18:00+00:00,2.44,524.1,296768
2026-01-22 20:19:00+00:00,2.36,522.9,279562
2026-01-22 20:20:00+00:00,2.07,521.7,289181
2026-01-22 20:21:00+00:00,2.12,524.1,278420
2026-01-22 20:22:00+00:00,1.89,528.5,229443
2026-01-22 20:23:00+00:00,1.73,523.7,221417
2026-01-22 20:24:00+00:00,1.94,520.2,300710
2026-01-22 20:25:00+00:00,2.05,522.1,309554
2026-01-22 20:26:00+00:00,1.96,522.7,330616
2026-01-22 20:27:00+00:00,1.86,521.7,326028
2026-01-22 20:28:00+00:00,1.98,521.3,333656
2026-01-22 20:29:00+00:00,2.19,520.7,313551
2026-01-22 20:30:00+00:00,2.10,522.3,292305
2026-01-22 20:31:00+00:00,1.87,523.6,308362
2026-01-22 20:32:00+00:00,1.85,523.4,330329
2026-01-22 20:33:00+00:00,1.83,524.8,326087
2026-01-22 20:34:00+00:00,1.90,521.7,294662
2026-01-22 20:35:00+00:00,2.00,521.2,330767
2026-01-22 20:36:00+00:00,1.65,525.6,288716
2026-01-22 20:37:00+00:00,1.90,518.3,283468
2026-01-22 20:38:00+00:00,1.60,528.3,264148
2026-01-22 20:39:00+00:00,1.81,524.5,297690
2026-01-22 20:40:00+00:00,1.61,530.8,236170
2026-01-22 20:41:00+00:00,1.68,534.8,227445
2026-01-22 20:44:00+00:00,1.42,521.5,319427
2026-01-22 20:45:00+00:00,1.37,521.0,331068
2026-01-22 20:46:00+00:00,1.26,521.9,327641
2026-01-22 20:47:00+00:00,1.22,526.1,282900
2026-01-22 20:48:00+00:00,1.16,536.0,229676
2026-01-22 20:49:00+00:00,0.95,545.6,215512
2026-01-22 20:50:00+00:00,0.99,540.9,225724
2026-01-22 20:51:00+00:00,0.92,544.0,216723
2026-01-22 20:52:00+00:00,1.04,543.5,226458
2026-01-22 20:53:00+00:00,0.87,542.7,162956
2026-01-22 20:54:00+00:00,0.87,538.9,153142
2026-01-22 20:55:00+00:00,0.90,535.7,163227
2026-01-22 20:56:00+00:00,1.03,530.3,168089
2026-01-22 20:57:00+00:00,1.05,533.3,143943
2026-01-22 20:58:00+00:00,1.13,537.0,145297
2026-01-22 20:59:00+00:00,1.01,542.2,136640
2026-01-22 21:00:00+00:00,1.13,541.9,134097
2026-01-22 21:01:00+00:00,1.18,543.4,133733
2026-01-22 21:02:00+00:00,1.13,545.1,133767
2026-01-22 21:03:00+00:00,1.05,546.1,128704
2026-01-22 21:04:00+00:00,1.04,531.0,141889
2026-01-22 21:05:00+00:00,1.33,494.3,193276
2026-01-22 21:06:00+00:00,1.36,492.8,189728
2026-01-22 21:07:00+00:00,1.29,488.4,173352
2026-01-22 21:08:00+00:00,1.15,509.1,310999
2026-01-22 21:09:00+00:00,0.86,548.9,127190
2026-01-22 21:10:00+00:00,0.86,551.7,130056
2026-01-22 21:11:00+00:00,0.78,549.1,119482
2026-01-22 21:12:00+00:00,0.82,544.9,122124
2026-01-22 21:13:00+00:00,0.96,538.4,128361
2026-01-22 21:14:00+00:00,0.92,530.1,137956
2026-01-22 21:17:00+00:00,0.95,540.2,127671
2026-01-22 21:18:00+00:00,1.05,535.6,146435
2026-01-22 21:19:00+00:00,1.15,526.6,165474
2026-01-22 21:20:00+00:00,1.15,521.4,159700
2026-01-22 21:21:00+00:00,1.20,523.3,159801
2026-01-22 21:22:00+00:00,1.20,526.6,173860
2026-01-22 21:23:00+00:00,1.19,527.8,182271
2026-01-22 21:24:00+00:00,1.32,524.9,187324
2026-01-22 21:25:00+00:00,1.31,526.5,174736
2026-01-22 21:26:00+00:00,1.11,522.8,166055
2026-01-22 21:27:00+00:00,1.03,518.5,166433
2026-01-22 21:28:00+00:00,1.01,517.9,166240
2026-01-22 21:29:00+00:00,1.00,517.1,157365
2026-01-22 21:30:00+00:00,1.05,520.2,143265
2026-01-22 21:31:00+00:00,1.13,521.9,154998
2026-01-22 21:32:00+00:00,1.17,522.0,149896
2026-01-22 21:33:00+00:00,1.40,520.6,145859
2026-01-22 21:34:00+00:00,1.59,521.5,140412
2026-01-22 21:35:00+00:00,1.69,524.1,129274
2026-01-22 21:36:00+00:00,1.80,524.0,127371
2026-01-22 21:37:00+00:00,1.76,522.0,122923
2026-01-22 21:38:00+00:00,1.81,519.6,118465
2026-01-22 21:39:00+00:00,1.68,522.9,115357
2026-01-22 21:40:00+00:00,1.82,524.0,123317
2026-01-22 21:41:00+00:00,1.73,523.4,129077
2026-01-22 21:42:00+00:00,1.69,523.5,129273
2026-01-22 21:43:00+00:00,1.75,522.7,118446
2026-01-22 21:44:00+00:00,2.14,523.7,117885
2026-01-22 21:45:00+00:00,1.97,525.0,116472
2026-01-22 21:46:00+00:00,1.86,524.1,125972
2026-01-22 21:47:00+00:00,1.93,526.2,140587
2026-01-22 21:50:00+00:00,1.66,528.8,142719
2026-01-22 21:51:00+00:00,1.74,527.5,146204
2026-01-22 21:52:00+00:00,1.86,525.5,146824
2026-01-22 21:53:00+00:00,1.89,526.2,137108
2026-01-22 21:54:00+00:00,1.86,527.7,133052
2026-01-22 21:55:00+00:00,1.86,525.1,127001
2026-01-22 21:56:00+00:00,1.97,520.6,156379
2026-01-22 21:57:00+00:00,1.97,519.0,143377
2026-01-22 21:58:00+00:00,1.96,518.7,154769
2026-01-22 22:02:00+00:00,0.72,507.2,119655
2026-01-22 22:03:00+00:00,0.85,510.8,106252
2026-01-22 22:04:00+00:00,0.70,516.5,115480
2026-01-22 22:05:00+00:00,0.51,518.7,131292
2026-01-22 22:06:00+00:00,0.43,516.5,134508
2026-01-22 22:07:00+00:00,0.42,513.6,146826
2026-01-22 22:08:00+00:00,0.48,512.0,160169
2026-01-22 22:09:00+00:00,0.51,511.7,147518
2026-01-22 22:10:00+00:00,0.42,513.2,145183
2026-01-22 22:11:00+00:00,0.40,511.6,112762
2026-01-22 22:12:00+00:00,0.37,514.3,116622
2026-01-22 22:13:00+00:00,0.43,517.3,103103
2026-01-22 22:14:00+00:00,0.36,514.5,101916
2026-01-22 22:15:00+00:00,0.43,517.3,110670
2026-01-22 22:16:00+00:00,0.39,515.1,93139
2026-01-22 22:17:00+00:00,0.43,510.5,87970
2026-01-22 22:18:00+00:00,0.38,509.9,102503
2026-01-22 22:19:00+00:00,0.38,506.8,97217
2026-01-22 22:20:00+00:00,0.37,510.4,93596
2026-01-22 22:24:00+00:00,0.06,478.2,29941
2026-01-22 22:25:00+00:00,0.08,479.7,39479
2026-01-22 22:26:00+00:00,0.13,485.9,66207
2026-01-22 22:27:00+00:00,0.17,495.4,70194
2026-01-22 22:28:00+00:00,0.43,501.5,82381
2026-01-22 22:29:00+00:00,0.20,514.3,71590
2026-01-22 22:30:00+00:00,0.08,490.4,112477
2026-01-22 22:31:00+00:00,0.09,498.6,62168
2026-01-22 22:32:00+00:00,0.17,510.3,67630
2026-01-22 22:33:00+00:00,0.29,512.9,57005
2026-01-22 22:34:00+00:00,0.30,509.7,46802
2026-01-22 22:35:00+00:00,0.18,507.2,69349
2026-01-22 22:36:00+00:00,0.09,507.1,93810
2026-01-22 22:37:00+00:00,0.09,510.0,75971
2026-01-22 22:38:00+00:00,0.09,509.5,81024
2026-01-22 22:39:00+00:00,0.08,504.8,120740
2026-01-22 22:40:00+00:00,0.15,504.9,117895
2026-01-22 22:41:00+00:00,0.29,511.1,79585
2026-01-22 22:42:00+00:00,0.32,511.9,66321
2026-01-22 22:43:00+00:00,0.21,504.0,103654
2026-01-22 22:44:00+00:00,0.07,497.7,109709
2026-01-22 22:45:00+00:00,0.33,515.3,49153
2026-01-22 22:46:00+00:00,0.08,516.3,142635
2026-01-22 22:47:00+00:00,0.05,511.4,194773
2026-01-22 22:48:00+00:00,0.04,491.7,101106
2026-01-22 22:49:00+00:00,0.16,507.5,82459
2026-01-22 22:50:00+00:00,0.19,512.2,81544
2026-01-22 22:51:00+00:00,0.04,503.8,140081
2026-01-22 22:52:00+00:00,0.11,510.0,104105
2026-01-22 22:53:00+00:00,0.09,506.5,107278
2026-01-22 22:54:00+00:00,0.26,505.4,101551
2026-01-22 22:55:00+00:00,0.52,511.7,67849
2026-01-22 22:56:00+00:00,0.06,510.3,137377
2026-01-22 22:57:00+00:00,0.05,506.2,129996
2026-01-22 22:58:00+00:00,0.06,499.3,103502
2026-01-22 22:59:00+00:00,0.13,516.4,76859
2026-01-22 23:00:00+00:00,0.20,513.3,66789
2026-01-22 23:01:00+00:00,0.19,512.4,95210
2026-01-22 23:02:00+00:00,0.05,505.2,134408
2026-01-22 23:03:00+00:00,0.07,516.7,110261
2026-01-22 23:04:00+00:00,0.06,510.0,121784
2026-01-22 23:05:00+00:00,0.23,517.7,88063
2026-01-22 23:06:00+00:00,0.37,515.6,59962
2026-01-22 23:07:00+00:00,0.24,511.1,48989
2026-01-22 23:08:00+00:00,0.15,509.7,71896
2026-01-22 23:09:00+00:00,0.26,511.5,70748
2026-01-22 23:10:00+00:00,0.32,509.4,68675
2026-01-22 23:11:00+00:00,0.25,510.3,80754
2026-01-22 23:12:00+00:00,0.28,515.1,69428
2026-01-22 23:13:00+00:00,0.36,511.1,57160
2026-01-22 23:14:00+00:00,0.34,513.5,58786
2026-01-22 23:15:00+00:00,0.34,509.6,62483
2026-01-22 23:16:00+00:00,0.23,509.2,76763
2026-01-22 23:17:00+00:00,0.26,510.0,65083
2026-01-22 23:18:00+00:00,0.27,505.4,67052
2026-01-22 23:19:00+00:00,0.18,507.7,89107
2026-01-22 23:20:00+00:00,0.22,515.5,85984
2026-01-22 23:21:00+00:00,0.08,504.3,148232
2026-01-22 23:22:00+00:00,0.21,510.9,101849
2026-01-22 23:23:00+00:00,0.13,505.6,142165
2026-01-22 23:24:00+00:00,0.09,503.8,146568
2026-01-22 23:25:00+00:00,0.09,508.6,135295
2026-01-22 23:26:00+00:00,0.15,510.7,115337
2026-01-22 23:27:00+00:00,0.22,510.7,91463
2026-01-22 23:28:00+00:00,0.19,511.6,100009
2026-01-22 23:29:00+00:00,0.04,483.7,122052
2026-01-22 23:30:00+00:00,0.05,486.7,131126
2026-01-22 23:31:00+00:00,0.07,495.7,154523
2026-01-22 23:32:00+00:00,0.05,478.1,76357
2026-01-22 23:33:00+00:00,0.09,508.5,155921
2026-01-22 23:34:00+00:00,0.08,513.1,137277
2026-01-22 23:35:00+00:00,0.07,518.5,212567
2026-01-22 23:36:00+00:00,0.25,510.4,119793
2026-01-22 23:37:00+00:00,0.10,506.4,296325
2026-01-22 23:38:00+00:00,0.16,534.1,353398
2026-01-22 23:39:00+00:00,0.11,520.9,221259
2026-01-22 23:40:00+00:00,0.32,503.2,122303
2026-01-22 23:41:00+00:00,0.37,504.9,107123
2026-01-22 23:42:00+00:00,0.17,515.4,154481
2026-01-22 23:43:00+00:00,0.09,514.5,173030
2026-01-22 23:44:00+00:00,0.10,505.1,178894
2026-01-22 23:45:00+00:00,0.06,493.9,208968
2026-01-22 23:46:00+00:00,0.10,467.2,33927
2026-01-22 23:47:00+00:00,0.12,515.4,116342
2026-01-22 23:48:00+00:00,0.19,516.1,91472
2026-01-22 23:49:00+00:00,0.27,515.1,78075
2026-01-22 23:50:00+00:00,0.05,501.6,252470
2026-01-22 23:51:00+00:00,0.07,495.9,207482
2026-01-22 23:52:00+00:00,0.04,497.2,267767
2026-01-22 23:53:00+00:00,0.04,501.2,314867
2026-01-22 23:54:00+00:00,0.07,521.9,224333
2026-01-22 23:55:00+00:00,0.05,501.0,252891
2026-01-22 23:56:00+00:00,0.05,496.7,279528
2026-01-22 23:57:00+00:00,0.05,501.9,255575
2026-01-22 23:58:00+00:00,0.08,513.3,376608
2026-01-22 23:59:00+00:00,0.10,518.4,389590
2026-01-23 00:00:00+00:00,0.04,490.9,127104
2026-01-23 00:01:00+00:00,0.02,463.4,38415
2026-01-23 00:02:00+00:00,0.02,462.4,40035
2026-01-23 00:03:00+00:00,0.03,467.7,65288
2026-01-23 00:04:00+00:00,0.05,501.7,230401
2026-01-23 00:05:00+00:00,0.04,492.8,243958
2026-01-23 00:06:00+00:00,0.03,494.2,302370
2026-01-23 00:07:00+00:00,0.13,501.5,114064
2026-01-23 00:08:00+00:00,0.04,449.9,23302
2026-01-23 00:09:00+00:00,0.03,450.4,42151
2026-01-23 00:10:00+00:00,0.07,504.8,160037
2026-01-23 00:11:00+00:00,0.05,501.2,312168
2026-01-23 00:12:00+00:00,0.04,503.6,311925
2026-01-23 00:13:00+00:00,0.03,474.3,142959
2026-01-23 00:14:00+00:00,0.03,472.2,158773
2026-01-23 00:15:00+00:00,0.04,509.8,285087
2026-01-23 00:16:00+00:00,0.03,510.0,263686
2026-01-23 00:17:00+00:00,0.03,503.3,271496
2026-01-23 00:18:00+00:00,0.04,501.4,200454
2026-01-23 00:19:00+00:00,0.09,517.0,127285
2026-01-23 00:20:00+00:00,0.07,512.1,139255
2026-01-23 00:21:00+00:00,0.07,509.2,146007
2026-01-23 00:22:00+00:00,0.02,451.1,32011
2026-01-23 00:23:00+00:00,0.04,506.5,218962
2026-01-23 00:24:00+00:00,0.12,509.8,123264
2026-01-23 00:25:00+00:00,0.08,510.5,154680
2026-01-23 00:26:00+00:00,0.06,503.8,221274
2026-01-23 00:27:00+00:00,0.04,506.5,311373
2026-01-23 00:28:00+00:00,0.03,524.1,509655
2026-01-23 00:29:00+00:00,0.05,529.7,439037
2026-01-23 00:30:00+00:00,0.06,520.2,292708
2026-01-23 00:31:00+00:00,0.03,483.9,190015
2026-01-23 00:32:00+00:00,0.01,441.7,22768
2026-01-23 00:33:00+00:00,0.02,460.2,72385
2026-01-23 00:34:00+00:00,0.03,496.8,181226
2026-01-23 00:35:00+00:00,0.04,520.3,267506
2026-01-23 00:36:00+00:00,0.04,516.5,253005
2026-01-23 00:37:00+00:00,0.02,463.7,49989
2026-01-23 00:38:00+00:00,0.04,513.2,160588
2026-01-23 00:39:00+00:00,0.06,513.3,151926
2026-01-23 00:40:00+00:00,0.09,513.7,129264
2026-01-23 00:41:00+00:00,0.04,504.6,229712
2026-01-23 00:42:00+00:00,0.03,501.8,224144
2026-01-23 00:43:00+00:00,0.05,504.3,171666
2026-01-23 00:44:00+00:00,0.08,502.9,124978
2026-01-23 00:45:00+00:00,0.08,505.4,129590
2026-01-23 00:46:00+00:00,0.09,511.4,122285
2026-01-23 00:47:00+00:00,0.16,510.9,92702
2026-01-23 00:48:00+00:00,0.17,505.4,127030
2026-01-23 00:49:00+00:00,0.09,503.5,166208
2026-01-23 00:50:00+00:00,0.14,502.5,116572
2026-01-23 00:51:00+00:00,0.06,503.2,203394
2026-01-23 00:52:00+00:00,0.12,509.7,128089
2026-01-23 00:53:00+00:00,0.05,491.8,117961
2026-01-23 00:54:00+00:00,0.11,508.9,96141
2026-01-23 00:55:00+00:00,0.13,510.8,105665
2026-01-23 00:56:00+00:00,0.06,498.4,157131
2026-01-23 00:57:00+00:00,0.13,503.1,105059
2026-01-23 00:58:00+00:00,0.17,506.2,78387
2026-01-23 00:59:00+00:00,0.09,503.9,151402
2026-01-23 01:00:00+00:00,0.09,514.6,158190
2026-01-23 01:01:00+00:00,0.08,503.2,119487
2026-01-23 01:02:00+00:00,0.07,497.2,133158
2026-01-23 01:03:00+00:00,0.15,509.7,141694
2026-01-23 01:04:00+00:00,0.19,509.5,111010
2026-01-23 01:05:00+00:00,0.11,510.3,146361
2026-01-23 01:06:00+00:00,0.09,512.5,184107
2026-01-23 01:07:00+00:00,0.25,506.9,81684
2026-01-23 01:08:00+00:00,0.15,498.4,121903
2026-01-23 01:09:00+00:00,0.15,498.4,121903
2026-01-23 01:10:00+00:00,0.06,499.1,199591
2026-01-23 01:11:00+00:00,0.24,504.6,75412
2026-01-23 01:12:00+00:00,0.17,504.8,108191
2026-01-23 01:13:00+00:00,0.19,506.3,81827
2026-01-23 01:14:00+00:00,0.09,503.6,188317
2026-01-23 01:15:00+00:00,0.08,503.5,176508
2026-01-23 01:16:00+00:00,0.06,505.9,226924
2026-01-23 01:17:00+00:00,0.11,504.2,179015
2026-01-23 01:18:00+00:00,0.11,503.3,157349
2026-01-23 01:19:00+00:00,0.11,505.1,174659
2026-01-23 01:20:00+00:00,0.23,505.8,86059
2026-01-23 01:21:00+00:00,0.25,506.8,82487
2026-01-23 01:22:00+00:00,0.20,504.9,103149
2026-01-23 01:23:00+00:00,0.09,500.7,155342
2026-01-23 01:24:00+00:00,0.20,501.8,84338
2026-01-23 01:25:00+00:00,0.12,501.6,92785
2026-01-23 01:26:00+00:00,0.10,504.2,158683
2026-01-23 01:27:00+00:00,0.29,507.0,100618
2026-01-23 01:28:00+00:00,0.15,511.6,165207
2026-01-23 01:29:00+00:00,0.32,511.5,101759
2026-01-23 01:30:00+00:00,0.30,510.2,89563
2026-01-23 01:31:00+00:00,0.28,511.7,109229
2026-01-23 01:32:00+00:00,0.23,509.7,107169
2026-01-23 01:33:00+00:00,0.17,505.3,104463
2026-01-23 01:34:00+00:00,0.11,482.5,66458
2026-01-23 01:35:00+00:00,0.12,479.3,61303
2026-01-23 01:36:00+00:00,0.25,507.9,111657
2026-01-23 01:37:00+00:00,0.29,505.2,94204
2026-01-23 01:38:00+00:00,0.23,510.0,119284
2026-01-23 01:39:00+00:00,0.21,505.8,115318
2026-01-23 01:40:00+00:00,0.17,512.5,155913
2026-01-23 01:42:00+00:00,0.21,500.2,118803
2026-01-23 01:43:00+00:00,0.18,502.5,112747
2026-01-23 01:44:00+00:00,0.19,501.0,105169
2026-01-23 01:45:00+00:00,0.18,498.1,94712
2026-01-23 01:46:00+00:00,0.23,500.9,105003
2026-01-23 01:47:00+00:00,0.20,519.9,192948
2026-01-23 01:48:00+00:00,0.33,517.5,163775
2026-01-23 01:49:00+00:00,0.27,508.4,157353
2026-01-23 01:50:00+00:00,0.13,505.8,204691
2026-01-23 01:51:00+00:00,0.18,506.2,179113
2026-01-23 01:52:00+00:00,0.27,508.3,131132
2026-01-23 01:53:00+00:00,0.21,504.9,170136
2026-01-23 01:54:00+00:00,0.25,500.4,206311
2026-01-23 01:55:00+00:00,0.67,508.7,144960
2026-01-23 01:56:00+00:00,0.94,503.3,117518
2026-01-23 01:57:00+00:00,1.27,502.3,101131
2026-01-23 01:58:00+00:00,0.59,500.9,141766
2026-01-23 01:59:00+00:00,1.38,502.8,111174
2026-01-23 02:00:00+00:00,1.38,502.0,102764
2026-01-23 02:01:00+00:00,0.74,509.7,164940
2026-01-23 02:02:00+00:00,0.40,500.0,163418
2026-01-23 02:03:00+00:00,0.29,501.4,149787
2026-01-23 02:04:00+00:00,0.44,504.1,149411
2026-01-23 02:05:00+00:00,0.49,502.8,147073
2026-01-23 02:06:00+00:00,0.97,502.0,119320
2026-01-23 02:07:00+00:00,1.82,501.2,90274
2026-01-23 02:08:00+00:00,1.58,497.3,111242
2026-01-23 02:09:00+00:00,0.37,494.7,162275
2026-01-23 02:10:00+00:00,0.31,499.7,164695
2026-01-23 02:11:00+00:00,0.37,499.0,135841
2026-01-23 02:12:00+00:00,0.40,492.8,138187
2026-01-23 02:13:00+00:00,0.73,505.3,159443
2026-01-23 02:15:00+00:00,0.66,495.7,163497
2026-01-23 02:16:00+00:00,0.46,495.6,174576
2026-01-23 02:17:00+00:00,0.48,496.7,171689
2026-01-23 02:18:00+00:00,0.49,494.2,171552
2026-01-23 02:19:00+00:00,0.57,494.9,158587
2026-01-23 02:20:00+00:00,0.59,495.1,148547
2026-01-23 02:21:00+00:00,0.54,496.0,146722
2026-01-23 02:22:00+00:00,0.57,497.1,142819
2026-01-23 02:23:00+00:00,0.59,498.4,140372
2026-01-23 02:24:00+00:00,0.50,498.9,145195
2026-01-23 02:25:00+00:00,0.48,496.7,144686
2026-01-23 02:26:00+00:00,0.52,497.4,132760
2026-01-23 02:27:00+00:00,0.70,495.0,126340
2026-01-23 02:28:00+00:00,0.37,500.2,188038
2026-01-23 02:29:00+00:00,0.50,489.8,141721
2026-01-23 02:30:00+00:00,0.38,495.7,155053
2026-01-23 02:31:00+00:00,0.46,492.6,188407
2026-01-23 02:32:00+00:00,0.49,501.4,161833
2026-01-23 02:33:00+00:00,0.49,501.1,174371
2026-01-23 02:34:00+00:00,0.56,498.4,152795
2026-01-23 02:35:00+00:00,0.65,496.9,171199
2026-01-23 02:36:00+00:00,0.59,502.1,165711
2026-01-23 02:37:00+00:00,0.58,508.8,169788
2026-01-23 02:38:00+00:00,0.48,506.6,179625
2026-01-23 02:39:00+00:00,0.42,503.0,167793
2026-01-23 02:40:00+00:00,0.51,507.7,164106
2026-01-23 02:41:00+00:00,0.39,514.1,198998
2026-01-23 02:42:00+00:00,0.31,517.7,251347
2026-01-23 02:43:00+00:00,0.26,500.8,194898
2026-01-23 02:44:00+00:00,0.32,505.2,189402
2026-01-23 02:45:00+00:00,0.38,525.4,230077
2026-01-23 02:46:00+00:00,0.45,514.0,202179
2026-01-23 02:47:00+00:00,0.45,514.0,202179
2026-01-23 02:48:00+00:00,0.43,506.5,225826
2026-01-23 02:49:00+00:00,0.60,504.4,188821
2026-01-23 02:50:00+00:00,0.62,504.4,170324
2026-01-23 02:51:00+00:00,0.49,500.7,160401
2026-01-23 02:52:00+00:00,0.39,495.1,167513
2026-01-23 02:53:00+00:00,0.38,505.4,231418
2026-01-23 02:54:00+00:00,0.42,517.3,275495
2026-01-23 02:55:00+00:00,0.41,518.8,254042
2026-01-23 02:56:00+00:00,0.38,512.7,212180
2026-01-23 02:57:00+00:00,0.38,502.7,192350
2026-01-23 02:58:00+00:00,0.77,512.4,214949
2026-01-23 02:59:00+00:00,2.18,506.4,96420
2026-01-23 03:00:00+00:00,2.05,498.2,120737
2026-01-23 03:01:00+00:00,1.74,495.6,118525
2026-01-23 03:02:00+00:00,1.75,496.2,127575
2026-01-23 03:03:00+00:00,1.60,493.7,118532
2026-01-23 03:04:00+00:00,1.39,489.4,122011
2026-01-23 03:05:00+00:00,1.42,490.7,131118
2026-01-23 03:06:00+00:00,0.69,490.3,160102
2026-01-23 03:07:00+00:00,0.44,499.7,183304
2026-01-23 03:08:00+00:00,0.45,499.8,183660
2026-01-23 03:09:00+00:00,0.42,497.1,170834
2026-01-23 03:10:00+00:00,0.41,501.0,185154
2026-01-23 03:11:00+00:00,0.60,500.6,184244
2026-01-23 03:12:00+00:00,0.74,497.9,165735
2026-01-23 03:13:00+00:00,0.51,505.9,205578
2026-01-23 03:14:00+00:00,0.45,504.7,199848
2026-01-23 03:15:00+00:00,0.49,495.4,178523
2026-01-23 03:16:00+00:00,0.98,493.7,148483
2026-01-23 03:17:00+00:00,0.33,508.3,308360
2026-01-23 03:18:00+00:00,0.42,518.9,261924
2026-01-23 03:19:00+00:00,0.70,504.1,257537
2026-01-23 03:20:00+00:00,0.72,503.1,257224
2026-01-23 03:21:00+00:00,0.59,501.5,279086
2026-01-23 03:22:00+00:00,0.99,492.2,188213
2026-01-23 03:23:00+00:00,1.49,501.7,183953
2026-01-23 03:24:00+00:00,1.70,505.8,186253
2026-01-23 03:25:00+00:00,1.78,505.1,167383
2026-01-23 03:26:00+00:00,1.83,507.2,160312
2026-01-23 03:27:00+00:00,1.72,506.4,171628
2026-01-23 03:28:00+00:00,1.58,504.7,182183
2026-01-23 03:29:00+00:00,1.62,508.1,176071
2026-01-23 03:30:00+00:00,1.60,508.1,182146
2026-01-23 03:31:00+00:00,1.06,506.3,219455
2026-01-23 03:32:00+00:00,0.98,507.0,198618
2026-01-23 03:33:00+00:00,0.87,506.7,186599
2026-01-23 03:34:00+00:00,1.28,503.8,184126
2026-01-23 03:35:00+00:00,1.37,505.9,195819
2026-01-23 03:36:00+00:00,0.61,501.1,193191
2026-01-23 03:37:00+00:00,0.86,508.1,211747
2026-01-23 03:38:00+00:00,1.46,512.7,204858
2026-01-23 03:39:00+00:00,1.80,507.4,188626
2026-01-23 03:40:00+00:00,1.58,504.5,190767
2026-01-23 03:41:00+00:00,1.41,504.9,189002
2026-01-23 03:42:00+00:00,1.30,501.7,170748
2026-01-23 03:43:00+00:00,0.98,499.1,171941
2026-01-23 03:44:00+00:00,0.84,499.9,203976
2026-01-23 03:45:00+00:00,1.09,498.6,220733
2026-01-23 03:46:00+00:00,1.24,505.3,213857
2026-01-23 03:47:00+00:00,1.63,515.8,222072
2026-01-23 03:48:00+00:00,1.58,511.4,257762
2026-01-23 03:49:00+00:00,1.39,510.3,227547
2026-01-23 03:50:00+00:00,1.08,520.3,275214
2026-01-23 03:51:00+00:00,1.16,511.1,219575
2026-01-23 03:52:00+00:00,1.20,510.3,243258
2026-01-23 03:53:00+00:00,1.21,510.3,247513
2026-01-23 03:54:00+00:00,1.26,520.1,229283
2026-01-23 03:55:00+00:00,1.37,516.7,220469
2026-01-23 03:56:00+00:00,1.42,513.4,200335
2026-01-23 03:57:00+00:00,1.55,510.7,223498
2026-01-23 03:58:00+00:00,1.78,504.1,269037
2026-01-23 04:00:00+00:00,1.36,508.6,188752
2026-01-23 04:01:00+00:00,1.40,509.1,197962
2026-01-23 04:02:00+00:00,1.42,508.0,210576
2026-01-23 04:03:00+00:00,1.08,499.7,164329
2026-01-23 04:04:00+00:00,1.16,505.9,203335
2026-01-23 04:05:00+00:00,0.45,523.7,330557
2026-01-23 04:06:00+00:00,1.49,508.4,189726
2026-01-23 04:07:00+00:00,1.44,513.9,182211
2026-01-23 04:08:00+00:00,1.51,515.0,213389
2026-01-23 04:09:00+00:00,1.47,510.6,231706
2026-01-23 04:10:00+00:00,1.45,510.6,258452
2026-01-23 04:11:00+00:00,1.39,512.4,255972
2026-01-23 04:12:00+00:00,1.39,510.3,265391
2026-01-23 04:13:00+00:00,1.34,507.6,271574
2026-01-23 04:14:00+00:00,1.33,509.2,270699
2026-01-23 04:15:00+00:00,1.24,516.4,271432
2026-01-23 04:16:00+00:00,1.11,522.0,268885
2026-01-23 04:17:00+00:00,1.33,517.6,276310
2026-01-23 04:18:00+00:00,1.35,513.9,285522
2026-01-23 04:19:00+00:00,1.19,521.3,248263
2026-01-23 04:20:00+00:00,1.17,500.8,231346
2026-01-23 04:21:00+00:00,0.82,511.4,289747
2026-01-23 04:22:00+00:00,1.13,497.3,181100
2026-01-23 04:23:00+00:00,1.40,492.6,201558
2026-01-23 04:24:00+00:00,1.28,491.9,187617
2026-01-23 04:25:00+00:00,1.27,491.7,190890
2026-01-23 04:26:00+00:00,1.27,491.6,192301
2026-01-23 04:27:00+00:00,1.74,517.3,225458
2026-01-23 04:28:00+00:00,1.75,516.5,217709
2026-01-23 04:29:00+00:00,1.62,518.6,196286
2026-01-23 04:30:00+00:00,1.59,519.6,198894
2026-01-23 04:31:00+00:00,1.62,518.3,210657
2026-01-23 04:32:00+00:00,1.52,518.2,188752
2026-01-23 04:33:00+00:00,1.53,516.4,173294
2026-01-23 04:34:00+00:00,1.66,515.1,195510
2026-01-23 04:35:00+00:00,1.90,518.7,224584
2026-01-23 04:36:00+00:00,1.37,526.6,259225
2026-01-23 04:37:00+00:00,1.54,521.3,246275
2026-01-23 04:38:00+00:00,1.38,518.7,242273
2026-01-23 04:39:00+00:00,1.24,529.7,216251
2026-01-23 04:40:00+00:00,1.54,521.9,243225
2026-01-23 04:41:00+00:00,1.57,519.9,239855
2026-01-23 04:42:00+00:00,1.43,518.5,234673
2026-01-23 04:43:00+00:00,1.67,512.3,217350
2026-01-23 04:44:00+00:00,1.78,509.5,202132
2026-01-23 04:45:00+00:00,1.72,510.7,194934
2026-01-23 04:46:00+00:00,1.73,509.1,199885
2026-01-23 04:47:00+00:00,1.71,510.2,206886
2026-01-23 04:48:00+00:00,1.58,516.7,211557
2026-01-23 04:49:00+00:00,1.61,516.0,218478
2026-01-23 04:50:00+00:00,1.73,513.4,202346
2026-01-23 04:51:00+00:00,1.84,512.8,203412
2026-01-23 04:52:00+00:00,2.05,512.7,222552
2026-01-23 04:53:00+00:00,2.09,511.6,229499
2026-01-23 04:54:00+00:00,2.29,507.2,236392
2026-01-23 04:55:00+00:00,2.29,504.1,230177
2026-01-23 04:56:00+00:00,2.27,509.0,248170
2026-01-23 04:57:00+00:00,2.03,513.7,250114
2026-01-23 04:58:00+00:00,2.15,516.4,280415
2026-01-23 04:59:00+00:00,2.21,517.0,291514
2026-01-23 05:00:00+00:00,2.72,504.3,205357
2026-01-23 05:01:00+00:00,2.66,503.4,196366
2026-01-23 05:02:00+00:00,2.93,501.5,187257
2026-01-23 05:03:00+00:00,3.39,503.2,180651
2026-01-23 05:04:00+00:00,3.54,509.9,173848
2026-01-23 05:05:00+00:00,3.27,512.7,201062
2026-01-23 05:06:00+00:00,2.59,506.3,258600
2026-01-23 05:07:00+00:00,2.93,503.6,209641
2026-01-23 05:08:00+00:00,2.90,512.1,204941
2026-01-23 05:09:00+00:00,2.57,502.3,253729
2026-01-23 05:10:00+00:00,2.30,509.3,288359
2026-01-23 05:11:00+00:00,2.88,504.1,268141
2026-01-23 05:12:00+00:00,3.20,507.4,226769
2026-01-23 05:13:00+00:00,3.41,510.8,197110
2026-01-23 05:14:00+00:00,4.38,517.8,192244
2026-01-23 05:15:00+00:00,3.86,514.5,205893
2026-01-23 05:16:00+00:00,3.65,511.2,202134
2026-01-23 05:17:00+00:00,3.43,510.2,196828
2026-01-23 05:18:00+00:00,3.27,509.6,203163
2026-01-23 05:19:00+00:00,3.36,513.8,197479
2026-01-23 05:20:00+00:00,3.34,515.7,191983
2026-01-23 05:21:00+00:00,3.37,507.4,215027
2026-01-23 05:22:00+00:00,2.94,508.0,217595
2026-01-23 05:23:00+00:00,2.98,507.5,226388
2026-01-23 05:24:00+00:00,3.12,509.7,224546
2026-01-23 05:25:00+00:00,3.69,517.8,185593
2026-01-23 05:26:00+00:00,2.88,512.1,230410
2026-01-23 05:27:00+00:00,3.91,516.3,202823
2026-01-23 05:28:00+00:00,3.69,526.9,199144
2026-01-23 05:29:00+00:00,2.25,523.3,257895
2026-01-23 05:30:00+00:00,2.88,517.3,259192
2026-01-23 05:31:00+00:00,3.11,513.3,242380
2026-01-23 05:32:00+00:00,3.05,512.1,236421
2026-01-23 05:33:00+00:00,2.66,508.3,252514
2026-01-23 05:34:00+00:00,2.75,508.4,271580
2026-01-23 05:35:00+00:00,2.78,509.7,292337
2026-01-23 05:36:00+00:00,2.66,510.3,283996
2026-01-23 05:37:00+00:00,2.61,509.3,284426
2026-01-23 05:38:00+00:00,2.50,511.4,317861
2026-01-23 05:39:00+00:00,2.71,508.8,291609
2026-01-23 05:40:00+00:00,2.45,505.6,260593
2026-01-23 05:41:00+00:00,1.18,529.9,359760
2026-01-23 05:42:00+00:00,1.17,535.6,335416
2026-01-23 05:43:00+00:00,1.91,517.6,355229
2026-01-23 05:44:00+00:00,2.33,510.8,292619
2026-01-23 05:45:00+00:00,2.26,513.7,291387
2026-01-23 05:46:00+00:00,2.38,513.8,287662
2026-01-23 05:47:00+00:00,1.93,522.2,338157
2026-01-23 05:48:00+00:00,2.37,518.6,296464
2026-01-23 05:49:00+00:00,2.79,513.5,244709
2026-01-23 05:50:00+00:00,2.88,513.0,218833
2026-01-23 05:51:00+00:00,2.98,511.3,203423
2026-01-23 05:52:00+00:00,2.84,510.9,223438
2026-01-23 05:53:00+00:00,2.69,513.3,248545
2026-01-23 05:54:00+00:00,2.69,513.4,271068
2026-01-23 05:55:00+00:00,2.49,511.7,268140
2026-01-23 05:56:00+00:00,2.42,510.1,258616
2026-01-23 05:57:00+00:00,2.14,510.5,261375
2026-01-23 05:58:00+00:00,2.12,517.0,270576
2026-01-23 05:59:00+00:00,2.17,518.3,267493
2026-01-23 06:00:00+00:00,1.90,513.5,280466
2026-01-23 06:01:00+00:00,3.12,529.4,212952
2026-01-23 06:02:00+00:00,3.40,521.9,200422
2026-01-23 06:03:00+00:00,3.12,512.0,198654
2026-01-23 06:04:00+00:00,2.66,513.9,207179
2026-01-23 06:05:00+00:00,2.44,517.0,214040
2026-01-23 06:06:00+00:00,0.55,505.5,251470
2026-01-23 06:07:00+00:00,0.54,513.4,250517
2026-01-23 06:08:00+00:00,0.66,533.6,261372
2026-01-23 06:09:00+00:00,1.10,546.1,281408
2026-01-23 06:10:00+00:00,1.53,534.6,271343
2026-01-23 06:11:00+00:00,1.51,536.6,291768
2026-01-23 06:12:00+00:00,0.97,542.6,357726
2026-01-23 06:13:00+00:00,0.93,549.1,295642
2026-01-23 06:14:00+00:00,0.83,542.4,301689
2026-01-23 06:15:00+00:00,1.20,553.3,294804
2026-01-23 06:16:00+00:00,1.47,541.3,297653
2026-01-23 06:17:00+00:00,1.67,536.3,324823
2026-01-23 06:18:00+00:00,1.54,536.6,300644
2026-01-23 06:19:00+00:00,2.32,534.6,247303
2026-01-23 06:20:00+00:00,1.56,536.7,318918
2026-01-23 06:21:00+00:00,1.11,536.1,308540
2026-01-23 06:22:00+00:00,0.98,529.4,250121
2026-01-23 06:23:00+00:00,0.54,535.2,260326
2026-01-23 06:24:00+00:00,1.02,544.0,267966
2026-01-23 06:25:00+00:00,1.89,528.8,266974
2026-01-23 06:26:00+00:00,2.01,526.3,252420
2026-01-23 06:27:00+00:00,1.97,525.0,217422
2026-01-23 06:28:00+00:00,1.95,526.5,233026
2026-01-23 06:29:00+00:00,1.57,514.3,189699
2026-01-23 06:30:00+00:00,1.47,503.6,158100
2026-01-23 06:31:00+00:00,1.35,532.5,242259
2026-01-23 06:32:00+00:00,1.32,533.7,247592
2026-01-23 06:33:00+00:00,1.89,524.8,220498
2026-01-23 06:34:00+00:00,2.11,517.9,207243
2026-01-23 06:35:00+00:00,2.14,519.0,203455
2026-01-23 06:36:00+00:00,1.90,521.4,216271
2026-01-23 06:37:00+00:00,1.77,524.0,221546
2026-01-23 06:38:00+00:00,1.80,525.7,218271
2026-01-23 06:39:00+00:00,1.75,523.0,200678
2026-01-23 06:40:00+00:00,1.72,522.7,205133
2026-01-23 06:41:00+00:00,1.70,521.9,217128
2026-01-23 06:42:00+00:00,1.68,523.2,229142
2026-01-23 06:43:00+00:00,1.49,527.1,240962
2026-01-23 06:44:00+00:00,2.14,520.7,237733
2026-01-23 06:45:00+00:00,0.63,537.5,402499
2026-01-23 06:46:00+00:00,1.34,524.7,255844
2026-01-23 06:47:00+00:00,1.51,523.1,252433
2026-01-23 06:48:00+00:00,1.40,529.1,267293
2026-01-23 06:49:00+00:00,1.44,523.5,217237
2026-01-23 06:50:00+00:00,1.41,524.2,217920
2026-01-23 06:51:00+00:00,1.44,526.6,234464
2026-01-23 06:52:00+00:00,1.41,524.7,217608
2026-01-23 06:53:00+00:00,1.24,520.2,222944
2026-01-23 06:54:00+00:00,0.80,520.1,251400
2026-01-23 06:55:00+00:00,0.41,524.6,255380
2026-01-23 06:56:00+00:00,0.51,532.3,243621
2026-01-23 06:57:00+00:00,0.88,539.3,251421
2026-01-23 06:58:00+00:00,1.49,527.5,251906
2026-01-23 06:59:00+00:00,2.71,518.1,175287
2026-01-23 07:00:00+00:00,2.54,517.6,163843
2026-01-23 07:01:00+00:00,2.71,510.4,196533
2026-01-23 07:02:00+00:00,2.44,513.3,238314
2026-01-23 07:03:00+00:00,2.82,513.9,235464
2026-01-23 07:04:00+00:00,2.17,520.5,255126
2026-01-23 07:05:00+00:00,2.11,517.6,217953
2026-01-23 07:06:00+00:00,2.13,512.8,187037
2026-01-23 07:07:00+00:00,2.31,509.6,183434
2026-01-23 07:08:00+00:00,2.06,515.0,228223
2026-01-23 07:09:00+00:00,1.98,516.3,239418
2026-01-23 07:10:00+00:00,1.73,514.7,216148
2026-01-23 07:11:00+00:00,1.29,515.9,206891
2026-01-23 07:12:00+00:00,2.39,514.6,182961
2026-01-23 07:13:00+00:00,2.11,516.2,201210
2026-01-23 07:14:00+00:00,1.49,520.3,241030
2026-01-23 07:15:00+00:00,2.06,518.3,207008
2026-01-23 07:16:00+00:00,1.68,516.8,254796
2026-01-23 07:17:00+00:00,1.62,512.4,246608
2026-01-23 08:48:00+00:00,1.32,560.5,180977
2026-01-23 08:49:00+00:00,1.31,559.4,179607
2026-01-23 08:50:00+00:00,1.29,556.6,175840
2026-01-23 08:51:00+00:00,1.30,566.3,166351
2026-01-23 08:52:00+00:00,1.29,566.0,166230
2026-01-23 08:53:00+00:00,1.15,562.2,164528
2026-01-23 08:54:00+00:00,1.16,570.5,196471
2026-01-23 08:55:00+00:00,1.18,560.1,232420
2026-01-23 08:56:00+00:00,0.63,576.4,203801
2026-01-23 08:57:00+00:00,0.67,570.2,225227
2026-01-23 08:58:00+00:00,1.09,563.3,221933
2026-01-23 08:59:00+00:00,1.24,563.8,209762
2026-01-23 09:00:00+00:00,1.31,557.9,167329
2026-01-23 09:01:00+00:00,1.29,557.6,206951
2026-01-23 09:02:00+00:00,1.52,560.5,220630
2026-01-23 09:03:00+00:00,1.86,561.4,177364
2026-01-23 09:04:00+00:00,1.89,564.2,186588
2026-01-23 09:08:00+00:00,0.69,589.6,121913
2026-01-23 09:09:00+00:00,0.69,589.6,121913
2026-01-23 09:10:00+00:00,0.56,569.2,92307
2026-01-23 09:11:00+00:00,0.29,560.0,145700
2026-01-23 09:12:00+00:00,0.72,568.0,181000
2026-01-23 09:13:00+00:00,0.90,567.8,192628
2026-01-23 09:14:00+00:00,1.02,566.1,185874
2026-01-23 09:15:00+00:00,1.00,568.0,177086
2026-01-23 09:16:00+00:00,1.20,562.7,185910
2026-01-23 09:17:00+00:00,1.24,561.7,192064
2026-01-23 09:18:00+00:00,1.12,565.9,181996
2026-01-23 09:19:00+00:00,0.97,569.1,190581
2026-01-23 09:20:00+00:00,0.91,568.3,211942
2026-01-23 09:21:00+00:00,1.18,564.1,183823
2026-01-23 09:22:00+00:00,1.16,572.2,142969
2026-01-23 09:23:00+00:00,0.94,571.4,149620
2026-01-23 09:24:00+00:00,1.13,562.3,191054
2026-01-23 09:25:00+00:00,1.13,562.3,191054
2026-01-23 09:26:00+00:00,1.24,564.4,136298
2026-01-23 09:27:00+00:00,1.35,559.4,222938
2026-01-23 09:28:00+00:00,1.40,562.6,163030
2026-01-23 09:29:00+00:00,1.74,565.3,204256
2026-01-23 09:30:00+00:00,1.69,567.4,194990
2026-01-23 09:31:00+00:00,1.74,571.4,168301
2026-01-23 09:32:00+00:00,2.05,580.6,176004
2026-01-23 09:33:00+00:00,1.56,584.2,208469
2026-01-23 09:34:00+00:00,1.34,578.2,209239
2026-01-23 09:35:00+00:00,2.35,576.1,198561
2026-01-23 09:36:00+00:00,3.19,580.9,197692
2026-01-23 09:37:00+00:00,2.95,579.3,159450
2026-01-23 09:38:00+00:00,2.59,574.8,152170
2026-01-23 09:39:00+00:00,2.53,564.4,200453
2026-01-23 09:40:00+00:00,2.15,566.5,146437
2026-01-23 09:41:00+00:00,2.69,563.5,186173
2026-01-23 09:42:00+00:00,1.87,566.3,192239
2026-01-23 09:43:00+00:00,2.41,558.6,175682
2026-01-23 09:44:00+00:00,2.29,562.9,168943
2026-01-23 09:45:00+00:00,2.27,573.2,160006
2026-01-23 09:46:00+00:00,2.10,567.1,163453
2026-01-23 09:47:00+00:00,1.91,568.7,173776
2026-01-23 09:48:00+00:00,1.28,562.5,184889
2026-01-23 09:49:00+00:00,1.13,559.3,176911
2026-01-23 09:50:00+00:00,1.28,554.4,154464
2026-01-23 09:51:00+00:00,1.47,548.8,211273
2026-01-23 09:52:00+00:00,2.04,553.0,260387
2026-01-23 09:53:00+00:00,2.50,563.7,153850
2026-01-23 09:54:00+00:00,2.67,593.7,177963
2026-01-23 09:55:00+00:00,2.85,600.5,211914
2026-01-23 09:56:00+00:00,3.78,534.4,148587
2026-01-23 09:58:00+00:00,2.01,552.8,207512
2026-01-23 09:59:00+00:00,1.99,546.0,262020
2026-01-23 10:02:00+00:00,1.85,501.3,76502
2026-01-23 10:03:00+00:00,1.87,510.1,115940
2026-01-23 10:04:00+00:00,2.25,534.0,236153
2026-01-23 10:05:00+00:00,2.28,536.5,282158
2026-01-23 10:06:00+00:00,2.02,526.5,252220
2026-01-23 10:07:00+00:00,1.80,515.5,219044
2026-01-23 10:08:00+00:00,1.12,485.7,134378
2026-01-23 10:09:00+00:00,0.70,480.9,98470
2026-01-23 10:10:00+00:00,2.13,551.4,305696
2026-01-23 10:11:00+00:00,2.17,560.9,302445
2026-01-23 10:12:00+00:00,2.48,525.9,156415
2026-01-23 10:13:00+00:00,2.90,566.0,197872
2026-01-23 10:14:00+00:00,2.90,587.5,227139
2026-01-23 10:15:00+00:00,2.60,552.8,179875
2026-01-23 10:16:00+00:00,2.64,606.2,209997
2026-01-23 10:17:00+00:00,2.74,593.1,198564
2026-01-23 10:18:00+00:00,2.84,602.3,232314
2026-01-23 10:19:00+00:00,2.61,561.3,184955
2026-01-23 10:20:00+00:00,1.92,549.9,173419
2026-01-23 10:21:00+00:00,1.26,556.7,221779
2026-01-23 10:22:00+00:00,1.00,559.9,256013
2026-01-23 10:23:00+00:00,1.22,551.1,227534
2026-01-23 10:24:00+00:00,2.03,552.8,196750
2026-01-23 10:25:00+00:00,2.75,591.1,213884
2026-01-23 10:26:00+00:00,2.14,582.1,170136
2026-01-23 10:27:00+00:00,2.14,594.5,174659
2026-01-23 10:28:00+00:00,2.25,556.4,120359
2026-01-23 10:29:00+00:00,2.33,576.3,138578
2026-01-23 10:31:00+00:00,2.28,530.8,107172
2026-01-23 10:32:00+00:00,1.98,582.9,147911
2026-01-23 10:33:00+00:00,2.11,575.5,145391
2026-01-23 10:34:00+00:00,2.15,576.7,157345
2026-01-23 10:35:00+00:00,1.95,549.5,122547
2026-01-23 10:36:00+00:00,2.16,576.1,164935
2026-01-23 10:37:00+00:00,2.27,580.1,174155
2026-01-23 10:38:00+00:00,2.43,568.6,208076
2026-01-23 10:39:00+00:00,2.28,556.8,200589
2026-01-23 10:40:00+00:00,1.79,548.6,129468
2026-01-23 10:41:00+00:00,2.11,590.7,200463
2026-01-23 10:42:00+00:00,1.99,566.1,136008
2026-01-23 10:43:00+00:00,2.03,554.3,138583
2026-01-23 10:44:00+00:00,2.82,565.9,206733
2026-01-23 10:45:00+00:00,1.47,545.1,77859
2026-01-23 10:46:00+00:00,2.34,579.7,146577
2026-01-23 10:47:00+00:00,2.08,567.5,128949
2026-01-23 10:48:00+00:00,2.25,578.3,165081
2026-01-23 10:49:00+00:00,2.54,581.8,176339
2026-01-23 10:50:00+00:00,2.63,576.4,170484
2026-01-23 10:51:00+00:00,2.73,579.7,163345
2026-01-23 10:52:00+00:00,2.57,602.0,197587
2026-01-23 10:53:00+00:00,2.56,596.9,204479
2026-01-23 10:54:00+00:00,2.65,578.2,173308
2026-01-23 10:55:00+00:00,2.59,577.9,144811
2026-01-23 10:56:00+00:00,2.52,580.2,131241
2026-01-23 10:57:00+00:00,2.34,575.7,138306
2026-01-23 10:58:00+00:00,1.96,566.7,141111
2026-01-23 10:59:00+00:00,1.99,548.9,129822
2026-01-23 11:00:00+00:00,2.70,600.6,213876
2026-01-23 11:01:00+00:00,2.63,555.0,163360
2026-01-23 11:02:00+00:00,2.55,559.3,123875
2026-01-23 11:03:00+00:00,2.55,559.3,123875
2026-01-23 11:04:00+00:00,4.04,588.2,284101
2026-01-23 11:05:00+00:00,2.80,558.7,167238
2026-01-23 11:06:00+00:00,2.29,550.7,118921
2026-01-23 11:07:00+00:00,2.33,551.6,109411
2026-01-23 11:08:00+00:00,2.64,560.4,154187
2026-01-23 11:09:00+00:00,2.61,563.0,160667
2026-01-23 11:10:00+00:00,2.14,545.1,111564
2026-01-23 11:11:00+00:00,2.26,539.1,122035
2026-01-23 11:12:00+00:00,3.08,555.5,179773
2026-01-23 11:13:00+00:00,3.20,549.2,169048
2026-01-23 11:14:00+00:00,2.73,529.0,153020
2026-01-23 11:15:00+00:00,2.21,504.6,89875
2026-01-23 11:16:00+00:00,3.09,561.8,159291
2026-01-23 11:17:00+00:00,2.64,560.4,151802
2026-01-23 11:18:00+00:00,2.77,565.3,212264
2026-01-23 11:19:00+00:00,2.57,525.3,129243
2026-01-23 11:20:00+00:00,3.09,556.6,178223
2026-01-23 11:21:00+00:00,2.89,539.8,146005
2026-01-23 11:22:00+00:00,2.51,507.0,89866
2026-01-23 11:23:00+00:00,2.52,538.0,120260
2026-01-23 11:24:00+00:00,2.63,565.0,177673
2026-01-23 11:25:00+00:00,2.31,555.2,198417
2026-01-23 11:26:00+00:00,1.85,520.4,153284
2026-01-23 11:27:00+00:00,1.88,523.1,166734
2026-01-23 11:28:00+00:00,2.07,554.5,220323
2026-01-23 11:29:00+00:00,1.85,540.4,148012
2026-01-23 11:30:00+00:00,1.90,555.5,167954
2026-01-23 11:31:00+00:00,1.90,538.3,147418
2026-01-23 11:32:00+00:00,2.28,588.1,219977
2026-01-23 11:33:00+00:00,2.38,555.1,231824
2026-01-23 11:34:00+00:00,2.39,541.3,168602
2026-01-23 11:35:00+00:00,2.11,494.6,98186
2026-01-23 11:36:00+00:00,2.09,491.3,93157
2026-01-23 11:37:00+00:00,2.20,545.6,214987
2026-01-23 11:38:00+00:00,2.00,526.5,171084
2026-01-23 11:39:00+00:00,2.37,546.9,226798
2026-01-23 11:40:00+00:00,2.40,547.4,213967
2026-01-23 11:41:00+00:00,2.21,542.4,192224
2026-01-23 11:42:00+00:00,2.13,530.9,183130
2026-01-23 11:43:00+00:00,2.23,532.9,180754
2026-01-23 11:44:00+00:00,2.41,562.5,217774
2026-01-23 11:45:00+00:00,2.42,559.0,217077
2026-01-23 11:46:00+00:00,2.51,534.1,156046
2026-01-23 11:47:00+00:00,2.45,508.9,134757
2026-01-23 11:48:00+00:00,2.52,568.3,251841
2026-01-23 11:49:00+00:00,2.98,555.5,206598
2026-01-23 11:50:00+00:00,2.59,544.3,193107
2026-01-23 11:51:00+00:00,2.82,558.7,226265
2026-01-23 11:52:00+00:00,2.57,553.4,182854
2026-01-23 11:53:00+00:00,2.49,536.8,139051
2026-01-23 11:54:00+00:00,2.28,541.7,147890
2026-01-23 11:55:00+00:00,2.44,566.1,221648
2026-01-23 11:56:00+00:00,2.36,559.2,197966
2026-01-23 11:57:00+00:00,2.19,546.7,169551
2026-01-23 11:58:00+00:00,2.05,532.8,164015
2026-01-23 11:59:00+00:00,2.06,540.1,181203
2026-01-23 12:00:00+00:00,2.22,562.7,196066
2026-01-23 12:01:00+00:00,2.29,541.6,126183
2026-01-23 12:02:00+00:00,2.59,543.4,125686
2026-01-23 12:03:00+00:00,2.60,542.7,131779
2026-01-23 12:04:00+00:00,3.13,563.4,196727
2026-01-23 12:05:00+00:00,2.17,537.8,117095
2026-01-23 12:06:00+00:00,2.45,543.3,153145
2026-01-23 12:07:00+00:00,2.55,558.9,197648
2026-01-23 12:08:00+00:00,2.68,557.3,204347
2026-01-23 12:09:00+00:00,2.70,556.9,204889
2026-01-23 12:10:00+00:00,2.19,514.7,118341
2026-01-23 12:11:00+00:00,2.74,549.1,144522
2026-01-23 12:12:00+00:00,2.97,566.8,155591
2026-01-23 12:13:00+00:00,2.89,564.6,144020
2026-01-23 12:14:00+00:00,2.81,559.8,129141
2026-01-23 12:15:00+00:00,3.11,562.4,151416
2026-01-23 12:16:00+00:00,3.23,562.0,167803
2026-01-23 12:17:00+00:00,2.45,545.0,122015
2026-01-23 12:18:00+00:00,2.57,551.9,161302
2026-01-23 12:19:00+00:00,2.95,570.1,223321
2026-01-23 12:20:00+00:00,3.20,560.5,215753
2026-01-23 12:21:00+00:00,1.75,527.5,154671
2026-01-23 12:22:00+00:00,2.25,546.0,202905
2026-01-23 12:23:00+00:00,2.33,550.8,209557
2026-01-23 12:24:00+00:00,2.44,562.6,275221
2026-01-23 12:25:00+00:00,2.32,556.1,231207
2026-01-23 12:26:00+00:00,1.52,519.5,188106
2026-01-23 12:27:00+00:00,1.37,557.6,307110
2026-01-23 12:28:00+00:00,1.44,561.0,267741
2026-01-23 12:29:00+00:00,1.29,553.7,273787
2026-01-23 12:30:00+00:00,1.09,554.3,311262
2026-01-23 12:31:00+00:00,1.11,562.6,287874
2026-01-23 12:32:00+00:00,1.24,576.6,288652
2026-01-23 12:33:00+00:00,1.21,564.4,253270
2026-01-23 12:34:00+00:00,1.20,582.9,244106
2026-01-23 12:35:00+00:00,1.11,599.5,269844
2026-01-23 12:36:00+00:00,0.43,532.4,48101
2026-01-23 12:37:00+00:00,0.70,568.3,224565
2026-01-23 12:38:00+00:00,1.28,567.9,215637
2026-01-23 12:39:00+00:00,1.39,595.1,286843
2026-01-23 12:40:00+00:00,0.74,572.2,216683
2026-01-23 12:41:00+00:00,0.78,569.8,201029
2026-01-23 12:42:00+00:00,0.82,570.1,200010
2026-01-23 12:43:00+00:00,0.55,548.6,108763
2026-01-23 12:44:00+00:00,0.80,557.5,162595
2026-01-23 12:45:00+00:00,0.78,567.5,231065
2026-01-23 12:46:00+00:00,0.51,564.0,234984
2026-01-23 12:47:00+00:00,0.68,565.9,238453
2026-01-23 12:48:00+00:00,0.92,573.9,257040
2026-01-23 12:49:00+00:00,0.64,559.0,199633
2026-01-23 12:50:00+00:00,0.96,563.3,212044
2026-01-23 12:51:00+00:00,1.03,588.6,253607
2026-01-23 12:52:00+00:00,1.11,583.6,209699
2026-01-23 12:53:00+00:00,0.72,565.4,195293
2026-01-23 12:54:00+00:00,0.71,584.7,234716
2026-01-23 12:55:00+00:00,0.77,612.6,332174
2026-01-23 12:56:00+00:00,0.95,585.8,225941
2026-01-23 12:57:00+00:00,0.91,584.4,161295
2026-01-23 12:58:00+00:00,0.81,583.7,268682
2026-01-23 12:59:00+00:00,0.85,590.1,368749
2026-01-23 13:00:00+00:00,0.74,563.9,216307
2026-01-23 13:01:00+00:00,1.03,550.7,162291
2026-01-23 13:02:00+00:00,1.41,558.9,223486
2026-01-23 13:03:00+00:00,1.40,563.6,242771
2026-01-23 13:04:00+00:00,1.22,568.6,270743
2026-01-23 13:05:00+00:00,1.00,570.9,274070
2026-01-23 13:06:00+00:00,0.95,569.3,268963
2026-01-23 13:07:00+00:00,1.04,579.1,300947
2026-01-23 13:08:00+00:00,0.94,571.5,272989
2026-01-23 13:09:00+00:00,1.48,561.0,138007
2026-01-23 13:10:00+00:00,1.29,558.5,217690
2026-01-23 13:11:00+00:00,1.76,573.5,293023
2026-01-23 13:12:00+00:00,1.37,558.9,207408
2026-01-23 13:13:00+00:00,1.22,561.8,214589
2026-01-23 13:14:00+00:00,1.21,559.1,203724
2026-01-23 13:15:00+00:00,1.22,557.6,197847
2026-01-23 13:16:00+00:00,1.61,585.8,351183
2026-01-23 13:17:00+00:00,1.49,577.5,270799
2026-01-23 13:18:00+00:00,1.46,576.7,228703
2026-01-23 13:19:00+00:00,1.41,579.6,241968
2026-01-23 13:20:00+00:00,1.19,570.2,228950
2026-01-23 13:21:00+00:00,1.12,565.0,256136
2026-01-23 13:22:00+00:00,1.14,568.7,267006
2026-01-23 13:23:00+00:00,1.41,584.4,327747
2026-01-23 13:24:00+00:00,1.69,579.3,171269
2026-01-23 13:25:00+00:00,1.78,587.6,221194
2026-01-23 13:26:00+00:00,1.03,569.9,157321
2026-01-23 13:27:00+00:00,1.07,561.7,169784
2026-01-23 13:28:00+00:00,0.57,562.3,178445
2026-01-23 13:29:00+00:00,0.86,556.8,166659
2026-01-23 13:30:00+00:00,1.18,564.4,164900
2026-01-23 13:31:00+00:00,1.16,575.5,177439
2026-01-23 13:32:00+00:00,1.00,570.4,199626
2026-01-23 13:33:00+00:00,1.53,570.0,207216
2026-01-23 13:34:00+00:00,2.27,585.1,253538
2026-01-23 13:35:00+00:00,2.29,588.7,260553
2026-01-23 13:36:00+00:00,1.82,582.1,214112
2026-01-23 13:37:00+00:00,1.23,596.0,259658
2026-01-23 13:38:00+00:00,0.59,602.0,281469
2026-01-23 13:39:00+00:00,0.91,594.3,438780
2026-01-23 13:40:00+00:00,0.99,577.6,250633
2026-01-23 13:41:00+00:00,2.45,582.4,201122
2026-01-23 13:42:00+00:00,2.56,591.9,243914
2026-01-23 13:43:00+00:00,2.02,583.2,239722
2026-01-23 13:44:00+00:00,1.99,591.5,194041
2026-01-23 13:45:00+00:00,1.89,567.1,116646
2026-01-23 13:46:00+00:00,1.70,602.4,301919
2026-01-23 13:47:00+00:00,1.31,595.8,217982
2026-01-23 13:48:00+00:00,1.15,584.8,139126
2026-01-23 13:49:00+00:00,0.75,611.4,269114
2026-01-23 13:50:00+00:00,0.60,580.8,160529
2026-01-23 13:51:00+00:00,0.60,563.8,100214
2026-01-23 13:52:00+00:00,1.03,593.4,229917
2026-01-23 13:53:00+00:00,1.46,594.8,252378
2026-01-23 13:54:00+00:00,1.86,590.2,162963
2026-01-23 13:55:00+00:00,2.38,614.3,280849
2026-01-23 13:56:00+00:00,2.66,595.2,115389
2026-01-23 13:57:00+00:00,1.40,565.8,166349
2026-01-23 13:58:00+00:00,2.03,585.2,189484
2026-01-23 13:59:00+00:00,2.51,596.7,266401
2026-01-23 14:00:00+00:00,2.12,583.1,188985
2026-01-23 14:01:00+00:00,1.68,555.6,120501
2026-01-23 14:02:00+00:00,2.61,591.0,225518
2026-01-23 14:03:00+00:00,2.37,596.2,211450
2026-01-23 14:04:00+00:00,3.17,600.8,157182
2026-01-23 14:05:00+00:00,3.71,579.4,124036
2026-01-23 14:06:00+00:00,2.81,566.5,107099
2026-01-23 14:07:00+00:00,2.22,599.6,252462
2026-01-23 14:08:00+00:00,2.52,618.0,391215
2026-01-23 14:09:00+00:00,2.20,590.0,210833
2026-01-23 14:10:00+00:00,1.75,580.9,184822
2026-01-23 14:11:00+00:00,1.92,595.8,216509
2026-01-23 14:12:00+00:00,2.05,610.5,233186
2026-01-23 14:13:00+00:00,1.31,549.5,79992
2026-01-23 14:14:00+00:00,1.09,611.5,291354
2026-01-23 14:15:00+00:00,0.99,609.2,212054
2026-01-23 14:16:00+00:00,1.26,594.9,180517
2026-01-23 14:17:00+00:00,1.26,569.8,99636
2026-01-23 14:18:00+00:00,1.48,596.0,213781
2026-01-23 14:19:00+00:00,1.28,587.6,222257
2026-01-23 14:20:00+00:00,1.50,589.7,225141
2026-01-23 14:21:00+00:00,1.75,597.7,240405
2026-01-23 14:24:00+00:00,1.45,581.6,182501
2026-01-23 14:25:00+00:00,1.94,594.9,139034
2026-01-23 14:26:00+00:00,1.81,600.7,216587
2026-01-23 14:27:00+00:00,1.26,597.3,180987
2026-01-23 14:28:00+00:00,1.27,600.7,131216
2026-01-23 14:29:00+00:00,1.38,569.9,136119
2026-01-23 14:30:00+00:00,1.17,588.3,262457
2026-01-23 14:31:00+00:00,1.23,584.5,200368
2026-01-23 14:32:00+00:00,1.00,584.1,188446
2026-01-23 14:33:00+00:00,0.98,581.2,135791
2026-01-23 14:34:00+00:00,1.25,577.7,150489
2026-01-23 14:35:00+00:00,0.98,579.9,200990
2026-01-23 14:36:00+00:00,1.08,580.3,195840
2026-01-23 14:37:00+00:00,1.25,577.8,173803
2026-01-23 14:38:00+00:00,0.97,571.1,142190
2026-01-23 14:39:00+00:00,0.83,587.5,175539
2026-01-23 14:40:00+00:00,0.99,608.4,248910
2026-01-23 14:41:00+00:00,0.79,584.0,197824
2026-01-23 14:42:00+00:00,0.82,583.8,182694
2026-01-23 14:43:00+00:00,0.86,584.5,172906
2026-01-23 14:44:00+00:00,0.87,587.8,166202
2026-01-23 14:45:00+00:00,0.77,590.0,186400
2026-01-23 14:46:00+00:00,1.09,606.0,344422
2026-01-23 14:47:00+00:00,0.52,576.6,118150
2026-01-23 14:48:00+00:00,0.70,613.0,343052
2026-01-23 14:49:00+00:00,0.65,587.0,225790
2026-01-23 14:50:00+00:00,0.88,579.1,202653
2026-01-23 14:51:00+00:00,0.75,580.2,192707
2026-01-23 14:52:00+00:00,0.52,570.2,151930
2026-01-23 14:53:00+00:00,0.37,547.6,74585
2026-01-23 14:54:00+00:00,0.32,533.9,26156
2026-01-23 14:57:00+00:00,0.48,566.9,134508
2026-01-23 14:58:00+00:00,0.80,597.9,250597
2026-01-23 14:59:00+00:00,0.82,577.2,171370
2026-01-23 15:00:00+00:00,0.93,589.0,234060
2026-01-23 15:01:00+00:00,0.37,554.4,91311
2026-01-23 15:02:00+00:00,0.71,613.2,334094
2026-01-23 15:03:00+00:00,0.68,593.5,183962
2026-01-23 15:04:00+00:00,0.71,593.9,179016
2026-01-23 15:05:00+00:00,0.86,592.5,181685
2026-01-23 15:06:00+00:00,0.89,602.7,179858
2026-01-23 15:07:00+00:00,0.98,600.6,157412
2026-01-23 15:08:00+00:00,0.51,592.0,145059
2026-01-23 15:09:00+00:00,0.38,597.5,182996
2026-01-23 15:10:00+00:00,0.43,584.2,176966
2026-01-23 15:11:00+00:00,0.49,572.8,167932
2026-01-23 15:12:00+00:00,0.73,601.7,199987
2026-01-23 15:13:00+00:00,0.60,615.4,161205
2026-01-23 15:14:00+00:00,0.86,600.4,200979
2026-01-23 15:15:00+00:00,1.18,592.4,287380
2026-01-23 15:16:00+00:00,1.62,591.3,340661
2026-01-23 15:17:00+00:00,1.95,568.8,118124
2026-01-23 15:18:00+00:00,1.40,584.0,205424
2026-01-23 15:19:00+00:00,0.97,579.4,161956
2026-01-23 15:20:00+00:00,0.80,566.9,143898
2026-01-23 15:21:00+00:00,1.32,603.2,202496
2026-01-23 15:22:00+00:00,1.04,598.5,227755
2026-01-23 15:23:00+00:00,0.81,593.9,197482
2026-01-23 15:24:00+00:00,0.78,578.6,176320
2026-01-23 15:25:00+00:00,1.06,597.8,238129
2026-01-23 15:26:00+00:00,1.00,613.6,257725
2026-01-23 15:27:00+00:00,0.66,601.9,215510
2026-01-23 15:30:00+00:00,0.76,604.1,172621
2026-01-23 15:31:00+00:00,0.74,587.8,152836
2026-01-23 15:32:00+00:00,1.04,577.9,169273
2026-01-23 15:33:00+00:00,1.95,609.4,311491
2026-01-23 15:34:00+00:00,1.29,565.7,93183
2026-01-23 15:35:00+00:00,1.61,610.3,301095
2026-01-23 15:36:00+00:00,1.04,578.2,142889
2026-01-23 15:37:00+00:00,1.06,584.5,200059
2026-01-23 15:38:00+00:00,1.16,584.6,204288
2026-01-23 15:39:00+00:00,1.21,598.6,265653
2026-01-23 15:40:00+00:00,0.80,574.4,183219
2026-01-23 15:41:00+00:00,0.30,539.4,60053
2026-01-23 15:42:00+00:00,0.42,560.3,135135
2026-01-23 15:43:00+00:00,0.81,598.5,264607
2026-01-23 15:44:00+00:00,1.11,595.4,220217
2026-01-23 15:45:00+00:00,1.64,589.6,159476
2026-01-23 15:46:00+00:00,1.66,593.0,215773
2026-01-23 15:47:00+00:00,1.33,583.1,193551
2026-01-23 15:48:00+00:00,1.03,579.6,153143
2026-01-23 15:49:00+00:00,2.05,600.3,231461
2026-01-23 15:50:00+00:00,1.99,590.1,148777
2026-01-23 15:51:00+00:00,2.03,587.9,187512
2026-01-23 15:52:00+00:00,2.19,591.2,159293
2026-01-23 15:53:00+00:00,1.64,580.8,167105
2026-01-23 15:54:00+00:00,1.31,578.8,182024
2026-01-23 15:55:00+00:00,1.57,582.0,222166
2026-01-23 15:56:00+00:00,1.15,563.5,158928
2026-01-23 15:57:00+00:00,0.91,582.8,229839
2026-01-23 15:58:00+00:00,0.85,610.6,281784
2026-01-23 16:03:00+00:00,0.62,597.7,135728
2026-01-23 16:04:00+00:00,0.72,580.3,211647
2026-01-23 16:05:00+00:00,1.00,622.1,321766
2026-01-23 16:06:00+00:00,0.67,591.2,126328
2026-01-23 16:07:00+00:00,0.66,617.9,160318
2026-01-23 16:08:00+00:00,0.64,569.6,155223
2026-01-23 16:09:00+00:00,2.50,580.7,162158
2026-01-23 16:10:00+00:00,3.10,586.6,193341
2026-01-23 16:11:00+00:00,2.58,574.5,160534
2026-01-23 16:12:00+00:00,2.08,568.9,157608
2026-01-23 16:13:00+00:00,1.91,573.7,186287
2026-01-23 16:14:00+00:00,1.69,573.9,200489
2026-01-23 16:15:00+00:00,1.28,565.0,167406
2026-01-23 16:16:00+00:00,1.26,573.4,190503
2026-01-23 16:17:00+00:00,1.61,597.5,300971
2026-01-23 16:18:00+00:00,1.17,581.3,193622
2026-01-23 16:19:00+00:00,1.52,592.1,144342
2026-01-23 16:20:00+00:00,1.12,567.7,111917
2026-01-23 16:21:00+00:00,1.68,607.9,284935
2026-01-23 16:22:00+00:00,1.73,577.8,152177
2026-01-23 16:23:00+00:00,1.92,592.4,201122
2026-01-23 16:24:00+00:00,1.55,575.8,120396
2026-01-23 16:25:00+00:00,1.53,584.2,260906
2026-01-23 16:26:00+00:00,1.43,577.9,199988
2026-01-23 16:27:00+00:00,1.23,573.1,162352
2026-01-23 16:28:00+00:00,1.39,580.2,237549
2026-01-23 16:29:00+00:00,1.59,585.7,255570
2026-01-23 16:30:00+00:00,0.93,601.6,175030
2026-01-23 16:31:00+00:00,0.23,617.8,119512
2026-01-23 16:32:00+00:00,0.39,613.2,133462
2026-01-23 16:33:00+00:00,0.40,609.3,149639
2026-01-23 16:36:00+00:00,0.51,603.9,171515
2026-01-23 16:37:00+00:00,0.54,595.7,203879
2026-01-23 16:38:00+00:00,0.53,608.0,141372
2026-01-23 16:39:00+00:00,0.56,608.9,175080
2026-01-23 16:40:00+00:00,0.53,580.3,132292
2026-01-23 16:41:00+00:00,0.24,581.3,187551
2026-01-23 16:42:00+00:00,0.61,604.5,204899
2026-01-23 16:43:00+00:00,0.98,582.7,148914
2026-01-23 16:44:00+00:00,1.44,578.2,208749
2026-01-23 16:45:00+00:00,1.70,578.5,222103
2026-01-23 16:46:00+00:00,1.58,573.3,178800
2026-01-23 16:47:00+00:00,1.25,567.2,162437
2026-01-23 16:48:00+00:00,1.11,570.5,179434
2026-01-23 16:49:00+00:00,1.25,598.9,245776
2026-01-23 16:50:00+00:00,1.22,598.2,232654
2026-01-23 16:51:00+00:00,1.78,578.6,217520
2026-01-23 16:52:00+00:00,0.63,561.6,149127
2026-01-23 16:53:00+00:00,0.80,596.9,314067
2026-01-23 16:54:00+00:00,1.40,565.0,162909
2026-01-23 16:55:00+00:00,1.17,560.5,133911
2026-01-23 16:56:00+00:00,1.32,597.4,241863
2026-01-23 16:57:00+00:00,1.34,578.0,150257
2026-01-23 16:58:00+00:00,1.22,590.0,149585
2026-01-23 16:59:00+00:00,1.08,579.5,127048
2026-01-23 17:00:00+00:00,0.71,602.6,262024
2026-01-23 17:01:00+00:00,0.48,616.6,234764
2026-01-23 17:02:00+00:00,0.45,612.4,131620
2026-01-23 17:03:00+00:00,0.40,618.9,136924
2026-01-23 17:04:00+00:00,0.26,621.3,147894
2026-01-23 17:05:00+00:00,0.19,615.1,171898
2026-01-23 17:06:00+00:00,0.43,621.0,138139
2026-01-23 17:09:00+00:00,0.36,630.9,135652
2026-01-23 17:10:00+00:00,0.41,601.2,159464
2026-01-23 17:11:00+00:00,0.48,595.5,188436
2026-01-23 17:12:00+00:00,0.62,608.2,170016
2026-01-23 17:13:00+00:00,0.25,575.7,185392
2026-01-23 17:14:00+00:00,0.45,592.6,190833
2026-01-23 17:15:00+00:00,1.02,591.2,165629
2026-01-23 17:16:00+00:00,1.41,585.4,172043
2026-01-23 17:17:00+00:00,1.07,588.7,190938
2026-01-23 17:18:00+00:00,0.71,593.9,205315
2026-01-23 17:19:00+00:00,0.68,596.7,217493
2026-01-23 17:20:00+00:00,0.58,605.8,223950
2026-01-23 17:21:00+00:00,0.57,623.2,231260
2026-01-23 17:22:00+00:00,0.51,612.8,153572
2026-01-23 17:23:00+00:00,0.50,613.6,150367
2026-01-23 17:24:00+00:00,0.46,618.1,130473
2026-01-23 17:25:00+00:00,0.60,607.3,143622
2026-01-23 17:26:00+00:00,0.88,604.6,255706
2026-01-23 17:27:00+00:00,0.22,549.2,92445
2026-01-23 17:28:00+00:00,0.20,581.6,168135
2026-01-23 17:29:00+00:00,0.34,600.2,262890
2026-01-23 17:30:00+00:00,0.69,605.4,289251
2026-01-23 17:31:00+00:00,0.79,580.3,160643
2026-01-23 17:32:00+00:00,1.06,589.1,180857
2026-01-23 17:33:00+00:00,0.97,599.1,230107
2026-01-23 17:34:00+00:00,0.79,593.8,189619
2026-01-23 17:35:00+00:00,0.92,593.6,167539
2026-01-23 17:36:00+00:00,0.91,588.6,211162
2026-01-23 17:37:00+00:00,0.74,576.5,257971
2026-01-23 17:38:00+00:00,0.78,576.0,250563
2026-01-23 17:39:00+00:00,0.40,550.2,125657
2026-01-23 17:42:00+00:00,0.75,570.1,168844
2026-01-23 17:43:00+00:00,0.87,561.5,98980
2026-01-23 17:44:00+00:00,1.33,567.1,253600
2026-01-23 17:45:00+00:00,1.07,567.4,228722
2026-01-23 17:46:00+00:00,1.13,561.4,164850
2026-01-23 17:47:00+00:00,1.17,560.3,138996
2026-01-23 17:48:00+00:00,0.99,574.0,166798
2026-01-23 17:49:00+00:00,0.76,579.7,188777
2026-01-23 17:50:00+00:00,0.87,575.8,171871
2026-01-23 17:51:00+00:00,0.87,589.0,155685
2026-01-23 17:52:00+00:00,0.79,600.6,145601
2026-01-23 17:53:00+00:00,1.26,579.3,138385
2026-01-23 17:54:00+00:00,1.17,577.2,199588
2026-01-23 17:55:00+00:00,1.46,575.9,169733
2026-01-23 17:56:00+00:00,1.08,579.1,212499
2026-01-23 17:57:00+00:00,1.50,568.0,212268
2026-01-23 17:58:00+00:00,1.37,570.9,209514
2026-01-23 17:59:00+00:00,2.09,575.7,161817
2026-01-23 18:00:00+00:00,2.54,584.6,217122
2026-01-23 18:01:00+00:00,1.54,568.9,233798
2026-01-23 18:02:00+00:00,2.01,566.1,162011
2026-01-23 18:03:00+00:00,3.28,581.0,191011
2026-01-23 18:04:00+00:00,3.83,588.6,218138
2026-01-23 18:05:00+00:00,2.70,572.0,161894
2026-01-23 18:06:00+00:00,1.58,553.1,104117
2026-01-23 18:07:00+00:00,1.54,563.2,134483
2026-01-23 18:08:00+00:00,1.34,576.3,182730
2026-01-23 18:09:00+00:00,0.86,563.0,189362
2026-01-23 18:10:00+00:00,1.09,570.3,249368
2026-01-23 18:11:00+00:00,0.65,552.0,167477
2026-01-23 18:12:00+00:00,0.95,614.0,373595
2026-01-23 18:15:00+00:00,0.81,575.6,215730
2026-01-23 18:16:00+00:00,1.27,584.7,378202
2026-01-23 18:17:00+00:00,0.87,564.7,230947
2026-01-23 18:18:00+00:00,0.75,555.5,133933
2026-01-23 18:19:00+00:00,1.84,567.8,216258
2026-01-23 18:20:00+00:00,2.26,569.8,191411
2026-01-23 18:21:00+00:00,2.14,568.8,153007
2026-01-23 18:22:00+00:00,2.11,565.6,116036
2026-01-23 18:23:00+00:00,2.22,566.0,130355
2026-01-23 18:24:00+00:00,2.45,573.6,199266
2026-01-23 18:25:00+00:00,2.53,568.2,125382
2026-01-23 18:26:00+00:00,2.31,564.6,109018
2026-01-23 18:27:00+00:00,2.34,564.7,109222
2026-01-23 18:28:00+00:00,2.13,564.5,137869
2026-01-23 18:29:00+00:00,2.08,562.1,134365
2026-01-23 18:30:00+00:00,2.09,563.4,145325
2026-01-23 18:31:00+00:00,2.19,562.1,136872
2026-01-23 18:32:00+00:00,2.02,560.3,144497
2026-01-23 18:33:00+00:00,1.84,562.5,151212
2026-01-23 18:34:00+00:00,2.10,565.8,143577
2026-01-23 18:35:00+00:00,2.69,579.5,190200
2026-01-23 18:36:00+00:00,2.39,573.7,185158
2026-01-23 18:37:00+00:00,2.40,570.1,175532
2026-01-23 18:38:00+00:00,1.81,558.3,137913
2026-01-23 18:39:00+00:00,1.67,558.0,132347
2026-01-23 18:40:00+00:00,3.14,585.5,213032
2026-01-23 18:41:00+00:00,2.90,581.4,205738
2026-01-23 18:42:00+00:00,1.87,567.0,145099
2026-01-23 18:43:00+00:00,2.27,574.7,176564
2026-01-23 18:44:00+00:00,2.41,569.7,149358
2026-01-23 18:45:00+00:00,1.14,555.5,136050
2026-01-23 18:48:00+00:00,1.39,553.0,125195
2026-01-23 18:49:00+00:00,1.88,562.0,123303
2026-01-23 18:50:00+00:00,1.55,540.5,102785
2026-01-23 18:51:00+00:00,1.98,571.0,187087
2026-01-23 18:52:00+00:00,2.50,581.8,203260
2026-01-23 18:53:00+00:00,2.41,574.1,163986
2026-01-23 18:54:00+00:00,1.73,557.4,125517
2026-01-23 18:55:00+00:00,1.72,559.7,138345
2026-01-23 18:56:00+00:00,2.44,582.7,177447
2026-01-23 18:57:00+00:00,2.29,570.9,136831
2026-01-23 18:58:00+00:00,2.12,573.1,137194
2026-01-23 18:59:00+00:00,1.47,571.1,204233
2026-01-23 19:00:00+00:00,1.81,563.6,131973
2026-01-23 19:01:00+00:00,2.16,567.7,173950
2026-01-23 19:02:00+00:00,1.95,558.5,83851
2026-01-23 19:03:00+00:00,2.44,568.4,161590
2026-01-23 19:04:00+00:00,2.23,565.8,143774
2026-01-23 19:05:00+00:00,2.17,564.4,153500
2026-01-23 19:06:00+00:00,1.99,558.1,102593
2026-01-23 19:07:00+00:00,2.10,557.9,108002
2026-01-23 19:08:00+00:00,2.23,559.0,122249
2026-01-23 19:09:00+00:00,2.34,559.9,114400
2026-01-23 19:10:00+00:00,2.74,565.4,124544
2026-01-23 19:11:00+00:00,2.86,567.6,134014
2026-01-23 19:12:00+00:00,2.37,561.9,111814
2026-01-23 19:13:00+00:00,2.21,561.9,103008
2026-01-23 19:14:00+00:00,2.51,570.9,126814
2026-01-23 19:15:00+00:00,2.95,586.1,185915
2026-01-23 19:16:00+00:00,2.87,568.4,114247
2026-01-23 19:17:00+00:00,3.31,571.7,77353
2026-01-23 19:18:00+00:00,2.32,560.0,100683
2026-01-23 19:19:00+00:00,2.32,560.0,100683
2026-01-23 19:21:00+00:00,2.58,568.5,151579
2026-01-23 19:22:00+00:00,1.49,542.7,101120
2026-01-23 19:23:00+00:00,1.76,559.7,140925
2026-01-23 19:24:00+00:00,1.87,566.3,160335
2026-01-23 19:25:00+00:00,1.68,553.8,121915
2026-01-23 19:26:00+00:00,2.21,560.6,117516
2026-01-23 19:27:00+00:00,2.88,574.3,145062
2026-01-23 19:28:00+00:00,2.44,564.5,130309
2026-01-23 19:29:00+00:00,1.46,547.0,96330
2026-01-23 19:30:00+00:00,1.70,545.4,110240
2026-01-23 19:31:00+00:00,2.60,578.9,186045
2026-01-23 19:32:00+00:00,2.28,562.5,127757
2026-01-23 19:33:00+00:00,1.81,561.2,157871
2026-01-23 19:34:00+00:00,0.56,539.3,151486
2026-01-23 19:35:00+00:00,1.62,568.4,263576
2026-01-23 19:36:00+00:00,1.30,562.6,222467
2026-01-23 19:37:00+00:00,1.32,557.8,159737
2026-01-23 19:38:00+00:00,1.55,567.1,155869
2026-01-23 19:39:00+00:00,1.72,561.9,132690
2026-01-23 19:40:00+00:00,1.59,556.5,127924
2026-01-23 19:41:00+00:00,1.58,553.2,107343
2026-01-23 19:42:00+00:00,1.72,555.1,133903
2026-01-23 19:43:00+00:00,1.86,559.9,174295
2026-01-23 19:44:00+00:00,1.90,559.8,144605
2026-01-23 19:45:00+00:00,1.76,560.2,134281
2026-01-23 19:46:00+00:00,1.94,561.9,134348
2026-01-23 19:47:00+00:00,1.90,560.1,133109
2026-01-23 19:48:00+00:00,1.91,557.5,136186
2026-01-23 19:49:00+00:00,2.05,561.5,148805
2026-01-23 19:50:00+00:00,1.73,558.0,140015
2026-01-23 19:51:00+00:00,2.13,568.1,176609
2026-01-23 19:52:00+00:00,2.16,568.8,179223
2026-01-23 19:54:00+00:00,1.53,554.5,139242
2026-01-23 19:55:00+00:00,1.53,554.5,139242
2026-01-23 19:56:00+00:00,1.16,552.8,198186
2026-01-23 19:57:00+00:00,0.83,549.9,146930
2026-01-23 19:58:00+00:00,1.05,554.0,174628
2026-01-23 19:59:00+00:00,1.43,552.8,180111
2026-01-23 20:00:00+00:00,1.15,543.7,109978
2026-01-23 20:01:00+00:00,1.14,548.7,174313
2026-01-23 20:02:00+00:00,1.80,560.6,134959
2026-01-23 20:03:00+00:00,5.39,639.4,282034
2026-01-23 20:04:00+00:00,0.85,561.6,218635
2026-01-23 20:05:00+00:00,0.85,561.6,218635
2026-01-23 20:06:00+00:00,0.81,555.3,197728
2026-01-23 20:07:00+00:00,1.12,566.6,186302
2026-01-23 20:08:00+00:00,1.31,573.7,143881
2026-01-23 20:09:00+00:00,1.18,558.2,184011
2026-01-23 20:10:00+00:00,0.80,558.6,260887
2026-01-23 20:11:00+00:00,1.39,561.6,187250
2026-01-23 20:12:00+00:00,0.87,548.5,122839
2026-01-23 20:13:00+00:00,1.00,568.3,145159
2026-01-23 20:14:00+00:00,1.60,579.5,171338
2026-01-23 20:15:00+00:00,1.64,562.3,147782
2026-01-23 20:16:00+00:00,1.85,560.2,129611
2026-01-23 20:17:00+00:00,2.04,557.6,154848
2026-01-23 20:18:00+00:00,1.94,556.5,151149
2026-01-23 20:19:00+00:00,1.97,565.6,147217
2026-01-23 20:20:00+00:00,1.33,550.5,189350
2026-01-23 20:21:00+00:00,1.39,554.1,214597
2026-01-23 20:22:00+00:00,1.13,556.2,225372
2026-01-23 20:23:00+00:00,0.81,565.5,279064
2026-01-23 20:26:00+00:00,1.39,550.9,239150
2026-01-23 20:27:00+00:00,1.39,550.9,239150
2026-01-23 20:28:00+00:00,1.12,555.4,260733
2026-01-23 20:29:00+00:00,0.97,560.4,272043
2026-01-23 20:30:00+00:00,1.02,559.0,265605
2026-01-23 20:31:00+00:00,1.32,565.4,218029
2026-01-23 20:32:00+00:00,1.52,579.9,168222
2026-01-23 20:33:00+00:00,1.59,570.1,159726
2026-01-23 20:34:00+00:00,1.36,568.7,171369
2026-01-23 20:35:00+00:00,1.61,562.3,172796
2026-01-23 20:36:00+00:00,1.10,564.8,196679
2026-01-23 20:37:00+00:00,0.37,603.1,239688
2026-01-23 20:38:00+00:00,0.71,569.2,262464
2026-01-23 20:39:00+00:00,0.29,531.7,140281
2026-01-23 20:40:00+00:00,0.29,566.3,343503
2026-01-23 20:41:00+00:00,0.39,595.9,237652
2026-01-23 20:42:00+00:00,0.13,527.0,69805
2026-01-23 20:43:00+00:00,0.29,556.8,145525
2026-01-23 20:44:00+00:00,1.00,602.8,146569
2026-01-23 20:45:00+00:00,1.58,596.1,123017
2026-01-23 20:46:00+00:00,1.62,583.2,139366
2026-01-23 20:47:00+00:00,1.52,580.0,155360
2026-01-23 20:48:00+00:00,1.64,564.9,172649
2026-01-23 20:49:00+00:00,1.60,568.6,141468
2026-01-23 20:50:00+00:00,1.38,608.3,86216
2026-01-23 20:51:00+00:00,1.56,617.0,110343
2026-01-23 20:52:00+00:00,1.34,605.5,103345
2026-01-23 20:53:00+00:00,1.54,589.9,123327
2026-01-23 20:54:00+00:00,2.41,565.3,143825
2026-01-23 20:55:00+00:00,2.11,593.1,107504
2026-01-23 20:56:00+00:00,1.59,605.7,112092
2026-01-23 20:59:00+00:00,0.46,597.5,177082
2026-01-23 21:00:00+00:00,0.19,539.6,82093
2026-01-23 21:01:00+00:00,0.05,541.5,71788
2026-01-23 21:02:00+00:00,0.11,591.5,163900
2026-01-23 21:03:00+00:00,0.10,572.2,140474
2026-01-23 21:04:00+00:00,0.10,541.9,105054
2026-01-23 21:05:00+00:00,0.25,592.8,227451
2026-01-23 21:06:00+00:00,0.33,600.7,150091
2026-01-23 21:07:00+00:00,0.33,595.9,214573
2026-01-23 21:08:00+00:00,0.22,606.2,219561
2026-01-23 21:09:00+00:00,0.72,595.9,87247
2026-01-23 21:10:00+00:00,0.47,592.0,115141
2026-01-23 21:11:00+00:00,0.85,589.7,124890
2026-01-23 21:12:00+00:00,1.66,574.9,110264
2026-01-23 21:13:00+00:00,1.97,561.1,122681
2026-01-23 21:14:00+00:00,1.56,558.3,147045
2026-01-23 21:15:00+00:00,0.77,570.9,132770
2026-01-23 21:16:00+00:00,1.14,559.9,153980
2026-01-23 21:17:00+00:00,2.00,545.3,151304
2026-01-23 21:18:00+00:00,2.16,541.2,143219
2026-01-23 21:19:00+00:00,1.92,544.4,149134
2026-01-23 21:20:00+00:00,1.80,552.2,145251
2026-01-23 21:21:00+00:00,1.54,552.3,174458
2026-01-23 21:22:00+00:00,1.18,549.4,217830
2026-01-23 21:23:00+00:00,0.85,552.8,273379
2026-01-23 21:24:00+00:00,1.04,547.2,243332
2026-01-23 21:25:00+00:00,0.46,564.6,348883
2026-01-23 21:26:00+00:00,0.05,500.1,21042
2026-01-23 21:27:00+00:00,0.22,591.0,211121
2026-01-23 21:28:00+00:00,1.41,558.2,156911
2026-01-23 21:29:00+00:00,0.43,517.0,46930
2026-01-23 21:32:00+00:00,0.36,601.4,185014
2026-01-23 21:33:00+00:00,0.26,597.5,261379
2026-01-23 21:34:00+00:00,0.14,562.0,219245
2026-01-23 21:35:00+00:00,0.10,527.1,99328
2026-01-23 21:36:00+00:00,0.24,535.0,149161
2026-01-23 21:37:00+00:00,0.45,537.0,180528
2026-01-23 21:38:00+00:00,0.22,515.1,37245
2026-01-23 21:39:00+00:00,0.24,518.7,65095
2026-01-23 21:40:00+00:00,0.15,516.3,76628
2026-01-23 21:41:00+00:00,0.10,528.9,95875
2026-01-23 21:42:00+00:00,0.08,511.5,28288
2026-01-23 21:43:00+00:00,0.11,510.5,33605
2026-01-23 21:44:00+00:00,0.07,549.2,155609
2026-01-23 21:45:00+00:00,0.14,576.1,310251
2026-01-23 21:46:00+00:00,0.10,541.0,178887
2026-01-23 21:47:00+00:00,0.11,570.1,240136
2026-01-23 21:48:00+00:00,0.11,540.3,140920
2026-01-23 21:49:00+00:00,0.30,530.4,158517
2026-01-23 21:50:00+00:00,0.47,553.7,248226
2026-01-23 21:51:00+00:00,0.40,548.0,194294
2026-01-23 21:52:00+00:00,0.37,543.0,190918
2026-01-23 21:53:00+00:00,0.59,556.6,263437
2026-01-23 21:54:00+00:00,0.77,555.1,208851
2026-01-23 21:55:00+00:00,0.92,537.1,160127
2026-01-23 21:56:00+00:00,0.21,492.5,19407
2026-01-23 21:57:00+00:00,1.97,547.5,130772
2026-01-23 21:58:00+00:00,0.99,552.0,209348
2026-01-23 22:02:00+00:00,1.03,548.0,183078
2026-01-23 22:05:00+00:00,0.71,547.4,301391
2026-01-23 22:06:00+00:00,0.65,532.7,172256
2026-01-23 22:07:00+00:00,0.64,532.9,141659
2026-01-23 22:08:00+00:00,1.03,552.6,273318
2026-01-23 22:09:00+00:00,1.59,542.0,185526
2026-01-23 22:10:00+00:00,1.39,545.6,203549
2026-01-23 22:11:00+00:00,0.88,551.1,267831
2026-01-23 22:12:00+00:00,1.31,545.8,210659
2026-01-23 22:13:00+00:00,0.88,555.8,271970
2026-01-23 22:14:00+00:00,1.35,547.0,196698
2026-01-23 22:15:00+00:00,1.11,549.3,197984
2026-01-23 22:16:00+00:00,0.97,555.2,234731
2026-01-23 22:17:00+00:00,0.64,564.7,267469
2026-01-23 22:18:00+00:00,0.60,565.3,279111
2026-01-23 22:19:00+00:00,0.73,559.6,270800
2026-01-23 22:20:00+00:00,0.83,555.1,277247
2026-01-23 22:21:00+00:00,1.04,578.6,175483
2026-01-23 22:22:00+00:00,1.33,595.3,87631
2026-01-23 22:23:00+00:00,1.26,590.1,96356
2026-01-23 22:24:00+00:00,0.95,589.3,106158
2026-01-23 22:25:00+00:00,0.90,590.0,123416
2026-01-23 22:26:00+00:00,0.82,597.4,132737
2026-01-23 22:27:00+00:00,0.37,583.6,199535
2026-01-23 22:28:00+00:00,0.48,578.6,159047
2026-01-23 22:29:00+00:00,0.58,579.9,140566
2026-01-23 22:30:00+00:00,0.70,579.3,128964
2026-01-23 22:31:00+00:00,0.86,570.7,127363
2026-01-23 22:32:00+00:00,1.02,565.0,104543
2026-01-23 22:33:00+00:00,0.76,564.0,163876
2026-01-23 22:34:00+00:00,0.54,568.1,186043
2026-01-23 22:35:00+00:00,0.65,574.2,162081
2026-01-23 22:38:00+00:00,0.06,579.1,190888
2026-01-23 22:39:00+00:00,0.13,583.9,168404
2026-01-23 22:40:00+00:00,0.20,592.7,160716
2026-01-23 22:41:00+00:00,0.14,596.9,208712
2026-01-23 22:42:00+00:00,0.16,597.6,184313
2026-01-23 22:43:00+00:00,0.12,590.5,141029
2026-01-23 22:44:00+00:00,0.06,592.8,212072
2026-01-23 22:45:00+00:00,0.02,613.1,351080
2026-01-23 22:46:00+00:00,0.05,555.0,149563
2026-01-23 22:47:00+00:00,0.09,600.4,321291
2026-01-23 22:48:00+00:00,0.56,565.6,205645
2026-01-23 22:49:00+00:00,1.14,565.6,141149
2026-01-23 22:50:00+00:00,0.86,569.6,136973
2026-01-23 22:51:00+00:00,0.26,518.7,57320
2026-01-23 22:52:00+00:00,0.43,533.5,133833
2026-01-23 22:53:00+00:00,0.64,553.3,163714
2026-01-23 22:54:00+00:00,0.51,554.5,189107
2026-01-23 22:55:00+00:00,0.47,562.0,261330
2026-01-23 22:56:00+00:00,0.43,551.4,210071
2026-01-23 22:57:00+00:00,0.21,546.8,163187
2026-01-23 22:58:00+00:00,0.24,581.6,272222
2026-01-23 22:59:00+00:00,0.74,550.6,286161
2026-01-23 23:00:00+00:00,0.75,550.1,283436
2026-01-23 23:01:00+00:00,0.86,544.2,245288
2026-01-23 23:02:00+00:00,0.44,564.5,266791
2026-01-23 23:03:00+00:00,0.61,558.1,306440
2026-01-23 23:04:00+00:00,0.59,565.0,322754
2026-01-23 23:05:00+00:00,0.74,563.5,259204
2026-01-23 23:06:00+00:00,0.91,551.6,237403
2026-01-23 23:07:00+00:00,1.35,545.8,208719
2026-01-23 23:08:00+00:00,0.75,574.7,269592
2026-01-23 23:11:00+00:00,0.72,561.6,258477
2026-01-23 23:12:00+00:00,0.67,566.7,251238
2026-01-23 23:13:00+00:00,0.58,577.0,227903
2026-01-23 23:14:00+00:00,0.61,573.8,214932
2026-01-23 23:15:00+00:00,0.74,559.3,250079
2026-01-23 23:16:00+00:00,0.84,558.1,182856
2026-01-23 23:17:00+00:00,1.04,551.5,188683
2026-01-23 23:18:00+00:00,1.17,546.1,233435
2026-01-23 23:19:00+00:00,1.64,547.3,175761
2026-01-23 23:20:00+00:00,1.00,552.2,243623
2026-01-23 23:21:00+00:00,0.92,553.4,266797
2026-01-23 23:22:00+00:00,0.95,552.3,283001
2026-01-23 23:23:00+00:00,0.84,553.9,287542
2026-01-23 23:24:00+00:00,0.92,553.6,258498
2026-01-23 23:25:00+00:00,1.01,552.6,239218
2026-01-23 23:26:00+00:00,0.68,560.3,220050
2026-01-23 23:27:00+00:00,0.66,563.0,241401
2026-01-23 23:28:00+00:00,0.65,564.9,273141
2026-01-23 23:29:00+00:00,0.69,561.2,273276
2026-01-23 23:30:00+00:00,0.75,561.0,272404
2026-01-23 23:31:00+00:00,1.11,550.2,254883
2026-01-23 23:32:00+00:00,1.51,539.1,213425
2026-01-23 23:33:00+00:00,1.69,537.4,199624
2026-01-23 23:34:00+00:00,0.76,553.0,282381
2026-01-23 23:35:00+00:00,0.78,554.9,286759
2026-01-23 23:36:00+00:00,0.65,561.2,298236
2026-01-23 23:37:00+00:00,0.63,559.3,316908
2026-01-23 23:38:00+00:00,0.57,570.9,277063
2026-01-23 23:39:00+00:00,0.47,580.0,242424
2026-01-23 23:40:00+00:00,0.46,580.1,246580
2026-01-23 23:41:00+00:00,0.57,571.5,267160
2026-01-23 23:42:00+00:00,0.55,573.4,253572
2026-01-23 23:43:00+00:00,0.45,582.6,226439
2026-01-23 23:44:00+00:00,0.51,578.3,253939
2026-01-23 23:45:00+00:00,0.50,574.4,264359
2026-01-23 23:46:00+00:00,0.51,562.7,291162
2026-01-23 23:47:00+00:00,0.62,558.8,282924
2026-01-23 23:48:00+00:00,0.73,555.4,278938
2026-01-23 23:49:00+00:00,0.74,550.3,299066
2026-01-23 23:50:00+00:00,0.88,557.1,290107
2026-01-23 23:51:00+00:00,1.01,550.5,248807
2026-01-23 23:52:00+00:00,0.72,563.8,287233
2026-01-23 23:53:00+00:00,0.65,564.4,287836
2026-01-23 23:54:00+00:00,0.50,582.9,258140
2026-01-23 23:55:00+00:00,0.56,579.7,265961
2026-01-23 23:56:00+00:00,1.47,560.6,219319
2026-01-23 23:57:00+00:00,1.66,556.4,181469
2026-01-23 23:58:00+00:00,1.71,556.2,172830
2026-01-23 23:59:00+00:00,1.71,555.7,175892
2026-01-24 00:00:00+00:00,0.98,566.9,205264
2026-01-24 00:01:00+00:00,0.89,572.0,226921
2026-01-24 00:02:00+00:00,0.96,567.0,227401
2026-01-24 00:03:00+00:00,0.83,575.5,236731
2026-01-24 00:04:00+00:00,1.14,563.5,251475
2026-01-24 00:05:00+00:00,1.07,563.1,235374
2026-01-24 00:06:00+00:00,1.04,564.9,233694
2026-01-24 00:07:00+00:00,1.59,550.6,207781
2026-01-24 00:08:00+00:00,1.87,547.6,187428
2026-01-24 00:09:00+00:00,1.96,545.3,175302
2026-01-24 00:10:00+00:00,1.95,544.1,171001
2026-01-24 00:11:00+00:00,1.81,541.5,120534
2026-01-24 00:12:00+00:00,1.86,547.3,90053
2026-01-24 00:13:00+00:00,1.75,551.8,95426
2026-01-24 00:14:00+00:00,1.80,553.2,101740
2026-01-24 00:15:00+00:00,1.99,555.8,98782
2026-01-24 00:16:00+00:00,1.92,557.0,97191
2026-01-24 00:17:00+00:00,1.83,543.9,95618
2026-01-24 00:18:00+00:00,1.83,543.3,95328
2026-01-24 00:19:00+00:00,1.81,540.5,94629
2026-01-24 00:20:00+00:00,1.71,538.9,97524
2026-01-24 00:21:00+00:00,1.85,539.2,95987
2026-01-24 00:22:00+00:00,1.35,537.0,113137
2026-01-24 00:23:00+00:00,1.84,537.6,93704
2026-01-24 00:24:00+00:00,1.93,537.3,101484
2026-01-24 00:25:00+00:00,1.91,537.3,98994
2026-01-24 00:26:00+00:00,2.12,550.4,103990
2026-01-24 00:27:00+00:00,2.07,551.2,111437
2026-01-24 00:28:00+00:00,2.04,551.1,100420
2026-01-24 00:29:00+00:00,2.01,554.1,92559
2026-01-24 00:30:00+00:00,2.11,554.2,91872
2026-01-24 00:31:00+00:00,2.19,551.7,91757
2026-01-24 00:32:00+00:00,2.12,552.2,96767
2026-01-24 00:33:00+00:00,2.23,558.6,101730
2026-01-24 00:34:00+00:00,2.19,565.8,101532
2026-01-24 00:35:00+00:00,2.00,561.6,92135
2026-01-24 00:36:00+00:00,1.78,551.3,85424
2026-01-24 00:37:00+00:00,2.29,551.0,94766
2026-01-24 00:38:00+00:00,2.13,553.9,95778
2026-01-24 00:39:00+00:00,2.22,554.9,92872
2026-01-24 00:40:00+00:00,2.20,552.3,95261
2026-01-24 00:41:00+00:00,2.02,543.7,98332
2026-01-24 00:42:00+00:00,2.26,544.0,91096
2026-01-24 00:43:00+00:00,2.31,547.7,95306
2026-01-24 00:44:00+00:00,2.21,547.4,100373
2026-01-24 00:45:00+00:00,2.17,553.5,98907
2026-01-24 00:46:00+00:00,2.27,559.4,101574
2026-01-24 00:47:00+00:00,2.29,558.4,104496
2026-01-24 00:48:00+00:00,2.27,558.0,103142
2026-01-24 00:49:00+00:00,2.51,558.8,108259
2026-01-24 00:50:00+00:00,2.49,568.4,109107
2026-01-24 00:51:00+00:00,2.51,566.7,107110
2026-01-24 00:52:00+00:00,2.65,556.3,95707
2026-01-24 00:53:00+00:00,2.60,563.9,117807
2026-01-24 00:54:00+00:00,2.45,565.7,113697
2026-01-24 00:55:00+00:00,2.39,565.7,111707
2026-01-24 00:56:00+00:00,2.62,567.3,114676
2026-01-24 00:57:00+00:00,1.93,552.4,98182
2026-01-24 00:58:00+00:00,2.22,550.7,93920
2026-01-24 00:59:00+00:00,2.32,548.5,94901
2026-01-24 01:00:00+00:00,2.31,547.0,95003
2026-01-24 01:01:00+00:00,2.36,558.8,114735
2026-01-24 01:02:00+00:00,2.39,569.2,132229
2026-01-24 01:03:00+00:00,2.21,562.7,124837
2026-01-24 01:04:00+00:00,2.20,560.4,120665
2026-01-24 01:05:00+00:00,2.15,556.5,112737
2026-01-24 01:06:00+00:00,2.04,559.1,111970
2026-01-24 01:07:00+00:00,2.01,561.8,106062
2026-01-24 01:08:00+00:00,1.80,565.6,118009
2026-01-24 01:09:00+00:00,1.73,565.5,128155
2026-01-24 01:10:00+00:00,1.64,560.4,110506
2026-01-24 01:11:00+00:00,1.88,557.5,93566
2026-01-24 01:12:00+00:00,1.68,558.8,106946
2026-01-24 01:13:00+00:00,1.56,556.1,112168
2026-01-24 01:14:00+00:00,1.50,558.3,105740
2026-01-24 01:15:00+00:00,1.92,547.8,125920
2026-01-24 01:16:00+00:00,2.22,544.7,130367
2026-01-24 01:17:00+00:00,2.38,552.7,134008
2026-01-24 01:18:00+00:00,2.43,555.9,140142
2026-01-24 01:19:00+00:00,2.21,552.0,133810
2026-01-24 01:20:00+00:00,1.91,548.1,122355
2026-01-24 01:21:00+00:00,1.95,545.8,114330
2026-01-24 01:22:00+00:00,2.21,550.7,113427
2026-01-24 01:23:00+00:00,1.85,547.2,90278
2026-01-24 01:24:00+00:00,1.87,547.6,90536
2026-01-24 01:25:00+00:00,2.14,554.4,94145
2026-01-24 01:26:00+00:00,2.21,550.0,83410
2026-01-24 01:27:00+00:00,2.20,550.7,95104
2026-01-24 01:28:00+00:00,1.91,548.4,100956
2026-01-24 01:29:00+00:00,2.34,571.5,111411
2026-01-24 01:30:00+00:00,2.23,570.8,104227
2026-01-24 01:31:00+00:00,2.24,562.3,97841
2026-01-24 01:32:00+00:00,2.12,560.3,100668
2026-01-24 01:33:00+00:00,2.10,562.3,103553
2026-01-24 01:34:00+00:00,2.28,565.4,109109
2026-01-24 01:35:00+00:00,2.39,565.3,112931
2026-01-24 01:36:00+00:00,2.19,558.4,117392
2026-01-24 01:37:00+00:00,2.00,553.2,123590
2026-01-24 01:38:00+00:00,2.42,557.6,97507
2026-01-24 01:39:00+00:00,2.28,559.5,105080
2026-01-24 01:40:00+00:00,2.08,558.5,102969
2026-01-24 01:41:00+00:00,2.41,558.5,94195
2026-01-24 01:42:00+00:00,2.32,558.7,95810
2026-01-24 01:43:00+00:00,1.97,561.4,92794
2026-01-24 01:44:00+00:00,2.24,554.2,89991
2026-01-24 01:45:00+00:00,2.37,556.6,109935
2026-01-24 01:46:00+00:00,2.31,562.2,123076
2026-01-24 01:47:00+00:00,2.22,564.2,111680
2026-01-24 01:48:00+00:00,2.04,564.6,114690
2026-01-24 01:49:00+00:00,2.04,560.3,121920
2026-01-24 01:50:00+00:00,2.17,566.5,123696
2026-01-24 01:51:00+00:00,1.91,594.4,127449
2026-01-24 01:52:00+00:00,1.70,616.8,123655
2026-01-24 01:53:00+00:00,2.12,596.8,117421
2026-01-24 01:54:00+00:00,1.95,564.2,133746
2026-01-24 01:55:00+00:00,1.68,614.0,112471
2026-01-24 01:56:00+00:00,2.19,557.0,139537
2026-01-24 01:57:00+00:00,2.19,557.0,139537
2026-01-24 01:58:00+00:00,2.17,550.3,115088
2026-01-24 01:59:00+00:00,2.22,555.6,104116
2026-01-24 02:00:00+00:00,1.74,545.3,107937
2026-01-24 02:01:00+00:00,2.09,544.1,123964
2026-01-24 02:02:00+00:00,2.46,546.9,120322
2026-01-24 02:03:00+00:00,2.43,549.1,113185
2026-01-24 02:04:00+00:00,2.16,552.0,104879
2026-01-24 02:05:00+00:00,2.09,550.3,99206
2026-01-24 02:06:00+00:00,2.23,549.4,96426
2026-01-24 02:07:00+00:00,2.12,552.3,93073
2026-01-24 02:08:00+00:00,1.88,551.7,93942
2026-01-24 02:09:00+00:00,1.91,549.9,101184
2026-01-24 02:10:00+00:00,1.58,553.6,101727
2026-01-24 02:11:00+00:00,1.71,552.0,101945
2026-01-24 02:12:00+00:00,2.21,549.7,99962
2026-01-24 02:13:00+00:00,2.23,546.4,98291
2026-01-24 02:14:00+00:00,2.34,547.6,112119
2026-01-24 02:15:00+00:00,2.11,544.5,110451
2026-01-24 02:16:00+00:00,2.12,547.6,119064
2026-01-24 02:17:00+00:00,1.83,557.4,121651
2026-01-24 02:18:00+00:00,2.23,546.9,116662
2026-01-24 02:19:00+00:00,2.35,545.7,110529
2026-01-24 02:20:00+00:00,2.24,549.3,112119
2026-01-24 02:21:00+00:00,2.16,545.5,107576
2026-01-24 02:22:00+00:00,2.10,537.7,104215
2026-01-24 02:23:00+00:00,2.02,533.7,110610
2026-01-24 02:24:00+00:00,1.98,534.9,112770
2026-01-24 02:25:00+00:00,2.15,538.3,106266
2026-01-24 02:26:00+00:00,2.42,541.1,106162
2026-01-24 02:27:00+00:00,2.08,545.0,118596
2026-01-24 02:28:00+00:00,1.95,542.8,121352
2026-01-24 02:30:00+00:00,1.75,551.0,111711
2026-01-24 02:31:00+00:00,1.82,555.7,134028
2026-01-24 02:32:00+00:00,2.09,555.9,115309
2026-01-24 02:33:00+00:00,2.04,547.9,114830
2026-01-24 02:34:00+00:00,1.54,548.8,135823
2026-01-24 02:35:00+00:00,1.25,549.2,123224
2026-01-24 02:36:00+00:00,1.60,539.1,103222
2026-01-24 02:37:00+00:00,1.88,537.9,105885
2026-01-24 02:38:00+00:00,1.78,541.0,110378
2026-01-24 02:39:00+00:00,1.60,538.8,116071
2026-01-24 02:40:00+00:00,1.67,538.8,124051
2026-01-24 02:41:00+00:00,1.82,539.5,111683
2026-01-24 02:42:00+00:00,1.55,539.0,112669
2026-01-24 02:43:00+00:00,1.92,539.9,102852
2026-01-24 02:44:00+00:00,1.58,536.1,111125
2026-01-24 02:45:00+00:00,1.41,539.7,133397
2026-01-24 02:46:00+00:00,1.42,537.9,140380
2026-01-24 02:47:00+00:00,1.62,539.3,128093
2026-01-24 02:48:00+00:00,1.73,535.7,118622
2026-01-24 02:49:00+00:00,1.55,538.0,120419
2026-01-24 02:50:00+00:00,1.84,543.5,127597
2026-01-24 02:51:00+00:00,1.87,542.6,133857
2026-01-24 02:52:00+00:00,1.52,542.0,172296
2026-01-24 02:53:00+00:00,1.28,539.6,178267
2026-01-24 02:54:00+00:00,1.40,537.7,180289
2026-01-24 02:55:00+00:00,1.47,538.5,192201
2026-01-24 02:56:00+00:00,1.46,539.5,175637
2026-01-24 02:57:00+00:00,1.71,541.7,163116
2026-01-24 02:58:00+00:00,1.75,544.9,156352
2026-01-24 02:59:00+00:00,1.88,552.7,187344
2026-01-24 03:00:00+00:00,1.40,551.4,159165
2026-01-24 03:01:00+00:00,2.32,547.2,106621
2026-01-24 03:03:00+00:00,2.51,549.8,131806
2026-01-24 03:04:00+00:00,2.17,577.1,108730
2026-01-24 03:05:00+00:00,2.24,566.5,115182
2026-01-24 03:06:00+00:00,2.00,567.2,117131
2026-01-24 03:07:00+00:00,1.52,546.7,134620
2026-01-24 03:08:00+00:00,1.61,532.2,145740
2026-01-24 03:09:00+00:00,1.46,532.2,189990
2026-01-24 03:10:00+00:00,1.21,533.4,208017
2026-01-24 03:11:00+00:00,1.50,531.7,167864
2026-01-24 03:12:00+00:00,1.77,530.0,134661
2026-01-24 03:13:00+00:00,1.74,529.6,116734
2026-01-24 03:14:00+00:00,1.99,531.9,103500
2026-01-24 03:15:00+00:00,1.68,534.5,109620
2026-01-24 03:16:00+00:00,1.47,557.1,93686
2026-01-24 03:17:00+00:00,2.05,530.4,89756
2026-01-24 03:18:00+00:00,2.10,541.4,95040
2026-01-24 03:19:00+00:00,2.04,541.9,105406
2026-01-24 03:20:00+00:00,1.83,551.4,79756
2026-01-24 03:21:00+00:00,1.80,541.4,89643
2026-01-24 03:22:00+00:00,1.82,531.7,103425
2026-01-24 03:23:00+00:00,1.95,535.3,110145
2026-01-24 03:24:00+00:00,2.09,536.9,107114
2026-01-24 03:25:00+00:00,2.09,533.9,102899
2026-01-24 03:26:00+00:00,1.98,530.0,108831
2026-01-24 03:27:00+00:00,1.87,528.3,108939
2026-01-24 03:28:00+00:00,1.93,529.9,93893
2026-01-24 03:29:00+00:00,2.10,529.8,89323
2026-01-24 03:30:00+00:00,2.02,529.4,97285
2026-01-24 03:31:00+00:00,2.47,534.2,106630
2026-01-24 03:32:00+00:00,1.82,541.9,97241
2026-01-24 03:33:00+00:00,1.91,546.6,105866
2026-01-24 03:34:00+00:00,2.17,555.8,113235
2026-01-24 03:35:00+00:00,2.17,555.8,113235
2026-01-24 03:36:00+00:00,2.05,543.2,123057
2026-01-24 03:37:00+00:00,1.76,548.8,111501
2026-01-24 03:38:00+00:00,1.68,556.5,119204
2026-01-24 03:39:00+00:00,1.65,554.8,127283
2026-01-24 03:40:00+00:00,1.95,550.4,106679
2026-01-24 03:41:00+00:00,2.15,549.3,99595
2026-01-24 03:42:00+00:00,2.01,544.6,97061
2026-01-24 03:43:00+00:00,1.90,538.9,92415
2026-01-24 03:44:00+00:00,2.05,542.2,101151
2026-01-24 03:45:00+00:00,2.17,546.0,99977
2026-01-24 03:46:00+00:00,2.08,542.3,104203
2026-01-24 03:47:00+00:00,2.23,545.5,117480
2026-01-24 03:48:00+00:00,2.30,550.0,114342
2026-01-24 03:49:00+00:00,1.44,552.0,114831
2026-01-24 03:50:00+00:00,2.21,545.4,94693
2026-01-24 03:51:00+00:00,1.87,549.3,129103
2026-01-24 03:52:00+00:00,1.73,544.7,106757
2026-01-24 03:53:00+00:00,1.93,555.6,120379
2026-01-24 03:54:00+00:00,1.77,553.8,124327
2026-01-24 03:55:00+00:00,1.54,545.6,134238
2026-01-24 03:56:00+00:00,1.71,542.5,135180
2026-01-24 03:57:00+00:00,2.00,537.1,120073
2026-01-24 04:00:00+00:00,2.03,538.9,118825
2026-01-24 04:01:00+00:00,1.88,538.9,126544
2026-01-24 04:02:00+00:00,1.49,539.6,142109
2026-01-24 04:03:00+00:00,1.61,541.1,121954
2026-01-24 04:04:00+00:00,1.52,533.4,138515
2026-01-24 04:05:00+00:00,1.72,528.8,143799
2026-01-24 04:06:00+00:00,1.94,531.2,127825
2026-01-24 04:07:00+00:00,1.78,530.9,130472
2026-01-24 04:08:00+00:00,1.77,530.9,130661
2026-01-24 04:09:00+00:00,1.94,538.8,119194
2026-01-24 04:10:00+00:00,1.35,532.3,167597
2026-01-24 04:11:00+00:00,1.24,536.9,169507
2026-01-24 04:12:00+00:00,1.23,538.8,174669
2026-01-24 04:13:00+00:00,1.01,543.1,194761
2026-01-24 04:14:00+00:00,0.86,547.6,182017
2026-01-24 04:15:00+00:00,0.71,540.7,151781
2026-01-24 04:16:00+00:00,0.42,548.9,157653
2026-01-24 04:17:00+00:00,0.51,575.5,169436
2026-01-24 04:18:00+00:00,1.06,549.7,140952
2026-01-24 04:19:00+00:00,0.95,550.2,179421
2026-01-24 04:20:00+00:00,0.65,547.7,255807
2026-01-24 04:21:00+00:00,0.88,537.2,178329
2026-01-24 04:22:00+00:00,0.71,546.0,196318
2026-01-24 04:23:00+00:00,0.50,551.5,191880
2026-01-24 04:24:00+00:00,0.33,568.9,200262
2026-01-24 04:25:00+00:00,0.24,566.4,195960
2026-01-24 04:26:00+00:00,0.19,567.1,146570
2026-01-24 04:27:00+00:00,0.41,569.6,115906
2026-01-24 04:28:00+00:00,0.63,567.9,107705
2026-01-24 04:29:00+00:00,0.71,567.0,107119
2026-01-24 04:30:00+00:00,0.76,566.4,112830
2026-01-24 04:31:00+00:00,0.77,564.8,112345
2026-01-24 04:32:00+00:00,0.80,569.2,105016
2026-01-24 04:33:00+00:00,1.02,576.3,117350
2026-01-24 04:34:00+00:00,1.37,565.5,133590
2026-01-24 04:35:00+00:00,1.94,546.0,116790
2026-01-24 04:36:00+00:00,1.94,542.9,112960
2026-01-24 04:37:00+00:00,1.94,552.9,108358
2026-01-24 04:38:00+00:00,1.89,549.1,113498
2026-01-24 04:39:00+00:00,1.36,547.9,134536
2026-01-24 04:40:00+00:00,1.51,539.6,155085
2026-01-24 04:41:00+00:00,1.54,538.3,158015
2026-01-24 04:42:00+00:00,0.06,517.2,174328
2026-01-24 04:43:00+00:00,0.16,518.7,111169
2026-01-24 04:44:00+00:00,0.50,545.6,163665
2026-01-24 04:45:00+00:00,0.63,552.6,216956
2026-01-24 04:46:00+00:00,0.80,540.0,200689
2026-01-24 04:47:00+00:00,1.01,536.6,192473
2026-01-24 04:48:00+00:00,0.97,537.8,194836
2026-01-24 04:49:00+00:00,1.04,540.1,172076
2026-01-24 04:50:00+00:00,1.14,545.1,147069
2026-01-24 04:51:00+00:00,1.36,545.8,98057
2026-01-24 04:52:00+00:00,1.60,551.1,98280
2026-01-24 04:53:00+00:00,1.62,549.4,104627
2026-01-24 04:54:00+00:00,0.95,539.4,140896
2026-01-24 04:55:00+00:00,1.93,562.3,101444
2026-01-24 04:56:00+00:00,1.77,558.1,111890
2026-01-24 04:57:00+00:00,1.72,562.4,111802
2026-01-24 04:58:00+00:00,1.73,542.3,103577
2026-01-24 04:59:00+00:00,1.61,550.2,107679
2026-01-24 05:00:00+00:00,1.35,561.9,97914
2026-01-24 05:01:00+00:00,1.34,563.4,95128
2026-01-24 05:02:00+00:00,1.43,559.8,103329
2026-01-24 05:03:00+00:00,1.39,555.7,105893
2026-01-24 05:04:00+00:00,1.46,551.2,107523
2026-01-24 05:05:00+00:00,1.60,543.6,117360
2026-01-24 05:06:00+00:00,1.44,537.9,128461
2026-01-24 05:07:00+00:00,1.27,538.1,127422
2026-01-24 05:08:00+00:00,1.30,538.6,132058
2026-01-24 05:09:00+00:00,1.33,546.8,109084
2026-01-24 05:10:00+00:00,2.18,568.8,115865
2026-01-24 05:11:00+00:00,1.94,561.8,111269
2026-01-24 05:12:00+00:00,1.79,566.5,88042
2026-01-24 05:13:00+00:00,1.85,575.9,122773
2026-01-24 05:14:00+00:00,1.87,578.0,132337
2026-01-24 05:15:00+00:00,1.54,575.5,98259
2026-01-24 05:16:00+00:00,0.76,576.5,114200
2026-01-24 05:17:00+00:00,0.66,568.0,120454
2026-01-24 05:18:00+00:00,0.97,555.5,130588
2026-01-24 05:19:00+00:00,0.87,551.9,130855
2026-01-24 05:20:00+00:00,1.17,558.8,105332
2026-01-24 05:21:00+00:00,1.83,568.1,98412
2026-01-24 05:22:00+00:00,1.78,565.8,92686
2026-01-24 05:23:00+00:00,2.02,556.4,101714
2026-01-24 05:24:00+00:00,2.32,561.3,100321
2026-01-24 05:25:00+00:00,2.33,562.3,114673
2026-01-24 05:26:00+00:00,1.74,550.7,103145
2026-01-24 05:27:00+00:00,1.39,558.2,94780
2026-01-24 05:28:00+00:00,1.29,555.8,86629
2026-01-24 05:29:00+00:00,1.19,550.6,100480
2026-01-24 05:30:00+00:00,0.77,550.8,123635
2026-01-24 05:31:00+00:00,0.88,550.7,114782
2026-01-24 05:32:00+00:00,1.10,551.3,110215
2026-01-24 05:33:00+00:00,1.09,551.1,110850
2026-01-24 05:34:00+00:00,1.17,550.2,102633
2026-01-24 05:35:00+00:00,1.30,549.0,98980
2026-01-24 05:36:00+00:00,1.46,543.7,99536
2026-01-24 05:37:00+00:00,1.89,536.2,86199
2026-01-24 05:38:00+00:00,1.95,534.6,84425
2026-01-24 05:39:00+00:00,2.32,532.8,99790
2026-01-24 05:40:00+00:00,1.86,543.4,95274
2026-01-24 05:41:00+00:00,2.20,541.0,95732
2026-01-24 05:42:00+00:00,2.10,546.5,108458
2026-01-24 05:43:00+00:00,1.79,549.2,94005
2026-01-24 05:44:00+00:00,1.66,555.4,109113
2026-01-24 05:45:00+00:00,1.49,555.8,98252
2026-01-24 05:46:00+00:00,1.12,549.9,113493
2026-01-24 05:47:00+00:00,1.00,547.9,120249
2026-01-24 05:48:00+00:00,0.93,554.7,104480
2026-01-24 05:49:00+00:00,0.97,552.8,104910
2026-01-24 05:50:00+00:00,0.90,549.6,116891
2026-01-24 05:51:00+00:00,0.74,547.0,122946
2026-01-24 05:52:00+00:00,0.70,546.3,121408
2026-01-24 05:53:00+00:00,0.71,544.8,132091
2026-01-24 05:54:00+00:00,0.54,546.5,130135
2026-01-24 05:55:00+00:00,0.14,576.2,194089
2026-01-24 05:56:00+00:00,0.60,541.6,102061
2026-01-24 05:57:00+00:00,0.59,543.7,152687
2026-01-24 05:58:00+00:00,0.62,545.9,145932
2026-01-24 05:59:00+00:00,0.89,543.0,126204
2026-01-24 06:00:00+00:00,0.90,540.6,131597
2026-01-24 06:01:00+00:00,1.05,545.9,113158
2026-01-24 06:02:00+00:00,1.03,550.4,108614
2026-01-24 06:03:00+00:00,1.14,547.3,103515
2026-01-24 06:04:00+00:00,1.05,548.8,101164
2026-01-24 06:05:00+00:00,1.27,546.9,100885
2026-01-24 06:06:00+00:00,1.35,543.4,112015
2026-01-24 06:07:00+00:00,1.09,543.3,124000
2026-01-24 06:08:00+00:00,0.99,547.7,121175
2026-01-24 06:09:00+00:00,0.95,552.8,117066
2026-01-24 06:10:00+00:00,1.21,540.7,110628
2026-01-24 06:11:00+00:00,1.33,546.1,106978
2026-01-24 06:12:00+00:00,1.41,554.6,106570
2026-01-24 06:13:00+00:00,1.52,561.5,100734
2026-01-24 06:14:00+00:00,1.07,551.1,119021
2026-01-24 06:15:00+00:00,1.16,523.2,151211
2026-01-24 06:16:00+00:00,1.09,518.6,154120
2026-01-24 06:17:00+00:00,1.16,524.5,129895
2026-01-24 06:18:00+00:00,1.08,524.0,152049
2026-01-24 06:19:00+00:00,1.74,537.9,130149
2026-01-24 06:20:00+00:00,2.09,545.3,114065
2026-01-24 06:21:00+00:00,0.10,489.4,27632
2026-01-24 06:22:00+00:00,0.21,518.0,121510
2026-01-24 06:23:00+00:00,0.28,532.4,167966
2026-01-24 06:24:00+00:00,0.18,528.9,133349
2026-01-24 06:25:00+00:00,0.15,556.3,207393
2026-01-24 06:26:00+00:00,0.15,514.7,151344
2026-01-24 06:27:00+00:00,0.15,565.4,327521
2026-01-24 06:28:00+00:00,0.07,521.0,126155
2026-01-24 06:29:00+00:00,0.12,506.6,130390
2026-01-24 06:30:00+00:00,0.15,545.0,247307
2026-01-24 06:31:00+00:00,0.09,552.9,129563
2026-01-24 06:32:00+00:00,0.18,553.5,115815
2026-01-24 06:33:00+00:00,0.10,555.9,116024
2026-01-24 06:34:00+00:00,0.16,563.5,103201
2026-01-24 06:35:00+00:00,0.15,559.1,122447
2026-01-24 06:36:00+00:00,0.57,567.0,127249
2026-01-24 06:37:00+00:00,0.61,570.5,100204
2026-01-24 06:38:00+00:00,0.74,568.7,90156
2026-01-24 06:39:00+00:00,0.77,573.1,93421
2026-01-24 06:40:00+00:00,0.30,573.5,87377
2026-01-24 06:41:00+00:00,0.49,572.7,101528
2026-01-24 06:42:00+00:00,0.70,576.9,127509
2026-01-24 06:43:00+00:00,0.68,525.3,173440
2026-01-24 06:44:00+00:00,0.37,504.4,70722
2026-01-24 06:45:00+00:00,1.27,516.7,162155
2026-01-24 06:46:00+00:00,0.90,556.1,117853
2026-01-24 06:47:00+00:00,0.78,529.1,199374
2026-01-24 06:48:00+00:00,0.63,536.2,233682
2026-01-24 06:49:00+00:00,0.61,541.5,204664
2026-01-24 06:50:00+00:00,1.15,543.4,137141
2026-01-24 06:51:00+00:00,1.62,558.3,104507
2026-01-24 06:52:00+00:00,1.87,561.2,102153
2026-01-24 06:53:00+00:00,1.94,558.2,104289
2026-01-24 06:54:00+00:00,1.88,564.7,113059
2026-01-24 06:55:00+00:00,1.90,564.5,125059
2026-01-24 06:56:00+00:00,1.68,567.5,127874
2026-01-24 06:57:00+00:00,1.27,572.7,100936
2026-01-24 06:58:00+00:00,1.46,565.4,110113
2026-01-24 06:59:00+00:00,1.37,551.9,104994
2026-01-24 07:00:00+00:00,0.94,549.2,80945
2026-01-24 07:01:00+00:00,0.72,545.7,113305
2026-01-24 07:02:00+00:00,1.61,563.5,88601
2026-01-24 07:03:00+00:00,1.14,539.0,122932
2026-01-24 07:04:00+00:00,1.41,534.3,105008
2026-01-24 07:05:00+00:00,1.48,540.1,117263
2026-01-24 07:06:00+00:00,1.30,558.3,117119
2026-01-24 07:07:00+00:00,1.49,568.8,119193
2026-01-24 07:08:00+00:00,1.41,553.4,109146
2026-01-24 07:09:00+00:00,1.72,551.8,124977
2026-01-24 07:10:00+00:00,1.38,551.7,219943
2026-01-24 07:11:00+00:00,0.39,526.3,228179
2026-01-24 07:12:00+00:00,0.29,515.8,160872
2026-01-24 07:13:00+00:00,0.48,540.2,258007
2026-01-24 07:14:00+00:00,0.37,540.8,263434
2026-01-24 08:14:00+00:00,0.29,538.5,286365
2026-01-24 08:15:00+00:00,0.30,537.8,267563
2026-01-24 08:16:00+00:00,0.26,540.7,239630
2026-01-24 08:17:00+00:00,0.18,550.1,249712
2026-01-24 08:18:00+00:00,0.22,549.6,240237
2026-01-24 08:19:00+00:00,0.10,537.2,117783
2026-01-24 08:20:00+00:00,0.15,572.0,249270
2026-01-24 08:21:00+00:00,0.17,548.2,234336
2026-01-24 08:22:00+00:00,0.21,560.0,228543
2026-01-24 08:23:00+00:00,0.15,561.3,184648
2026-01-24 08:24:00+00:00,0.12,556.6,275377
2026-01-24 08:25:00+00:00,0.08,559.3,232457
2026-01-24 08:26:00+00:00,0.10,566.9,164398
2026-01-24 08:27:00+00:00,0.09,567.3,293105
2026-01-24 08:28:00+00:00,0.07,544.1,179396
2026-01-24 08:29:00+00:00,0.05,545.5,193071
2026-01-24 08:30:00+00:00,0.05,561.7,277398
2026-01-24 08:31:00+00:00,0.07,561.3,279617
2026-01-24 08:32:00+00:00,0.08,557.2,346730
2026-01-24 08:33:00+00:00,0.04,554.9,163630
2026-01-24 08:34:00+00:00,0.05,556.3,175797
2026-01-24 08:35:00+00:00,0.07,558.9,206184
2026-01-24 08:36:00+00:00,0.06,540.3,92270
2026-01-24 08:37:00+00:00,0.11,549.4,160892
2026-01-24 08:38:00+00:00,0.26,547.3,131417
2026-01-24 08:39:00+00:00,0.08,534.8,82940
2026-01-24 08:40:00+00:00,0.05,572.8,268905
2026-01-24 08:41:00+00:00,0.09,570.6,174059
2026-01-24 08:42:00+00:00,0.07,568.3,235456
2026-01-24 08:43:00+00:00,0.07,584.0,247866
2026-01-24 08:44:00+00:00,0.07,577.0,255122
2026-01-24 08:45:00+00:00,0.08,558.5,221358
2026-01-24 08:46:00+00:00,0.07,552.4,241522
2026-01-24 08:47:00+00:00,0.04,554.0,294494
2026-01-24 08:48:00+00:00,0.04,552.3,290452
2026-01-24 08:49:00+00:00,0.06,551.7,323312
2026-01-24 08:50:00+00:00,0.10,562.4,297664
2026-01-24 08:51:00+00:00,0.08,575.2,251543
2026-01-24 08:52:00+00:00,0.06,570.9,177679
2026-01-24 08:53:00+00:00,0.13,586.6,272527
2026-01-24 08:54:00+00:00,0.37,571.0,229177
2026-01-24 08:55:00+00:00,0.32,568.6,97081
2026-01-24 08:56:00+00:00,0.18,582.0,179751
2026-01-24 08:57:00+00:00,0.28,574.8,147721
2026-01-24 08:58:00+00:00,0.31,519.3,60168
2026-01-24 08:59:00+00:00,0.21,533.7,152164
2026-01-24 09:00:00+00:00,0.11,540.7,151566
2026-01-24 09:01:00+00:00,0.08,542.7,221623
2026-01-24 09:02:00+00:00,0.24,567.1,288177
2026-01-24 09:03:00+00:00,0.34,573.2,265399
2026-01-24 09:04:00+00:00,0.19,549.3,309846
2026-01-24 09:05:00+00:00,0.08,541.3,364253
2026-01-24 09:06:00+00:00,0.06,487.6,23415
2026-01-24 09:07:00+00:00,0.08,488.2,25171
2026-01-24 09:08:00+00:00,0.20,492.8,44601
2026-01-24 09:09:00+00:00,0.59,503.4,156828
2026-01-24 09:10:00+00:00,0.59,532.5,222782
2026-01-24 09:11:00+00:00,1.49,518.9,128771
2026-01-24 09:12:00+00:00,1.55,514.9,107729
2026-01-24 09:13:00+00:00,1.03,501.8,95200
2026-01-24 09:14:00+00:00,1.19,506.0,117149
2026-01-24 09:15:00+00:00,1.04,509.7,137985
2026-01-24 09:16:00+00:00,0.87,509.3,157468
2026-01-24 09:17:00+00:00,0.90,508.9,158936
2026-01-24 09:18:00+00:00,1.22,512.0,141451
2026-01-24 09:19:00+00:00,1.31,516.6,150321
2026-01-24 09:20:00+00:00,0.96,514.5,154075
2026-01-24 09:21:00+00:00,0.95,508.6,113255
2026-01-24 09:22:00+00:00,0.90,512.9,152001
2026-01-24 09:23:00+00:00,0.70,511.3,150309
2026-01-24 09:24:00+00:00,0.50,543.6,233413
2026-01-24 09:25:00+00:00,0.63,495.1,55817
2026-01-24 09:26:00+00:00,0.99,513.2,164731
2026-01-24 09:27:00+00:00,1.09,503.3,61971
2026-01-24 09:28:00+00:00,1.20,515.7,147140
2026-01-24 09:29:00+00:00,1.11,502.5,95064
2026-01-24 09:30:00+00:00,1.90,514.2,88519
2026-01-24 09:31:00+00:00,2.14,525.1,90121
2026-01-24 09:32:00+00:00,1.60,518.9,91214
2026-01-24 09:33:00+00:00,1.83,530.1,129800
2026-01-24 09:34:00+00:00,2.11,534.1,130419
2026-01-24 09:35:00+00:00,2.03,526.4,102808
2026-01-24 09:36:00+00:00,1.91,518.4,90672
2026-01-24 09:37:00+00:00,1.30,496.9,57508
2026-01-24 09:38:00+00:00,1.73,521.7,106129
2026-01-24 09:39:00+00:00,2.12,521.7,119439
2026-01-24 09:40:00+00:00,2.08,519.2,115359
2026-01-24 09:41:00+00:00,1.39,484.4,58246
2026-01-24 09:42:00+00:00,1.18,512.7,147730
2026-01-24 09:43:00+00:00,1.40,513.2,145669
2026-01-24 09:44:00+00:00,1.10,503.3,118049
2026-01-24 09:45:00+00:00,1.79,514.5,140425
2026-01-24 09:46:00+00:00,1.72,512.3,111908
2026-01-24 09:47:00+00:00,1.20,506.1,95005
2026-01-24 09:48:00+00:00,1.11,498.4,83566
2026-01-24 09:49:00+00:00,1.89,513.7,127409
2026-01-24 09:50:00+00:00,2.16,523.0,146260
2026-01-24 09:51:00+00:00,1.77,514.7,114330
2026-01-24 09:52:00+00:00,1.36,507.2,110338
2026-01-24 09:53:00+00:00,0.78,496.9,119467
2026-01-24 09:54:00+00:00,1.26,510.9,139623
2026-01-24 09:55:00+00:00,1.21,510.5,138601
2026-01-24 09:56:00+00:00,2.01,512.9,107492
2026-01-24 09:57:00+00:00,1.08,501.7,111134
2026-01-24 09:58:00+00:00,1.01,511.1,187804
2026-01-24 09:59:00+00:00,0.67,509.1,199546
2026-01-24 10:02:00+00:00,1.01,501.3,56297
2026-01-24 10:03:00+00:00,1.40,513.0,95675
2026-01-24 10:04:00+00:00,1.35,505.5,87664
2026-01-24 10:05:00+00:00,1.10,505.9,105117
2026-01-24 10:06:00+00:00,0.97,512.7,131613
2026-01-24 10:07:00+00:00,1.42,518.0,133826
2026-01-24 10:08:00+00:00,1.62,516.1,129752
2026-01-24 10:09:00+00:00,0.63,497.5,109534
2026-01-24 10:10:00+00:00,0.95,512.4,139263
2026-01-24 10:11:00+00:00,0.86,512.0,131842
2026-01-24 10:12:00+00:00,2.17,525.3,79824
2026-01-24 10:13:00+00:00,2.17,525.3,79824
2026-01-24 10:14:00+00:00,2.05,519.9,109117
2026-01-24 10:15:00+00:00,1.41,515.0,82429
2026-01-24 10:16:00+00:00,0.70,487.7,55591
2026-01-24 10:17:00+00:00,0.94,518.6,98923
2026-01-24 10:18:00+00:00,1.16,518.0,119924
2026-01-24 10:19:00+00:00,1.26,512.1,138539
2026-01-24 10:20:00+00:00,0.95,499.8,127170
2026-01-24 10:21:00+00:00,1.10,507.5,115804
2026-01-24 10:22:00+00:00,1.32,527.2,111446
2026-01-24 10:23:00+00:00,1.31,527.8,98226
2026-01-24 10:24:00+00:00,1.92,523.9,89738
2026-01-24 10:25:00+00:00,2.71,532.6,89057
2026-01-24 10:26:00+00:00,2.13,521.4,72925
2026-01-24 10:27:00+00:00,1.39,515.5,55840
2026-01-24 10:28:00+00:00,1.46,508.7,49838
2026-01-24 10:29:00+00:00,3.08,539.5,166656
2026-01-24 10:30:00+00:00,2.40,519.0,85058
2026-01-24 10:31:00+00:00,1.94,519.5,76198
2026-01-24 10:32:00+00:00,1.38,495.8,40819
2026-01-24 10:33:00+00:00,1.93,514.0,68422
2026-01-24 10:34:00+00:00,2.22,521.7,81269
2026-01-24 10:35:00+00:00,2.64,535.6,105740
2026-01-24 10:36:00+00:00,4.19,548.5,76162
2026-01-24 10:37:00+00:00,3.42,534.3,61927
2026-01-24 10:38:00+00:00,1.56,510.8,70536
2026-01-24 10:39:00+00:00,1.48,506.5,66544
2026-01-24 10:40:00+00:00,2.12,512.3,74666
2026-01-24 10:41:00+00:00,2.36,513.7,90129
2026-01-24 10:42:00+00:00,2.31,517.0,77112
2026-01-24 10:43:00+00:00,1.44,509.6,58048
2026-01-24 10:44:00+00:00,1.49,483.3,56180
2026-01-24 10:46:00+00:00,3.52,557.6,195969
2026-01-24 10:47:00+00:00,2.18,517.1,98408
2026-01-24 10:48:00+00:00,1.31,494.1,88445
2026-01-24 10:49:00+00:00,1.50,505.2,111246
2026-01-24 10:50:00+00:00,1.68,511.0,127593
2026-01-24 10:51:00+00:00,2.32,519.6,133607
2026-01-24 10:52:00+00:00,1.43,511.7,143015
2026-01-24 10:53:00+00:00,1.13,505.9,133885
2026-01-24 10:54:00+00:00,1.29,505.4,119617
2026-01-24 10:55:00+00:00,0.88,504.6,146901
2026-01-24 10:56:00+00:00,1.08,512.1,179416
2026-01-24 10:57:00+00:00,1.70,520.4,144122
2026-01-24 10:58:00+00:00,1.47,518.4,109140
2026-01-24 10:59:00+00:00,1.37,519.0,120050
2026-01-24 11:00:00+00:00,0.50,497.1,142099
2026-01-24 11:01:00+00:00,1.01,542.1,308672
2026-01-24 11:02:00+00:00,1.10,514.7,160423
2026-01-24 11:03:00+00:00,1.51,520.6,184512
2026-01-24 11:04:00+00:00,0.98,503.4,95728
2026-01-24 11:05:00+00:00,0.44,556.4,102071
2026-01-24 11:06:00+00:00,1.52,551.9,103221
2026-01-24 11:07:00+00:00,1.18,540.0,96164
2026-01-24 11:08:00+00:00,0.56,577.1,105029
2026-01-24 11:09:00+00:00,0.29,584.7,100688
2026-01-24 11:10:00+00:00,1.00,571.5,108477
2026-01-24 11:11:00+00:00,2.23,558.3,103474
2026-01-24 11:12:00+00:00,1.89,549.5,116368
2026-01-24 11:13:00+00:00,0.20,576.9,191180
2026-01-24 11:14:00+00:00,0.07,559.2,110239
2026-01-24 11:15:00+00:00,0.29,555.8,107247
2026-01-24 11:16:00+00:00,1.75,575.4,109806
2026-01-24 11:17:00+00:00,2.16,561.2,60227
2026-01-24 11:19:00+00:00,0.61,572.2,99573
2026-01-24 11:20:00+00:00,0.63,587.3,126076
2026-01-24 11:21:00+00:00,0.44,567.7,81047
2026-01-24 11:22:00+00:00,0.72,588.7,187244
2026-01-24 11:23:00+00:00,0.49,560.8,104904
2026-01-24 11:24:00+00:00,0.45,557.4,105402
2026-01-24 11:25:00+00:00,0.42,565.2,121486
2026-01-24 11:26:00+00:00,0.83,548.5,146679
2026-01-24 11:27:00+00:00,1.56,517.3,135095
2026-01-24 11:28:00+00:00,2.67,516.3,57271
2026-01-24 11:29:00+00:00,3.88,551.3,93982
2026-01-24 11:30:00+00:00,2.17,531.6,67974
2026-01-24 11:31:00+00:00,1.21,538.4,46227
2026-01-24 11:32:00+00:00,2.47,565.6,88521
2026-01-24 11:33:00+00:00,3.18,563.4,125527
2026-01-24 11:34:00+00:00,1.87,556.8,95004
2026-01-24 11:35:00+00:00,0.91,523.9,38779
2026-01-24 11:36:00+00:00,5.46,580.6,85404
2026-01-24 11:37:00+00:00,2.87,563.2,78562
2026-01-24 11:38:00+00:00,2.37,556.9,75201
2026-01-24 11:39:00+00:00,1.73,542.2,51270
2026-01-24 11:40:00+00:00,2.14,561.6,67048
2026-01-24 11:41:00+00:00,2.49,567.9,81630
2026-01-24 11:42:00+00:00,1.82,555.0,72826
2026-01-24 11:43:00+00:00,1.25,551.7,66657
2026-01-24 11:44:00+00:00,1.78,563.3,112889
2026-01-24 11:45:00+00:00,2.62,582.8,171183
2026-01-24 11:46:00+00:00,2.93,574.3,71870
2026-01-24 11:47:00+00:00,4.94,581.8,66076
2026-01-24 11:48:00+00:00,2.03,585.2,147859
2026-01-24 11:49:00+00:00,3.41,580.6,41963
2026-01-24 11:50:00+00:00,1.38,572.2,73759
2026-01-24 11:51:00+00:00,1.38,572.2,73759
2026-01-24 11:52:00+00:00,2.18,580.9,139030
2026-01-24 11:53:00+00:00,0.96,545.9,73910
2026-01-24 11:54:00+00:00,1.28,565.5,82151
2026-01-24 11:55:00+00:00,1.23,539.9,58597
2026-01-24 11:56:00+00:00,1.52,562.0,134645
2026-01-24 11:57:00+00:00,1.69,576.4,134941
2026-01-24 11:58:00+00:00,1.57,569.5,83833
2026-01-24 11:59:00+00:00,1.79,576.2,111395
2026-01-24 12:00:00+00:00,2.16,578.9,137372
2026-01-24 12:01:00+00:00,2.05,572.6,103834
2026-01-24 12:02:00+00:00,1.51,552.1,68220
2026-01-24 12:03:00+00:00,0.96,530.8,55233
2026-01-24 12:04:00+00:00,1.76,556.3,90033
2026-01-24 12:05:00+00:00,1.13,551.0,65165
2026-01-24 12:06:00+00:00,1.28,549.3,76823
2026-01-24 12:07:00+00:00,0.71,520.7,48754
2026-01-24 12:08:00+00:00,1.93,541.3,126691
2026-01-24 12:09:00+00:00,2.08,544.0,87383
2026-01-24 12:10:00+00:00,2.06,543.9,74482
2026-01-24 12:11:00+00:00,5.84,533.6,46934
2026-01-24 12:12:00+00:00,3.51,545.3,91477
2026-01-24 12:13:00+00:00,1.70,545.3,98449
2026-01-24 12:14:00+00:00,1.27,534.0,67271
2026-01-24 12:15:00+00:00,1.75,531.2,107582
2026-01-24 12:16:00+00:00,2.20,526.8,142990
2026-01-24 12:17:00+00:00,1.13,520.2,63044
2026-01-24 12:18:00+00:00,1.58,544.9,87520
2026-01-24 12:19:00+00:00,1.47,542.4,79331
2026-01-24 12:20:00+00:00,1.47,542.5,78773
2026-01-24 12:21:00+00:00,1.48,544.1,70958
2026-01-24 12:22:00+00:00,1.40,553.9,82616
2026-01-24 12:25:00+00:00,1.51,543.7,77581
2026-01-24 12:26:00+00:00,1.77,537.6,67627
2026-01-24 12:27:00+00:00,2.09,546.3,85271
2026-01-24 12:28:00+00:00,1.73,550.4,88192
2026-01-24 12:29:00+00:00,1.35,553.9,70834
2026-01-24 12:30:00+00:00,1.28,557.7,69713
2026-01-24 12:31:00+00:00,1.35,560.7,74589
2026-01-24 12:32:00+00:00,1.41,570.2,64981
2026-01-24 12:33:00+00:00,1.29,576.5,61160
2026-01-24 12:34:00+00:00,1.32,566.3,58811
2026-01-24 12:35:00+00:00,1.36,556.7,83190
2026-01-24 12:36:00+00:00,1.84,527.8,102666
2026-01-24 12:37:00+00:00,1.55,558.1,93596
2026-01-24 12:38:00+00:00,2.03,517.4,68651
2026-01-24 12:39:00+00:00,2.22,523.1,83130
2026-01-24 12:40:00+00:00,2.21,525.1,93371
2026-01-24 12:41:00+00:00,2.09,526.2,98013
2026-01-24 12:42:00+00:00,2.31,520.0,107789
2026-01-24 12:43:00+00:00,2.21,516.0,111096
2026-01-24 12:44:00+00:00,2.10,511.2,91842
2026-01-24 12:45:00+00:00,2.02,512.4,90087
2026-01-24 12:46:00+00:00,1.79,520.4,108022
2026-01-24 12:47:00+00:00,1.71,522.0,110040
2026-01-24 12:48:00+00:00,2.12,516.8,97338
2026-01-24 12:49:00+00:00,2.49,518.7,92751
2026-01-24 12:50:00+00:00,2.21,519.2,91352
2026-01-24 12:51:00+00:00,2.20,517.2,98739
2026-01-24 12:52:00+00:00,2.12,523.6,87189
2026-01-24 12:53:00+00:00,2.28,512.2,80396
2026-01-24 12:54:00+00:00,2.24,515.8,92432
2026-01-24 12:55:00+00:00,2.01,510.0,105006
2026-01-24 12:58:00+00:00,1.85,506.5,114144
2026-01-24 12:59:00+00:00,2.17,511.9,105934
2026-01-24 13:00:00+00:00,2.30,512.8,100802
2026-01-24 13:01:00+00:00,2.22,515.0,105629
2026-01-24 13:02:00+00:00,2.19,517.0,112604
2026-01-24 13:03:00+00:00,1.87,518.4,120799
2026-01-24 13:04:00+00:00,1.42,530.5,116833
2026-01-24 13:05:00+00:00,1.54,547.0,89239
2026-01-24 13:06:00+00:00,1.59,548.3,83991
2026-01-24 13:07:00+00:00,1.86,552.0,91605
2026-01-24 13:08:00+00:00,1.68,533.1,100480
2026-01-24 13:09:00+00:00,1.74,559.8,80932
2026-01-24 13:10:00+00:00,1.66,557.3,100668
2026-01-24 13:11:00+00:00,1.74,560.9,91546
2026-01-24 13:12:00+00:00,1.69,571.9,115773
2026-01-24 13:13:00+00:00,1.25,522.5,159780
2026-01-24 13:14:00+00:00,1.81,509.3,129812
2026-01-24 13:15:00+00:00,1.51,509.5,136925
2026-01-24 13:16:00+00:00,0.87,524.2,159900
2026-01-24 13:17:00+00:00,0.52,539.7,185989
2026-01-24 13:18:00+00:00,1.26,530.1,160350
2026-01-24 13:19:00+00:00,1.98,510.8,117253
2026-01-24 13:20:00+00:00,1.47,509.4,139874
2026-01-24 13:21:00+00:00,1.22,513.3,158764
2026-01-24 13:22:00+00:00,1.52,512.4,128259
2026-01-24 13:23:00+00:00,1.49,510.9,152175
2026-01-24 13:24:00+00:00,1.98,510.2,118287
2026-01-24 13:25:00+00:00,1.42,510.5,130246
2026-01-24 13:26:00+00:00,1.08,515.0,172851
2026-01-24 13:27:00+00:00,0.47,541.9,230821
2026-01-24 13:28:00+00:00,1.70,559.4,128451
2026-01-24 13:31:00+00:00,2.49,516.4,92760
2026-01-24 13:32:00+00:00,2.26,520.0,95495
2026-01-24 13:33:00+00:00,2.26,516.7,100591
2026-01-24 13:34:00+00:00,1.71,521.4,127417
2026-01-24 13:35:00+00:00,1.41,526.2,130716
2026-01-24 13:36:00+00:00,2.16,514.2,93717
2026-01-24 13:37:00+00:00,2.18,508.4,95237
2026-01-24 13:38:00+00:00,2.06,507.7,106377
2026-01-24 13:39:00+00:00,1.74,511.9,114603
2026-01-24 13:40:00+00:00,2.02,508.3,112839
2026-01-24 13:41:00+00:00,1.46,507.0,133461
2026-01-24 13:42:00+00:00,2.02,508.3,109104
2026-01-24 13:43:00+00:00,1.97,504.4,119498
2026-01-24 13:44:00+00:00,1.37,506.4,168892
2026-01-24 13:45:00+00:00,0.99,513.7,212410
2026-01-24 13:46:00+00:00,0.80,521.6,236601
2026-01-24 13:47:00+00:00,0.76,523.7,239417
2026-01-24 13:48:00+00:00,0.76,517.1,227786
2026-01-24 13:49:00+00:00,0.79,515.6,228307
2026-01-24 13:50:00+00:00,0.77,521.1,243787
2026-01-24 13:51:00+00:00,0.76,521.3,248506
2026-01-24 13:52:00+00:00,0.79,515.7,228177
2026-01-24 13:53:00+00:00,0.74,516.7,209142
2026-01-24 13:54:00+00:00,0.73,521.7,216072
2026-01-24 13:55:00+00:00,1.07,512.9,185023
2026-01-24 13:56:00+00:00,1.64,507.3,147471
2026-01-24 13:57:00+00:00,1.70,507.2,134381
2026-01-24 13:58:00+00:00,1.56,510.0,169202
2026-01-24 13:59:00+00:00,1.51,510.4,165091
2026-01-24 14:00:00+00:00,1.37,512.6,182736
2026-01-24 14:01:00+00:00,1.43,508.0,160204
2026-01-24 14:04:00+00:00,1.22,508.5,175800
2026-01-24 14:05:00+00:00,1.26,509.5,176491
2026-01-24 14:06:00+00:00,1.19,514.6,182909
2026-01-24 14:07:00+00:00,1.15,517.9,182444
2026-01-24 14:08:00+00:00,1.36,517.8,155464
2026-01-24 14:09:00+00:00,1.49,522.0,126813
2026-01-24 14:10:00+00:00,1.41,519.8,137271
2026-01-24 14:11:00+00:00,1.86,506.9,137306
2026-01-24 14:12:00+00:00,1.58,508.5,154302
2026-01-24 14:13:00+00:00,1.04,515.2,210021
2026-01-24 14:14:00+00:00,1.41,513.4,161731
2026-01-24 14:15:00+00:00,1.35,515.0,151184
2026-01-24 14:16:00+00:00,1.16,518.7,159396
2026-01-24 14:17:00+00:00,0.75,528.7,191652
2026-01-24 14:18:00+00:00,0.31,553.8,177751
2026-01-24 14:19:00+00:00,1.51,526.6,130243
2026-01-24 14:20:00+00:00,2.14,511.1,100546
2026-01-24 14:21:00+00:00,2.25,513.8,92684
2026-01-24 14:22:00+00:00,2.37,512.9,95700
2026-01-24 14:23:00+00:00,2.30,508.4,98174
2026-01-24 14:24:00+00:00,1.62,515.5,108844
2026-01-24 14:25:00+00:00,0.89,532.7,125535
2026-01-24 14:26:00+00:00,2.00,524.4,92219
2026-01-24 14:27:00+00:00,2.11,528.2,98077
2026-01-24 14:28:00+00:00,1.04,518.0,181882
2026-01-24 14:29:00+00:00,2.18,504.7,108821
2026-01-24 14:30:00+00:00,1.84,514.4,107205
2026-01-24 14:31:00+00:00,2.24,512.9,95160
2026-01-24 14:32:00+00:00,2.40,512.9,93878
2026-01-24 14:33:00+00:00,2.48,515.2,98758
2026-01-24 14:34:00+00:00,2.27,516.8,93307
2026-01-24 14:37:00+00:00,2.36,511.0,90566
2026-01-24 14:38:00+00:00,2.26,507.9,95444
2026-01-24 14:39:00+00:00,2.27,508.2,94029
2026-01-24 14:40:00+00:00,2.48,514.9,87186
2026-01-24 14:41:00+00:00,2.38,518.2,100594
2026-01-24 14:42:00+00:00,1.93,524.6,112572
2026-01-24 14:43:00+00:00,1.71,533.9,93408
2026-01-24 14:44:00+00:00,2.14,514.5,95023
2026-01-24 14:45:00+00:00,2.44,513.6,90413
2026-01-24 14:46:00+00:00,2.29,519.8,85667
2026-01-24 14:47:00+00:00,2.46,511.9,89853
2026-01-24 14:48:00+00:00,2.30,508.7,94708
2026-01-24 14:49:00+00:00,2.41,510.0,100603
2026-01-24 14:50:00+00:00,2.36,515.6,92487
2026-01-24 14:51:00+00:00,2.37,516.5,93830
2026-01-24 14:52:00+00:00,2.03,522.6,102986
2026-01-24 14:53:00+00:00,1.70,522.9,109650
2026-01-24 14:54:00+00:00,1.96,516.9,115514
2026-01-24 14:55:00+00:00,2.39,514.6,114033
2026-01-24 14:56:00+00:00,2.29,519.9,102186
2026-01-24 14:57:00+00:00,1.87,527.0,106137
2026-01-24 14:58:00+00:00,1.70,523.3,131870
2026-01-24 14:59:00+00:00,1.55,527.9,126396
2026-01-24 15:00:00+00:00,1.27,521.6,103670
2026-01-24 15:01:00+00:00,1.87,536.2,103047
2026-01-24 15:02:00+00:00,1.75,548.6,111446
2026-01-24 15:03:00+00:00,2.30,513.5,98554
2026-01-24 15:04:00+00:00,1.96,510.5,89496
2026-01-24 15:05:00+00:00,2.18,510.9,95273
2026-01-24 15:06:00+00:00,2.24,516.9,89978
2026-01-24 15:07:00+00:00,1.82,522.4,99712
2026-01-24 15:10:00+00:00,2.15,507.2,93871
2026-01-24 15:11:00+00:00,2.16,508.9,96254
2026-01-24 15:12:00+00:00,2.16,510.7,101438
2026-01-24 15:13:00+00:00,2.13,509.3,104653
2026-01-24 15:14:00+00:00,2.35,501.8,100375
2026-01-24 15:15:00+00:00,2.23,501.3,104381
2026-01-24 15:16:00+00:00,1.49,498.6,132156
2026-01-24 15:17:00+00:00,1.40,504.5,156443
2026-01-24 15:18:00+00:00,2.36,542.6,73756
2026-01-24 15:19:00+00:00,2.37,532.6,119172
2026-01-24 15:20:00+00:00,1.82,516.9,98442
2026-01-24 15:21:00+00:00,2.07,510.6,94839
2026-01-24 15:22:00+00:00,1.57,505.8,128961
2026-01-24 15:23:00+00:00,1.18,505.4,169324
2026-01-24 15:24:00+00:00,1.09,507.2,183840
2026-01-24 15:25:00+00:00,1.22,508.5,175127
2026-01-24 15:26:00+00:00,1.94,518.5,126032
2026-01-24 15:27:00+00:00,2.29,519.1,92297
2026-01-24 15:28:00+00:00,2.08,514.7,121413
2026-01-24 15:29:00+00:00,2.39,540.7,128709
2026-01-24 15:30:00+00:00,1.65,551.9,93845
2026-01-24 15:31:00+00:00,1.51,558.0,75178
2026-01-24 15:32:00+00:00,1.61,548.7,74698
2026-01-24 15:33:00+00:00,2.25,513.1,110400
2026-01-24 15:34:00+00:00,2.26,523.4,105910
2026-01-24 15:35:00+00:00,1.99,531.7,96896
2026-01-24 15:36:00+00:00,1.74,543.6,81503
2026-01-24 15:37:00+00:00,1.61,556.3,77466
2026-01-24 15:38:00+00:00,2.06,550.8,102433
2026-01-24 15:39:00+00:00,1.85,551.8,94393
2026-01-24 15:40:00+00:00,1.75,555.8,77012
2026-01-24 15:41:00+00:00,1.57,550.7,73069
2026-01-24 15:42:00+00:00,1.36,545.1,74718
2026-01-24 15:45:00+00:00,1.94,532.0,93111
2026-01-24 15:46:00+00:00,1.79,548.3,86909
2026-01-24 15:47:00+00:00,1.71,548.5,87129
2026-01-24 15:48:00+00:00,1.45,556.5,77886
2026-01-24 15:49:00+00:00,2.46,540.1,72456
2026-01-24 15:50:00+00:00,1.92,544.6,107911
2026-01-24 15:51:00+00:00,2.42,570.0,80302
2026-01-24 15:52:00+00:00,1.89,569.8,82194
2026-01-24 15:53:00+00:00,1.79,569.2,53057
2026-01-24 15:54:00+00:00,1.64,550.4,64506
2026-01-24 15:55:00+00:00,1.66,534.5,66130
2026-01-24 15:56:00+00:00,1.23,515.4,45252
2026-01-24 15:57:00+00:00,1.51,534.8,125168
2026-01-24 15:58:00+00:00,2.45,549.7,157864
2026-01-24 16:00:00+00:00,0.27,525.0,41914
2026-01-24 16:01:00+00:00,0.28,537.9,64209
2026-01-24 16:02:00+00:00,0.28,566.8,115925
2026-01-24 16:03:00+00:00,0.24,544.1,112970
2026-01-24 16:04:00+00:00,0.15,564.5,333582
2026-01-24 16:05:00+00:00,0.11,544.9,198237
2026-01-24 16:06:00+00:00,0.25,548.7,180966
2026-01-24 16:07:00+00:00,0.27,519.5,187312
2026-01-24 16:08:00+00:00,0.14,529.5,295265
2026-01-24 16:09:00+00:00,0.32,558.3,230230
2026-01-24 16:10:00+00:00,0.83,518.5,140994
2026-01-24 16:11:00+00:00,0.84,521.1,223900
2026-01-24 16:12:00+00:00,0.35,508.2,154131
2026-01-24 16:13:00+00:00,0.13,525.8,78731
2026-01-24 16:14:00+00:00,0.14,555.1,138012
2026-01-24 16:15:00+00:00,0.09,556.1,198669
2026-01-24 16:18:00+00:00,1.86,499.4,107581
2026-01-24 16:19:00+00:00,1.54,507.9,149235
2026-01-24 16:20:00+00:00,0.29,557.5,89378
2026-01-24 16:21:00+00:00,0.15,568.8,171417
2026-01-24 16:22:00+00:00,0.03,525.8,134903
2026-01-24 16:23:00+00:00,0.05,567.0,267415
2026-01-24 16:24:00+00:00,0.14,557.3,135201
2026-01-24 16:25:00+00:00,0.08,508.7,160241
2026-01-24 16:26:00+00:00,0.14,540.0,140089
2026-01-24 16:27:00+00:00,0.09,548.8,103159
2026-01-24 16:28:00+00:00,0.08,549.1,79463
2026-01-24 16:29:00+00:00,0.11,550.2,70293
2026-01-24 16:30:00+00:00,0.12,552.5,73750
2026-01-24 16:31:00+00:00,0.08,548.3,93192
2026-01-24 16:32:00+00:00,0.04,538.8,135784
2026-01-24 16:33:00+00:00,0.04,549.5,194702
2026-01-24 16:34:00+00:00,0.05,561.0,241801
2026-01-24 16:35:00+00:00,0.05,550.8,263807
2026-01-24 16:36:00+00:00,0.05,550.4,233232
2026-01-24 16:37:00+00:00,0.14,584.0,191158
2026-01-24 16:38:00+00:00,0.37,594.3,86899
2026-01-24 16:39:00+00:00,0.34,559.4,66765
2026-01-24 16:40:00+00:00,0.14,552.9,96243
2026-01-24 16:41:00+00:00,0.43,507.8,78944
2026-01-24 16:42:00+00:00,0.16,522.5,82194
2026-01-24 16:43:00+00:00,0.03,557.7,241480
2026-01-24 16:44:00+00:00,1.25,569.9,190918
2026-01-24 16:45:00+00:00,1.19,568.3,116527
2026-01-24 16:46:00+00:00,0.36,549.8,91119
2026-01-24 16:47:00+00:00,0.18,540.7,137660
2026-01-24 16:48:00+00:00,0.04,557.2,268052
2026-01-24 16:51:00+00:00,0.46,535.5,92006
2026-01-24 16:52:00+00:00,1.86,609.1,176482
2026-01-24 16:53:00+00:00,0.41,561.7,103058
2026-01-24 16:54:00+00:00,0.32,554.7,70522
2026-01-24 16:55:00+00:00,0.31,558.4,100652
2026-01-24 16:56:00+00:00,0.06,545.9,107791
2026-01-24 16:57:00+00:00,0.05,548.8,111706
2026-01-24 16:58:00+00:00,0.05,545.6,112730
2026-01-24 16:59:00+00:00,0.07,526.8,141815
2026-01-24 17:00:00+00:00,0.07,522.0,137368
2026-01-24 17:01:00+00:00,0.22,543.3,107065
2026-01-24 17:02:00+00:00,0.75,565.1,75409
2026-01-24 17:03:00+00:00,1.28,567.8,64109
2026-01-24 17:04:00+00:00,1.51,566.1,74293
2026-01-24 17:05:00+00:00,1.77,563.2,80778
2026-01-24 17:06:00+00:00,1.87,532.7,121434
2026-01-24 17:07:00+00:00,1.92,523.1,184126
2026-01-24 17:08:00+00:00,1.94,505.9,87717
2026-01-24 17:09:00+00:00,2.33,506.7,94813
2026-01-24 17:10:00+00:00,1.40,507.4,111874
2026-01-24 17:11:00+00:00,1.38,501.7,120980
2026-01-24 17:12:00+00:00,0.58,490.6,110241
2026-01-24 17:13:00+00:00,1.39,517.7,187611
2026-01-24 17:14:00+00:00,0.88,512.0,228031
2026-01-24 17:15:00+00:00,0.39,490.0,111096
2026-01-24 17:16:00+00:00,0.22,477.8,39666
2026-01-24 17:17:00+00:00,0.14,510.2,224875
2026-01-24 17:18:00+00:00,0.16,534.1,347976
2026-01-24 17:19:00+00:00,0.17,504.3,200533
2026-01-24 17:20:00+00:00,0.10,480.6,85433
2026-01-24 17:21:00+00:00,0.13,500.6,145577
2026-01-24 17:24:00+00:00,0.16,469.2,54755
2026-01-24 17:25:00+00:00,1.01,513.6,118673
2026-01-24 17:26:00+00:00,0.09,478.3,98519
2026-01-24 17:27:00+00:00,0.11,491.2,91094
2026-01-24 17:28:00+00:00,0.57,510.9,169331
2026-01-24 17:29:00+00:00,0.35,487.9,67695
2026-01-24 17:30:00+00:00,0.47,479.4,45967
2026-01-24 17:31:00+00:00,0.29,525.5,189328
2026-01-24 17:32:00+00:00,0.11,538.0,331357
2026-01-24 17:33:00+00:00,0.32,520.9,300099
2026-01-24 17:34:00+00:00,0.41,518.4,213840
2026-01-24 17:35:00+00:00,0.19,537.3,249384
2026-01-24 17:36:00+00:00,0.10,569.9,302271
2026-01-24 17:37:00+00:00,0.14,589.4,267520
2026-01-24 17:38:00+00:00,0.08,565.3,349278
2026-01-24 17:39:00+00:00,0.09,574.0,368053
2026-01-24 17:40:00+00:00,0.11,559.2,161028
2026-01-24 17:41:00+00:00,0.07,536.9,350988
2026-01-24 17:42:00+00:00,0.04,474.7,18508
2026-01-24 17:43:00+00:00,0.05,480.7,26385
2026-01-24 17:44:00+00:00,0.06,513.7,285029
2026-01-24 17:45:00+00:00,0.13,482.4,111876
2026-01-24 17:46:00+00:00,0.19,483.8,61632
2026-01-24 17:47:00+00:00,0.55,498.5,140742
2026-01-24 17:48:00+00:00,1.64,508.6,145143
2026-01-24 17:49:00+00:00,1.33,504.3,164837
2026-01-24 17:50:00+00:00,0.94,500.1,201880
2026-01-24 17:51:00+00:00,1.03,495.0,175533
2026-01-24 17:52:00+00:00,0.53,501.5,177109
2026-01-24 17:53:00+00:00,0.60,532.0,277134
2026-01-24 17:54:00+00:00,0.39,518.0,329770
2026-01-24 17:57:00+00:00,0.66,507.2,169320
2026-01-24 17:58:00+00:00,0.89,502.4,193952
2026-01-24 17:59:00+00:00,1.32,494.3,147531
2026-01-24 18:00:00+00:00,2.00,501.4,84108
2026-01-24 18:01:00+00:00,2.14,536.8,132674
2026-01-24 18:02:00+00:00,2.46,527.1,117944
2026-01-24 18:03:00+00:00,2.31,531.9,86322
2026-01-24 18:04:00+00:00,2.43,534.9,120147
2026-01-24 18:05:00+00:00,2.10,540.2,120874
2026-01-24 18:06:00+00:00,1.70,537.3,82643
2026-01-24 18:07:00+00:00,1.50,519.1,108115
2026-01-24 18:08:00+00:00,0.80,517.9,197058
2026-01-24 18:09:00+00:00,0.23,533.3,254156
2026-01-24 18:10:00+00:00,0.47,514.6,232316
2026-01-24 18:11:00+00:00,1.11,504.7,133074
2026-01-24 18:12:00+00:00,2.03,514.7,70290
2026-01-24 18:13:00+00:00,1.19,499.6,43957
2026-01-24 18:14:00+00:00,1.91,522.1,84160
2026-01-24 18:15:00+00:00,1.38,492.4,42906
2026-01-24 18:16:00+00:00,2.00,532.4,105599
2026-01-24 18:17:00+00:00,2.60,538.4,119079
2026-01-24 18:18:00+00:00,2.50,536.7,107000
2026-01-24 18:19:00+00:00,2.53,536.3,100078
2026-01-24 18:20:00+00:00,2.95,537.4,149753
2026-01-24 18:21:00+00:00,2.43,516.3,113565
2026-01-24 18:22:00+00:00,1.83,493.3,56001
2026-01-24 18:23:00+00:00,2.01,490.7,64639
2026-01-24 18:24:00+00:00,2.41,496.1,83029
2026-01-24 18:25:00+00:00,2.57,496.6,94158
2026-01-24 18:26:00+00:00,1.61,483.2,63087
2026-01-24 18:27:00+00:00,0.94,477.0,76435
2026-01-24 18:30:00+00:00,2.28,499.1,102566
2026-01-24 18:31:00+00:00,0.81,481.1,63461
2026-01-24 18:32:00+00:00,2.22,496.6,82411
2026-01-24 18:33:00+00:00,2.35,494.4,69354
2026-01-24 18:34:00+00:00,2.31,493.1,69517
2026-01-24 18:35:00+00:00,2.27,495.7,67681
2026-01-24 18:36:00+00:00,2.19,493.2,83019
2026-01-24 18:37:00+00:00,2.12,489.9,96645
2026-01-24 18:38:00+00:00,1.83,488.6,86355
2026-01-24 18:39:00+00:00,1.44,490.0,77434
2026-01-24 18:40:00+00:00,1.11,497.2,121860
2026-01-24 18:41:00+00:00,0.69,498.4,153785
2026-01-24 18:42:00+00:00,0.58,489.0,91038
2026-01-24 18:43:00+00:00,0.41,526.8,283846
2026-01-24 18:44:00+00:00,0.26,548.9,182783
2026-01-24 18:45:00+00:00,0.05,459.3,11149
2026-01-24 18:46:00+00:00,0.11,555.9,217995
2026-01-24 18:47:00+00:00,0.09,537.1,399234
2026-01-24 18:48:00+00:00,0.05,524.7,361650
2026-01-24 18:49:00+00:00,0.05,493.9,136412
2026-01-24 18:50:00+00:00,0.07,490.0,83984
2026-01-24 18:51:00+00:00,0.07,489.3,82471
2026-01-24 18:52:00+00:00,0.57,507.2,126574
2026-01-24 18:53:00+00:00,0.47,532.0,267777
2026-01-24 18:54:00+00:00,0.18,540.8,336137
2026-01-24 18:55:00+00:00,0.25,551.2,289113
2026-01-24 18:56:00+00:00,0.21,569.0,225835
2026-01-24 18:57:00+00:00,0.57,548.9,137456
2026-01-24 18:58:00+00:00,1.49,498.6,119598
2026-01-24 18:59:00+00:00,0.89,486.3,82853
2026-01-24 19:00:00+00:00,0.39,468.6,16587
2026-01-24 19:03:00+00:00,0.35,489.9,140308
2026-01-24 19:04:00+00:00,1.04,520.3,218535
2026-01-24 19:05:00+00:00,1.01,504.9,169707
2026-01-24 19:06:00+00:00,0.92,499.6,146979
2026-01-24 19:07:00+00:00,1.38,510.1,185161
2026-01-24 19:08:00+00:00,1.10,502.9,156144
2026-01-24 19:09:00+00:00,1.18,508.0,134733
2026-01-24 19:10:00+00:00,1.13,504.6,127682
2026-01-24 19:11:00+00:00,1.00,492.7,105158
2026-01-24 19:12:00+00:00,1.60,503.2,119637
2026-01-24 19:13:00+00:00,1.66,508.6,163899
2026-01-24 19:14:00+00:00,1.53,510.2,161335
2026-01-24 19:15:00+00:00,1.84,506.8,98486
2026-01-24 19:16:00+00:00,2.15,514.7,225329
2026-01-24 19:17:00+00:00,1.86,520.0,163559
2026-01-24 19:18:00+00:00,1.75,513.6,134065
2026-01-24 19:19:00+00:00,1.49,516.9,166865
2026-01-24 19:20:00+00:00,1.01,510.3,169340
2026-01-24 19:21:00+00:00,0.80,514.4,254394
2026-01-24 19:22:00+00:00,0.91,514.3,249118
2026-01-24 19:23:00+00:00,0.85,513.8,252950
2026-01-24 19:24:00+00:00,0.49,488.7,139960
2026-01-24 19:25:00+00:00,0.30,473.2,47966
2026-01-24 19:26:00+00:00,0.73,492.6,112311
2026-01-24 19:27:00+00:00,1.03,506.0,164854
2026-01-24 19:28:00+00:00,1.05,502.4,124552
2026-01-24 19:29:00+00:00,1.60,513.4,152217
2026-01-24 19:30:00+00:00,1.38,503.8,175777
2026-01-24 19:31:00+00:00,1.52,508.3,171104
2026-01-24 19:32:00+00:00,1.35,505.8,153440
2026-01-24 19:33:00+00:00,1.09,496.9,126679
2026-01-24 19:36:00+00:00,1.28,514.2,181276
2026-01-24 19:37:00+00:00,0.52,486.2,102338
2026-01-24 19:38:00+00:00,0.19,532.7,220761
2026-01-24 19:39:00+00:00,1.11,553.2,224297
2026-01-24 19:40:00+00:00,1.83,549.4,184237
2026-01-24 19:41:00+00:00,2.02,545.6,182376
2026-01-24 19:42:00+00:00,1.88,530.4,164161
2026-01-24 19:43:00+00:00,2.08,517.8,146203
2026-01-24 19:44:00+00:00,2.32,516.6,139631
2026-01-24 19:45:00+00:00,1.49,499.3,82965
2026-01-24 19:46:00+00:00,1.35,494.3,86134
2026-01-24 19:47:00+00:00,2.03,514.8,173247
2026-01-24 19:48:00+00:00,1.27,505.7,149687
2026-01-24 19:49:00+00:00,0.69,521.8,165102
2026-01-24 19:50:00+00:00,0.04,456.5,11671
2026-01-24 19:51:00+00:00,0.17,477.0,25803
2026-01-24 19:52:00+00:00,0.06,468.9,18015
2026-01-24 19:53:00+00:00,0.07,469.5,18699
2026-01-24 19:54:00+00:00,0.14,517.2,150501
2026-01-24 19:55:00+00:00,0.33,561.3,267972
2026-01-24 19:56:00+00:00,0.40,556.3,312518
2026-01-24 19:57:00+00:00,0.52,532.4,239008
2026-01-24 19:58:00+00:00,0.38,515.2,146217
2026-01-24 19:59:00+00:00,0.10,502.5,101983
2026-01-24 20:00:00+00:00,0.13,516.3,176124
2026-01-24 20:01:00+00:00,0.12,540.3,312342
2026-01-24 20:02:00+00:00,0.09,492.0,119214
2026-01-24 20:03:00+00:00,0.14,499.4,115800
2026-01-24 20:04:00+00:00,0.32,543.0,339351
2026-01-24 20:05:00+00:00,0.06,506.1,75714
2026-01-24 20:06:00+00:00,0.03,451.6,10878
2026-01-24 20:07:00+00:00,0.03,451.6,10878
2026-01-24 20:09:00+00:00,0.20,588.0,287469
2026-01-24 20:10:00+00:00,0.14,509.4,142908
2026-01-24 20:11:00+00:00,0.08,491.5,61673
2026-01-24 20:12:00+00:00,0.09,545.3,157992
2026-01-24 20:13:00+00:00,0.12,574.8,305360
2026-01-24 20:14:00+00:00,0.12,568.6,396754
2026-01-24 20:15:00+00:00,0.10,559.9,439781
2026-01-24 20:16:00+00:00,0.08,552.1,453441
2026-01-24 20:17:00+00:00,0.11,553.9,394259
2026-01-24 20:18:00+00:00,0.19,570.3,282280
2026-01-24 20:19:00+00:00,0.19,585.3,358903
2026-01-24 20:20:00+00:00,0.16,545.4,206674
2026-01-24 20:21:00+00:00,0.11,572.6,372371
2026-01-24 20:22:00+00:00,0.08,552.7,400795
2026-01-24 20:23:00+00:00,0.05,512.8,157817
2026-01-24 20:24:00+00:00,0.07,534.7,301747
2026-01-24 20:25:00+00:00,0.12,579.8,343782
2026-01-24 20:26:00+00:00,0.12,544.3,264521
2026-01-24 20:27:00+00:00,0.15,557.5,266935
2026-01-24 20:28:00+00:00,0.14,574.3,303315
2026-01-24 20:29:00+00:00,0.65,537.1,254462
2026-01-24 20:30:00+00:00,0.64,496.6,153114
2026-01-24 20:31:00+00:00,0.13,483.4,92108
2026-01-24 20:32:00+00:00,0.17,474.0,73586
2026-01-24 20:33:00+00:00,0.14,465.5,46344
2026-01-24 20:34:00+00:00,0.04,455.5,22816
2026-01-24 20:35:00+00:00,0.08,480.3,62182
2026-01-24 20:36:00+00:00,0.09,490.3,51247
2026-01-24 20:37:00+00:00,0.31,466.9,22199
2026-01-24 20:38:00+00:00,0.24,559.0,166848
2026-01-24 20:39:00+00:00,1.81,512.2,129417
2026-01-24 20:40:00+00:00,1.92,508.9,126743
2026-01-24 20:41:00+00:00,1.73,507.0,129260
2026-01-24 20:42:00+00:00,1.71,508.2,120809
2026-01-24 20:43:00+00:00,1.88,508.7,119463
2026-01-24 20:44:00+00:00,1.80,513.0,120826
2026-01-24 20:45:00+00:00,1.83,512.2,124963
2026-01-24 20:46:00+00:00,1.86,509.1,122834
2026-01-24 20:47:00+00:00,1.79,509.5,117831
2026-01-24 20:48:00+00:00,1.75,508.7,123159
2026-01-24 20:49:00+00:00,1.56,508.3,137096
2026-01-24 20:50:00+00:00,1.60,512.8,161225
2026-01-24 20:51:00+00:00,1.35,512.1,182145
2026-01-24 20:52:00+00:00,1.15,513.8,186961
2026-01-24 20:53:00+00:00,1.60,507.7,148513
2026-01-24 20:54:00+00:00,1.92,507.8,132068
2026-01-24 20:55:00+00:00,1.79,507.4,129930
2026-01-24 20:56:00+00:00,1.63,502.9,121756
2026-01-24 20:57:00+00:00,1.55,504.3,171108
2026-01-24 20:58:00+00:00,1.40,508.4,195464
2026-01-24 20:59:00+00:00,0.87,495.6,101677
2026-01-24 21:00:00+00:00,0.84,501.2,156199
2026-01-24 21:01:00+00:00,1.25,506.3,225335
2026-01-24 21:02:00+00:00,1.12,516.7,255531
2026-01-24 21:03:00+00:00,0.63,534.7,319988
2026-01-24 21:04:00+00:00,0.50,523.6,263110
2026-01-24 21:05:00+00:00,0.53,502.6,114970
2026-01-24 21:06:00+00:00,0.75,520.2,227528
2026-01-24 21:07:00+00:00,1.11,484.6,62730
2026-01-24 21:08:00+00:00,1.08,482.8,53828
2026-01-24 21:09:00+00:00,0.92,480.1,56891
2026-01-24 21:10:00+00:00,1.65,494.7,166016
2026-01-24 21:11:00+00:00,1.77,491.3,103088
2026-01-24 21:12:00+00:00,1.40,497.6,206682
2026-01-24 21:13:00+00:00,1.34,498.7,223311
2026-01-24 21:14:00+00:00,0.13,493.5,142620
2026-01-24 21:15:00+00:00,0.17,474.4,65334
2026-01-24 21:16:00+00:00,0.22,470.3,51138
2026-01-24 21:17:00+00:00,0.18,474.1,63829
2026-01-24 21:18:00+00:00,0.45,496.8,198293
2026-01-24 21:19:00+00:00,0.71,504.1,228131
2026-01-24 21:20:00+00:00,0.79,486.3,104835
2026-01-24 21:21:00+00:00,1.26,505.2,238099
2026-01-24 21:22:00+00:00,1.35,504.5,235990
2026-01-24 21:23:00+00:00,1.29,506.6,243306
2026-01-24 21:24:00+00:00,1.63,508.2,171538
2026-01-24 21:25:00+00:00,1.27,504.4,211989
2026-01-24 21:26:00+00:00,1.25,497.1,100890
2026-01-24 21:27:00+00:00,1.36,507.0,173058
2026-01-24 21:28:00+00:00,1.42,507.6,130459
2026-01-24 21:29:00+00:00,1.43,509.1,122852
2026-01-24 21:30:00+00:00,1.55,506.0,136239
2026-01-24 21:31:00+00:00,1.53,505.6,141422
2026-01-24 21:32:00+00:00,1.49,506.8,139545
2026-01-24 21:33:00+00:00,1.55,508.6,141034
2026-01-24 21:34:00+00:00,1.65,510.5,126355
2026-01-24 21:35:00+00:00,1.61,511.6,117170
2026-01-24 21:36:00+00:00,1.50,512.8,128013
2026-01-24 21:37:00+00:00,1.54,513.1,119871
2026-01-24 21:38:00+00:00,1.50,508.7,119314
2026-01-24 21:39:00+00:00,1.28,505.7,106258
2026-01-24 21:40:00+00:00,1.36,511.9,140441
2026-01-24 21:41:00+00:00,1.40,511.1,142012
2026-01-24 21:42:00+00:00,1.45,511.6,140861
2026-01-24 21:43:00+00:00,1.47,512.3,122084
2026-01-24 21:44:00+00:00,1.40,513.2,136153
2026-01-24 21:45:00+00:00,1.58,506.5,111029
2026-01-24 21:46:00+00:00,1.63,504.8,104156
2026-01-24 21:47:00+00:00,1.55,511.6,130347
2026-01-24 21:48:00+00:00,1.52,511.5,131366
2026-01-24 21:49:00+00:00,1.51,515.0,147980
2026-01-24 21:50:00+00:00,1.60,513.5,140556
2026-01-24 21:51:00+00:00,1.77,508.5,110617
2026-01-24 21:52:00+00:00,1.92,509.4,108131
2026-01-24 21:53:00+00:00,1.93,512.4,121396
2026-01-24 21:54:00+00:00,1.90,518.3,125726
2026-01-24 21:55:00+00:00,1.86,517.9,124825
2026-01-24 21:56:00+00:00,1.62,513.3,126650
2026-01-24 21:57:00+00:00,1.64,508.0,132898
2026-01-24 21:58:00+00:00,1.60,510.7,140335
2026-01-24 22:00:00+00:00,1.44,509.8,152389
2026-01-24 22:01:00+00:00,1.39,511.3,150142
2026-01-24 22:02:00+00:00,1.61,512.8,144193
2026-01-24 22:03:00+00:00,1.88,526.2,128215
2026-01-24 22:04:00+00:00,1.89,534.1,139660
2026-01-24 22:05:00+00:00,1.83,534.0,151541
2026-01-24 22:06:00+00:00,1.78,531.9,153214
2026-01-24 22:07:00+00:00,1.76,530.0,145646
2026-01-24 22:08:00+00:00,1.58,525.4,171654
2026-01-24 22:09:00+00:00,0.86,528.7,274033
2026-01-24 22:10:00+00:00,0.41,549.2,310301
2026-01-24 22:11:00+00:00,1.22,510.9,225059
2026-01-24 22:12:00+00:00,1.14,514.2,203265
2026-01-24 22:13:00+00:00,1.25,510.4,177711
2026-01-24 22:14:00+00:00,0.95,507.5,183469
2026-01-24 22:15:00+00:00,1.01,511.4,177350
2026-01-24 22:16:00+00:00,0.74,517.1,242813
2026-01-24 22:17:00+00:00,0.71,515.3,242752
2026-01-24 22:18:00+00:00,0.43,496.1,117882
2026-01-24 22:19:00+00:00,0.33,489.4,73403
2026-01-24 22:20:00+00:00,0.34,492.0,72583
2026-01-24 22:21:00+00:00,0.33,489.5,69182
2026-01-24 22:22:00+00:00,0.30,497.3,164837
2026-01-24 22:23:00+00:00,0.24,502.1,200549
2026-01-24 22:24:00+00:00,0.17,489.0,78114
2026-01-24 22:25:00+00:00,0.17,484.5,72247
2026-01-24 22:26:00+00:00,0.22,489.0,94142
2026-01-24 22:27:00+00:00,0.18,501.3,140560
2026-01-24 22:28:00+00:00,0.22,560.4,416773
2026-01-24 22:29:00+00:00,0.19,475.8,43908
2026-01-24 22:30:00+00:00,0.15,489.9,73971
2026-01-24 22:31:00+00:00,0.16,493.6,82934
2026-01-24 22:32:00+00:00,0.23,575.3,464843
2026-01-24 22:33:00+00:00,0.12,490.2,122402
2026-01-24 22:34:00+00:00,0.10,467.3,16847
2026-01-24 22:35:00+00:00,0.62,512.7,184903
2026-01-24 22:36:00+00:00,0.65,534.6,257796
2026-01-24 22:37:00+00:00,0.43,553.6,228016
2026-01-24 22:38:00+00:00,0.23,521.5,119924
2026-01-24 22:39:00+00:00,0.67,457.0,33952
2026-01-24 22:40:00+00:00,1.22,483.7,134812
2026-01-24 22:41:00+00:00,0.41,562.3,329215
2026-01-24 22:42:00+00:00,0.21,547.6,366469
2026-01-24 22:43:00+00:00,0.27,488.8,72290
2026-01-24 22:44:00+00:00,0.21,480.9,66996
2026-01-24 22:45:00+00:00,0.20,488.9,72839
2026-01-24 22:46:00+00:00,0.09,468.6,22219
2026-01-24 22:47:00+00:00,0.18,484.1,51329
2026-01-24 22:48:00+00:00,0.75,532.3,278909
2026-01-24 22:49:00+00:00,0.37,554.1,442946
2026-01-24 22:50:00+00:00,0.20,493.7,140218
2026-01-24 22:51:00+00:00,0.83,506.8,173351
2026-01-24 22:52:00+00:00,1.16,525.0,250839
2026-01-24 22:53:00+00:00,1.15,534.5,211093
2026-01-24 22:54:00+00:00,1.08,539.1,209175
2026-01-24 22:55:00+00:00,0.65,516.4,134151
2026-01-24 22:56:00+00:00,0.37,496.8,102116
2026-01-24 22:57:00+00:00,0.86,541.7,242074
2026-01-24 22:58:00+00:00,0.89,540.1,201154
2026-01-24 22:59:00+00:00,0.98,535.0,201869
2026-01-24 23:00:00+00:00,0.92,535.2,235159
2026-01-24 23:01:00+00:00,0.87,533.9,223527
2026-01-24 23:02:00+00:00,1.08,534.7,219493
2026-01-24 23:03:00+00:00,1.56,528.2,207610
2026-01-24 23:04:00+00:00,1.26,535.0,245800
2026-01-24 23:05:00+00:00,1.66,531.8,216290
2026-01-24 23:06:00+00:00,1.60,536.0,190360
2026-01-24 23:07:00+00:00,1.45,534.8,214156
2026-01-24 23:08:00+00:00,1.21,539.7,240845
2026-01-24 23:09:00+00:00,1.12,540.6,248362
2026-01-24 23:10:00+00:00,1.36,535.8,235398
2026-01-24 23:11:00+00:00,1.34,541.1,243750
2026-01-24 23:12:00+00:00,0.77,554.2,262518
2026-01-24 23:13:00+00:00,0.29,537.4,177886
2026-01-24 23:14:00+00:00,0.31,489.2,74734
2026-01-24 23:15:00+00:00,1.41,525.7,243757
2026-01-24 23:16:00+00:00,1.86,532.4,201593
2026-01-24 23:17:00+00:00,1.41,526.9,235142
2026-01-24 23:18:00+00:00,1.46,526.4,228739
2026-01-24 23:19:00+00:00,1.47,528.3,226029
2026-01-24 23:20:00+00:00,2.13,524.6,190539
2026-01-24 23:21:00+00:00,2.13,527.2,171772
2026-01-24 23:22:00+00:00,1.71,526.2,175575
2026-01-24 23:23:00+00:00,1.72,529.8,176798
2026-01-24 23:24:00+00:00,1.78,526.2,172116
2026-01-24 23:25:00+00:00,1.78,522.3,169452
2026-01-24 23:26:00+00:00,1.40,516.4,155771
2026-01-24 23:27:00+00:00,1.53,515.3,153716
2026-01-24 23:28:00+00:00,1.70,514.2,152370
2026-01-24 23:29:00+00:00,1.66,516.0,159942
2026-01-24 23:30:00+00:00,1.64,519.2,169544
2026-01-24 23:31:00+00:00,1.48,524.9,163729
2026-01-24 23:32:00+00:00,1.52,517.9,169214
2026-01-24 23:33:00+00:00,1.70,515.8,168888
2026-01-24 23:34:00+00:00,1.51,516.2,171619
2026-01-24 23:35:00+00:00,1.18,509.7,120433
2026-01-24 23:36:00+00:00,1.40,515.4,202918
2026-01-24 23:37:00+00:00,1.40,517.5,201319
2026-01-24 23:38:00+00:00,1.45,515.9,171308
2026-01-24 23:39:00+00:00,1.52,514.8,179103
2026-01-24 23:40:00+00:00,1.44,515.0,193810
2026-01-24 23:41:00+00:00,1.43,514.5,189362
2026-01-24 23:42:00+00:00,1.40,513.3,187059
2026-01-24 23:43:00+00:00,1.33,514.0,204827
2026-01-24 23:44:00+00:00,1.30,517.1,227249
2026-01-24 23:45:00+00:00,1.31,520.0,219895
2026-01-24 23:46:00+00:00,1.66,523.2,169330
2026-01-24 23:47:00+00:00,1.61,528.8,145476
2026-01-24 23:48:00+00:00,1.55,523.4,135574
2026-01-24 23:49:00+00:00,1.54,521.5,174687
2026-01-24 23:50:00+00:00,1.25,516.9,197721
2026-01-24 23:51:00+00:00,1.26,516.2,202189
2026-01-24 23:52:00+00:00,1.37,516.8,184435
2026-01-24 23:53:00+00:00,1.51,519.2,196762
2026-01-24 23:54:00+00:00,1.29,521.1,249424
2026-01-24 23:55:00+00:00,1.25,525.0,252552
2026-01-24 23:56:00+00:00,1.25,522.1,252637
2026-01-24 23:57:00+00:00,0.86,502.5,168521
2026-01-24 23:58:00+00:00,0.54,488.1,90597
2026-01-24 23:59:00+00:00,1.71,520.9,243911
2026-01-25 00:00:00+00:00,1.46,522.8,255415
2026-01-25 00:01:00+00:00,0.76,511.7,209509
2026-01-25 00:02:00+00:00,0.41,482.6,70340
2026-01-25 00:03:00+00:00,1.22,530.6,266595
2026-01-25 00:04:00+00:00,1.53,523.2,235214
2026-01-25 00:05:00+00:00,1.36,528.9,263401
2026-01-25 00:06:00+00:00,1.07,542.4,279094
2026-01-25 00:07:00+00:00,1.14,536.0,303064
2026-01-25 00:08:00+00:00,1.55,526.6,237814
2026-01-25 00:09:00+00:00,1.54,524.9,227480
2026-01-25 00:10:00+00:00,1.23,529.0,269560
2026-01-25 00:11:00+00:00,1.37,526.8,242058
2026-01-25 00:12:00+00:00,1.32,525.5,253698
2026-01-25 00:13:00+00:00,1.19,528.8,288043
2026-01-25 00:14:00+00:00,1.20,531.7,295493
2026-01-25 00:15:00+00:00,1.25,531.9,278075
2026-01-25 00:16:00+00:00,1.20,529.8,255868
2026-01-25 00:17:00+00:00,1.35,527.6,224502
2026-01-25 00:18:00+00:00,2.08,531.8,149469
2026-01-25 00:19:00+00:00,1.80,527.8,158016
2026-01-25 00:20:00+00:00,1.64,527.6,174383
2026-01-25 00:21:00+00:00,1.81,545.1,144372
2026-01-25 00:22:00+00:00,1.50,526.6,217971
2026-01-25 00:23:00+00:00,1.45,529.3,254770
2026-01-25 00:24:00+00:00,1.40,529.5,252601
2026-01-25 00:25:00+00:00,1.62,528.1,212086
2026-01-25 00:26:00+00:00,1.35,533.6,222752
2026-01-25 00:27:00+00:00,1.45,533.5,218895
2026-01-25 00:28:00+00:00,1.45,533.7,218461
2026-01-25 00:29:00+00:00,1.41,532.5,235222
2026-01-25 00:30:00+00:00,1.46,532.8,232475
2026-01-25 00:31:00+00:00,1.47,535.0,216070
2026-01-25 00:32:00+00:00,1.48,534.4,225042
2026-01-25 00:33:00+00:00,1.50,534.4,224578
2026-01-25 00:34:00+00:00,1.50,534.5,227409
2026-01-25 00:35:00+00:00,1.33,535.7,242972
2026-01-25 00:36:00+00:00,1.45,535.3,236167
2026-01-25 00:37:00+00:00,1.52,533.8,219780
2026-01-25 00:38:00+00:00,1.38,532.1,233588
2026-01-25 00:39:00+00:00,1.38,540.6,226463
2026-01-25 00:40:00+00:00,1.33,538.1,236350
2026-01-25 00:41:00+00:00,0.97,550.9,246567
2026-01-25 00:42:00+00:00,0.97,549.9,268691
2026-01-25 00:43:00+00:00,0.98,548.9,286042
2026-01-25 00:44:00+00:00,0.99,547.9,289330
2026-01-25 00:45:00+00:00,1.11,544.1,269847
2026-01-25 00:46:00+00:00,1.30,538.6,248089
2026-01-25 00:47:00+00:00,1.40,537.2,249009
2026-01-25 00:48:00+00:00,1.28,542.6,256310
2026-01-25 00:49:00+00:00,1.07,548.6,247941
2026-01-25 00:50:00+00:00,1.00,551.0,250909
2026-01-25 00:51:00+00:00,1.16,544.8,256245
2026-01-25 00:52:00+00:00,1.43,541.4,177609
2026-01-25 00:53:00+00:00,1.60,542.1,222921
2026-01-25 00:54:00+00:00,0.92,547.1,270530
2026-01-25 00:55:00+00:00,0.94,552.0,289521
2026-01-25 00:56:00+00:00,1.02,548.9,271204
2026-01-25 00:57:00+00:00,1.17,540.9,262323
2026-01-25 00:58:00+00:00,1.32,539.4,223780
2026-01-25 00:59:00+00:00,1.36,537.3,234445
2026-01-25 01:00:00+00:00,1.26,538.1,252572
2026-01-25 01:01:00+00:00,1.59,535.5,216871
2026-01-25 01:02:00+00:00,1.73,531.6,197523
2026-01-25 01:03:00+00:00,1.65,529.3,218769
2026-01-25 01:04:00+00:00,1.88,526.7,224203
2026-01-25 01:05:00+00:00,1.59,532.1,218465
2026-01-25 01:06:00+00:00,1.66,531.8,211630
2026-01-25 01:07:00+00:00,1.95,530.9,181859
2026-01-25 01:08:00+00:00,2.08,530.5,167635
2026-01-25 01:09:00+00:00,1.98,531.3,189745
2026-01-25 01:10:00+00:00,1.93,527.1,161801
2026-01-25 01:11:00+00:00,1.71,532.2,199485
2026-01-25 01:12:00+00:00,1.30,534.6,229505
2026-01-25 01:13:00+00:00,1.07,538.6,262061
2026-01-25 01:14:00+00:00,1.22,536.6,240218
2026-01-25 01:15:00+00:00,1.25,536.8,242222
2026-01-25 01:16:00+00:00,1.21,538.1,256236
2026-01-25 01:17:00+00:00,1.19,537.7,258755
2026-01-25 01:18:00+00:00,1.09,541.4,269757
2026-01-25 01:19:00+00:00,1.28,541.4,247006
2026-01-25 01:20:00+00:00,1.67,533.5,203793
2026-01-25 01:21:00+00:00,1.51,533.1,228044
2026-01-25 01:22:00+00:00,1.41,533.8,223417
2026-01-25 01:23:00+00:00,1.43,535.3,244512
2026-01-25 01:24:00+00:00,1.26,541.3,267711
2026-01-25 01:25:00+00:00,1.49,534.1,237058
2026-01-25 01:26:00+00:00,1.48,554.8,183382
2026-01-25 01:27:00+00:00,1.50,553.2,146637
2026-01-25 01:28:00+00:00,1.19,543.4,239596
2026-01-25 01:29:00+00:00,1.56,570.7,175072
2026-01-25 01:30:00+00:00,1.86,582.5,154924
2026-01-25 01:31:00+00:00,2.01,577.5,143769
2026-01-25 01:32:00+00:00,1.98,578.1,132378
2026-01-25 01:33:00+00:00,1.94,572.8,131669
2026-01-25 01:34:00+00:00,1.83,568.6,133979
2026-01-25 01:35:00+00:00,1.69,567.3,128674
2026-01-25 01:36:00+00:00,1.79,565.9,136728
2026-01-25 01:37:00+00:00,2.01,576.4,167047
2026-01-25 01:38:00+00:00,2.08,527.5,210736
2026-01-25 01:39:00+00:00,2.02,528.0,211915
2026-01-25 01:40:00+00:00,1.65,530.8,217564
2026-01-25 01:41:00+00:00,2.02,530.2,189378
2026-01-25 01:42:00+00:00,1.94,525.9,206627
2026-01-25 01:43:00+00:00,1.85,527.7,210983
2026-01-25 01:44:00+00:00,1.73,529.4,200642
2026-01-25 01:45:00+00:00,1.93,529.4,187704
2026-01-25 01:46:00+00:00,1.96,528.3,207192
2026-01-25 01:47:00+00:00,2.13,533.9,195249
2026-01-25 01:48:00+00:00,1.91,533.2,198545
2026-01-25 01:49:00+00:00,1.74,531.1,213664
2026-01-25 01:50:00+00:00,1.77,530.7,219794
2026-01-25 01:51:00+00:00,1.91,529.9,208427
2026-01-25 01:52:00+00:00,2.04,529.3,202726
2026-01-25 01:53:00+00:00,1.81,528.7,229829
2026-01-25 01:54:00+00:00,1.59,530.8,235175
2026-01-25 01:55:00+00:00,1.47,530.3,241895
2026-01-25 01:56:00+00:00,1.40,530.3,292960
2026-01-25 01:57:00+00:00,1.49,530.2,241090
2026-01-25 01:58:00+00:00,1.73,531.4,252297
2026-01-25 01:59:00+00:00,1.59,534.0,229205
2026-01-25 02:00:00+00:00,1.26,543.7,266274
2026-01-25 02:01:00+00:00,0.98,517.5,127827
2026-01-25 02:02:00+00:00,1.21,532.3,216555
2026-01-25 02:03:00+00:00,1.24,542.9,253247
2026-01-25 02:04:00+00:00,1.27,541.9,253784
2026-01-25 02:05:00+00:00,1.30,539.8,257678
2026-01-25 02:06:00+00:00,1.49,535.9,249203
2026-01-25 02:07:00+00:00,1.61,534.1,241345
2026-01-25 02:08:00+00:00,1.61,534.8,235188
2026-01-25 02:09:00+00:00,1.77,532.0,223743
2026-01-25 02:10:00+00:00,1.39,537.5,246451
2026-01-25 02:11:00+00:00,1.31,540.1,266051
2026-01-25 02:12:00+00:00,1.32,539.3,264853
2026-01-25 02:13:00+00:00,1.56,527.5,248085
2026-01-25 02:14:00+00:00,1.32,537.7,267690
2026-01-25 02:15:00+00:00,1.43,538.0,240476
2026-01-25 02:16:00+00:00,1.42,538.9,255284
2026-01-25 02:17:00+00:00,1.38,534.8,249582
2026-01-25 02:18:00+00:00,1.14,544.4,278526
2026-01-25 02:19:00+00:00,1.21,545.2,268383
2026-01-25 02:20:00+00:00,1.38,541.3,249378
2026-01-25 02:21:00+00:00,1.37,538.7,253398
2026-01-25 02:22:00+00:00,1.49,535.9,253328
2026-01-25 02:23:00+00:00,1.51,535.9,265047
2026-01-25 02:24:00+00:00,1.31,536.7,278174
2026-01-25 02:25:00+00:00,1.39,532.2,243313
2026-01-25 02:26:00+00:00,1.35,533.8,250010
2026-01-25 02:27:00+00:00,1.36,533.5,242877
2026-01-25 02:28:00+00:00,1.76,534.0,228861
2026-01-25 02:29:00+00:00,1.86,535.0,188637
2026-01-25 02:30:00+00:00,1.47,533.7,254214
2026-01-25 02:31:00+00:00,1.43,533.4,267005
2026-01-25 02:32:00+00:00,1.25,534.4,274378
2026-01-25 02:33:00+00:00,1.33,534.5,271861
2026-01-25 02:34:00+00:00,1.33,534.3,277343
2026-01-25 02:35:00+00:00,1.30,535.4,289434
2026-01-25 02:36:00+00:00,1.40,530.2,281472
2026-01-25 02:37:00+00:00,1.87,524.6,237588
2026-01-25 02:38:00+00:00,2.12,525.6,210346
2026-01-25 02:39:00+00:00,2.02,527.9,213339
2026-01-25 02:40:00+00:00,1.97,526.3,220173
2026-01-25 02:41:00+00:00,1.83,526.4,233060
2026-01-25 02:42:00+00:00,1.91,530.2,226536
2026-01-25 02:43:00+00:00,1.87,527.7,248231
2026-01-25 02:44:00+00:00,1.32,528.5,276898
2026-01-25 02:45:00+00:00,1.32,528.5,276898
2026-01-25 02:46:00+00:00,1.08,547.2,241063
2026-01-25 02:47:00+00:00,1.19,538.0,278302
2026-01-25 02:48:00+00:00,1.32,534.6,290105
2026-01-25 02:49:00+00:00,1.42,539.7,280320
2026-01-25 02:50:00+00:00,1.21,547.2,259489
2026-01-25 02:51:00+00:00,1.06,548.8,257278
2026-01-25 02:52:00+00:00,1.12,542.2,257305
2026-01-25 02:53:00+00:00,1.09,549.3,251080
2026-01-25 02:54:00+00:00,1.06,557.5,225525
2026-01-25 02:55:00+00:00,1.09,556.7,189788
2026-01-25 02:56:00+00:00,0.99,558.1,181682
2026-01-25 02:57:00+00:00,1.19,563.0,188293
2026-01-25 02:58:00+00:00,2.36,574.3,150097
2026-01-25 02:59:00+00:00,3.22,556.9,118712
2026-01-25 03:00:00+00:00,3.13,565.0,111847
2026-01-25 03:01:00+00:00,3.13,566.7,131424
2026-01-25 03:02:00+00:00,3.05,568.0,126266
2026-01-25 03:03:00+00:00,2.84,578.1,210382
2026-01-25 03:04:00+00:00,2.15,587.1,234178
2026-01-25 03:05:00+00:00,1.86,550.0,232895
2026-01-25 03:06:00+00:00,1.35,555.1,222875
2026-01-25 03:07:00+00:00,1.36,562.7,204285
2026-01-25 03:08:00+00:00,1.86,556.0,179841
2026-01-25 03:09:00+00:00,2.27,549.5,161779
2026-01-25 03:10:00+00:00,2.45,552.5,146088
2026-01-25 03:11:00+00:00,2.64,558.6,132836
2026-01-25 03:12:00+00:00,2.79,561.1,130348
2026-01-25 03:13:00+00:00,2.71,565.7,143281
2026-01-25 03:14:00+00:00,2.67,574.1,176099
2026-01-25 03:15:00+00:00,2.67,569.3,174621
2026-01-25 03:16:00+00:00,3.50,573.1,122379
2026-01-25 03:18:00+00:00,3.15,566.0,127652
2026-01-25 03:19:00+00:00,3.00,572.4,159990
2026-01-25 03:20:00+00:00,2.44,571.1,170396
2026-01-25 03:21:00+00:00,2.57,545.6,158248
2026-01-25 03:22:00+00:00,2.36,534.4,165771
2026-01-25 03:23:00+00:00,2.12,534.1,169362
2026-01-25 03:24:00+00:00,1.76,535.2,186270
2026-01-25 03:25:00+00:00,1.91,535.5,188312
2026-01-25 03:26:00+00:00,2.36,540.6,162047
2026-01-25 03:27:00+00:00,2.34,545.0,150353
2026-01-25 03:28:00+00:00,1.97,544.4,158009
2026-01-25 03:29:00+00:00,1.88,547.4,146906
2026-01-25 03:30:00+00:00,2.33,550.2,144536
2026-01-25 03:31:00+00:00,2.76,557.0,128184
2026-01-25 03:32:00+00:00,2.15,551.6,118707
2026-01-25 03:33:00+00:00,2.64,554.9,116405
2026-01-25 03:34:00+00:00,2.33,556.9,112185
2026-01-25 03:35:00+00:00,2.31,553.7,116397
2026-01-25 03:36:00+00:00,2.23,556.1,115460
2026-01-25 03:37:00+00:00,2.00,551.9,126839
2026-01-25 03:38:00+00:00,2.17,554.8,127371
2026-01-25 03:39:00+00:00,2.26,555.8,132273
2026-01-25 03:40:00+00:00,2.42,552.7,128680
2026-01-25 03:41:00+00:00,2.28,551.2,129692
2026-01-25 03:42:00+00:00,2.24,552.0,131351
2026-01-25 03:43:00+00:00,2.28,550.6,131169
2026-01-25 03:44:00+00:00,2.04,548.3,133186
2026-01-25 03:45:00+00:00,2.04,550.1,129789
2026-01-25 03:46:00+00:00,2.04,550.5,137070
2026-01-25 03:47:00+00:00,1.98,545.9,142627
2026-01-25 03:48:00+00:00,1.75,549.4,153608
2026-01-25 03:49:00+00:00,1.88,547.2,133530
2026-01-25 03:51:00+00:00,2.12,544.9,120869
2026-01-25 03:52:00+00:00,1.69,545.9,130824
2026-01-25 03:53:00+00:00,1.64,546.6,140145
2026-01-25 03:54:00+00:00,1.59,546.2,152683
2026-01-25 03:55:00+00:00,1.42,548.8,147818
2026-01-25 03:56:00+00:00,1.27,552.7,143568
2026-01-25 03:57:00+00:00,1.30,554.4,147080
2026-01-25 03:58:00+00:00,1.18,555.3,152556
2026-01-25 04:00:00+00:00,0.70,562.0,194535
2026-01-25 04:01:00+00:00,0.71,562.6,194645
2026-01-25 04:02:00+00:00,0.61,553.6,161888
2026-01-25 04:03:00+00:00,0.19,519.3,63921
2026-01-25 04:04:00+00:00,0.48,566.0,279607
2026-01-25 04:05:00+00:00,1.22,554.7,180393
2026-01-25 04:06:00+00:00,1.70,557.2,141405
2026-01-25 04:07:00+00:00,2.48,555.4,129422
2026-01-25 04:08:00+00:00,2.52,558.4,123975
2026-01-25 04:09:00+00:00,2.72,585.7,137456
2026-01-25 04:10:00+00:00,2.32,600.5,161206
2026-01-25 04:11:00+00:00,2.71,586.3,143734
2026-01-25 04:12:00+00:00,2.99,583.1,129939
2026-01-25 04:13:00+00:00,3.07,602.3,150243
2026-01-25 04:14:00+00:00,3.16,605.3,148150
2026-01-25 04:15:00+00:00,3.21,593.9,127975
2026-01-25 04:16:00+00:00,3.17,593.1,128651
2026-01-25 04:17:00+00:00,2.99,587.9,116555
2026-01-25 04:18:00+00:00,2.93,586.7,110684
2026-01-25 04:19:00+00:00,2.92,587.5,120328
2026-01-25 04:20:00+00:00,2.55,581.9,112838
2026-01-25 04:21:00+00:00,3.06,577.7,113651
2026-01-25 04:22:00+00:00,2.81,577.8,117467
2026-01-25 04:23:00+00:00,2.81,577.8,117467
2026-01-25 04:24:00+00:00,2.87,574.8,101454
2026-01-25 04:25:00+00:00,2.98,575.2,124045
2026-01-25 04:26:00+00:00,3.18,582.2,132253
2026-01-25 04:27:00+00:00,2.98,582.1,120859
2026-01-25 04:28:00+00:00,3.01,583.2,117761
2026-01-25 04:29:00+00:00,3.06,584.3,116882
2026-01-25 04:30:00+00:00,2.95,584.7,111211
2026-01-25 04:31:00+00:00,2.74,586.6,110620
2026-01-25 04:32:00+00:00,2.73,587.2,114316
2026-01-25 04:33:00+00:00,3.06,583.5,114646
2026-01-25 04:34:00+00:00,3.04,579.0,121803
2026-01-25 04:35:00+00:00,3.05,585.9,129099
2026-01-25 04:36:00+00:00,2.95,586.1,121152
2026-01-25 04:37:00+00:00,2.73,573.2,111636
2026-01-25 04:38:00+00:00,2.61,574.8,120095
2026-01-25 04:39:00+00:00,2.62,564.2,124228
2026-01-25 04:40:00+00:00,3.67,585.4,170381
2026-01-25 04:41:00+00:00,3.09,585.2,130814
2026-01-25 04:42:00+00:00,2.99,587.4,130188
2026-01-25 04:43:00+00:00,2.65,581.9,133848
2026-01-25 04:44:00+00:00,2.64,578.9,122573
2026-01-25 04:45:00+00:00,2.51,576.6,127153
2026-01-25 04:46:00+00:00,2.13,573.5,143728
2026-01-25 04:47:00+00:00,1.96,575.6,150524
2026-01-25 04:48:00+00:00,2.38,585.4,146541
2026-01-25 04:49:00+00:00,3.09,592.5,136144
2026-01-25 04:50:00+00:00,2.95,586.4,129250
2026-01-25 04:51:00+00:00,3.17,594.6,132374
2026-01-25 04:52:00+00:00,2.94,583.9,122612
2026-01-25 04:53:00+00:00,3.05,592.4,129949
2026-01-25 04:54:00+00:00,2.77,594.5,104799
2026-01-25 04:55:00+00:00,2.87,596.6,116485
2026-01-25 04:56:00+00:00,2.87,596.7,117319
2026-01-25 04:57:00+00:00,2.87,580.9,99243
2026-01-25 04:58:00+00:00,3.00,583.7,112294
2026-01-25 04:59:00+00:00,2.71,579.7,118572
2026-01-25 05:00:00+00:00,2.68,581.1,124213
2026-01-25 05:01:00+00:00,2.85,585.7,118055
2026-01-25 05:02:00+00:00,2.74,582.8,112720
2026-01-25 05:03:00+00:00,2.63,579.8,116154
2026-01-25 05:04:00+00:00,2.79,585.0,121093
2026-01-25 05:05:00+00:00,2.72,584.1,131180
2026-01-25 05:06:00+00:00,2.53,574.1,129438
2026-01-25 05:07:00+00:00,2.67,582.4,116785
2026-01-25 05:08:00+00:00,3.03,584.9,122180
2026-01-25 05:09:00+00:00,3.05,582.6,132049
2026-01-25 05:10:00+00:00,1.65,580.2,172734
2026-01-25 05:11:00+00:00,0.67,586.7,229727
2026-01-25 05:12:00+00:00,0.42,590.8,161679
2026-01-25 05:13:00+00:00,0.20,601.6,153268
2026-01-25 05:14:00+00:00,1.31,580.2,164840
2026-01-25 05:15:00+00:00,1.68,571.5,163515
2026-01-25 05:16:00+00:00,1.37,576.0,190945
2026-01-25 05:17:00+00:00,1.20,576.6,209784
2026-01-25 05:18:00+00:00,1.07,578.8,222480
2026-01-25 05:19:00+00:00,0.95,581.6,232017
2026-01-25 05:20:00+00:00,1.41,577.0,203515
2026-01-25 05:21:00+00:00,2.29,573.8,152786
2026-01-25 05:22:00+00:00,2.50,572.8,118497
2026-01-25 05:23:00+00:00,2.40,574.1,118699
2026-01-25 05:24:00+00:00,2.34,575.3,133119
2026-01-25 05:25:00+00:00,2.63,578.3,122117
2026-01-25 05:26:00+00:00,2.03,573.7,127559
2026-01-25 05:27:00+00:00,2.39,579.8,131229
2026-01-25 05:28:00+00:00,2.62,576.1,110901
2026-01-25 05:29:00+00:00,2.66,575.4,107734
2026-01-25 05:30:00+00:00,2.16,573.8,116131
2026-01-25 05:31:00+00:00,2.55,574.0,111172
2026-01-25 05:32:00+00:00,2.32,574.5,121456
2026-01-25 05:33:00+00:00,1.50,582.4,151152
2026-01-25 05:34:00+00:00,1.11,588.2,160145
2026-01-25 05:35:00+00:00,1.48,584.4,148394
2026-01-25 05:36:00+00:00,1.64,582.8,140171
2026-01-25 05:37:00+00:00,1.48,585.1,131373
2026-01-25 05:38:00+00:00,2.10,578.0,144152
2026-01-25 05:39:00+00:00,1.80,577.8,137631
2026-01-25 05:40:00+00:00,1.88,577.2,131249
2026-01-25 05:41:00+00:00,1.83,579.4,160886
2026-01-25 05:42:00+00:00,1.95,575.1,148684
2026-01-25 05:43:00+00:00,1.76,575.7,147684
2026-01-25 05:44:00+00:00,1.54,582.0,149950
2026-01-25 05:45:00+00:00,1.68,590.1,139991
2026-01-25 05:46:00+00:00,1.30,586.9,148511
2026-01-25 05:47:00+00:00,1.17,592.8,166147
2026-01-25 05:48:00+00:00,0.99,597.5,153230
2026-01-25 05:49:00+00:00,1.79,579.5,124196
2026-01-25 05:50:00+00:00,2.72,562.7,109657
2026-01-25 05:51:00+00:00,2.79,562.0,105950
2026-01-25 05:52:00+00:00,2.66,561.4,100896
2026-01-25 05:53:00+00:00,2.61,560.1,99867
2026-01-25 05:54:00+00:00,2.52,559.1,101700
2026-01-25 05:55:00+00:00,2.42,558.5,107085
2026-01-25 05:56:00+00:00,2.79,561.8,104664
2026-01-25 05:57:00+00:00,2.57,557.1,110605
2026-01-25 05:58:00+00:00,2.52,558.1,123163
2026-01-25 05:59:00+00:00,2.06,556.6,127309
2026-01-25 06:00:00+00:00,2.11,557.7,132868
2026-01-25 06:01:00+00:00,2.39,560.2,119182
2026-01-25 06:02:00+00:00,2.46,560.8,115559
2026-01-25 06:03:00+00:00,2.33,559.5,120853
2026-01-25 06:04:00+00:00,2.17,559.2,134646
2026-01-25 06:05:00+00:00,1.96,557.6,144644
2026-01-25 06:06:00+00:00,2.04,558.9,119025
2026-01-25 06:07:00+00:00,1.88,565.0,139498
2026-01-25 06:08:00+00:00,1.61,565.6,180331
2026-01-25 06:09:00+00:00,2.27,557.1,106676
2026-01-25 06:10:00+00:00,2.61,558.2,97737
2026-01-25 06:11:00+00:00,2.39,557.9,100888
2026-01-25 06:12:00+00:00,2.75,558.9,95132
2026-01-25 06:13:00+00:00,2.39,559.1,132477
2026-01-25 06:14:00+00:00,3.11,563.9,108307
2026-01-25 06:15:00+00:00,2.55,561.2,115673
2026-01-25 06:16:00+00:00,3.13,570.6,124281
2026-01-25 06:17:00+00:00,2.22,568.1,150017
2026-01-25 06:18:00+00:00,1.84,565.9,156992
2026-01-25 06:19:00+00:00,1.85,565.8,170603
2026-01-25 06:20:00+00:00,1.98,564.6,165279
2026-01-25 06:21:00+00:00,2.08,567.0,162130
2026-01-25 06:22:00+00:00,1.99,567.2,164460
2026-01-25 06:23:00+00:00,1.79,567.2,171112
2026-01-25 06:24:00+00:00,1.71,570.5,180249
2026-01-25 06:25:00+00:00,1.73,568.9,173182
2026-01-25 06:26:00+00:00,1.67,571.4,171540
2026-01-25 06:27:00+00:00,1.76,571.2,159128
2026-01-25 06:28:00+00:00,1.00,585.0,198828
2026-01-25 06:29:00+00:00,2.08,568.3,156699
2026-01-25 06:30:00+00:00,1.82,563.5,163358
2026-01-25 06:31:00+00:00,1.89,556.8,178645
2026-01-25 06:32:00+00:00,1.66,567.9,176031
2026-01-25 06:33:00+00:00,1.25,567.0,189423
2026-01-25 06:34:00+00:00,1.53,564.4,175179
2026-01-25 06:35:00+00:00,1.66,563.7,168730
2026-01-25 06:36:00+00:00,1.25,569.1,186793
2026-01-25 06:37:00+00:00,1.58,568.1,168385
2026-01-25 06:38:00+00:00,1.61,567.4,159652
2026-01-25 06:39:00+00:00,1.57,566.7,171222
2026-01-25 06:40:00+00:00,1.95,565.6,163990
2026-01-25 06:41:00+00:00,1.94,566.8,146249
2026-01-25 06:42:00+00:00,1.85,568.4,158695
2026-01-25 06:43:00+00:00,1.61,569.1,144545
2026-01-25 06:44:00+00:00,1.30,574.8,168478
2026-01-25 06:45:00+00:00,1.27,572.3,165128
2026-01-25 06:46:00+00:00,1.24,570.5,164844
2026-01-25 06:47:00+00:00,1.40,573.2,167984
2026-01-25 06:48:00+00:00,1.05,575.1,178355
2026-01-25 06:49:00+00:00,0.84,584.1,169811
2026-01-25 06:50:00+00:00,0.83,577.4,202020
2026-01-25 06:51:00+00:00,1.09,574.4,210270
2026-01-25 06:52:00+00:00,1.07,577.9,196271
2026-01-25 06:53:00+00:00,1.02,576.5,212048
2026-01-25 06:54:00+00:00,1.07,571.9,222602
2026-01-25 06:55:00+00:00,0.99,575.5,228327
2026-01-25 06:56:00+00:00,0.93,580.8,241824
2026-01-25 06:57:00+00:00,1.14,574.3,210166
2026-01-25 06:58:00+00:00,1.30,572.3,189684
2026-01-25 06:59:00+00:00,1.10,578.2,181512
2026-01-25 07:00:00+00:00,1.07,574.6,181038
2026-01-25 07:01:00+00:00,1.11,574.6,181263
2026-01-25 07:02:00+00:00,1.93,573.3,140795
2026-01-25 07:03:00+00:00,1.27,578.8,166424
2026-01-25 07:04:00+00:00,1.04,585.7,142524
2026-01-25 07:05:00+00:00,1.24,597.4,111971
2026-01-25 07:06:00+00:00,1.01,598.4,122151
2026-01-25 07:07:00+00:00,0.97,595.2,119213
2026-01-25 07:08:00+00:00,1.00,593.9,114684
2026-01-25 07:09:00+00:00,0.95,596.6,123787
2026-01-25 07:10:00+00:00,0.94,595.8,118371
2026-01-25 07:11:00+00:00,1.17,595.5,106183
2026-01-25 07:12:00+00:00,1.56,593.9,93707
2026-01-25 07:13:00+00:00,1.49,589.2,90622
2026-01-25 07:14:00+00:00,1.27,590.0,101273
2026-01-25 08:09:00+00:00,1.68,571.4,180608
2026-01-25 08:10:00+00:00,1.73,569.8,172554
2026-01-25 08:11:00+00:00,1.90,578.5,197479
2026-01-25 08:12:00+00:00,2.19,576.2,158692
2026-01-25 08:13:00+00:00,2.27,570.1,128417
2026-01-25 08:14:00+00:00,2.22,568.7,132675
2026-01-25 08:15:00+00:00,2.35,568.9,114315
2026-01-25 08:16:00+00:00,2.20,564.0,107831
2026-01-25 08:17:00+00:00,2.11,557.0,103547
2026-01-25 08:18:00+00:00,2.54,557.6,118154
2026-01-25 08:19:00+00:00,2.04,538.6,95850
2026-01-25 08:20:00+00:00,2.92,595.5,186611
2026-01-25 08:21:00+00:00,2.26,582.4,109511
2026-01-25 08:22:00+00:00,2.82,576.9,119044
2026-01-25 08:23:00+00:00,2.94,579.7,134920
2026-01-25 08:24:00+00:00,1.42,563.2,157953
2026-01-25 08:25:00+00:00,0.88,548.7,126526
2026-01-25 08:26:00+00:00,1.35,564.8,194828
2026-01-25 08:27:00+00:00,1.77,577.8,262470
2026-01-25 08:28:00+00:00,1.53,581.0,273438
2026-01-25 08:29:00+00:00,1.17,581.5,234597
2026-01-25 08:30:00+00:00,1.07,583.1,206462
2026-01-25 08:31:00+00:00,1.21,591.4,274697
2026-01-25 08:32:00+00:00,1.49,594.4,336210
2026-01-25 08:33:00+00:00,1.62,584.7,224257
2026-01-25 08:34:00+00:00,1.55,596.6,134435
2026-01-25 08:35:00+00:00,1.48,589.9,130912
2026-01-25 08:36:00+00:00,1.21,583.5,115085
2026-01-25 08:37:00+00:00,1.67,604.1,184927
2026-01-25 08:38:00+00:00,1.18,574.6,188527
2026-01-25 08:39:00+00:00,1.45,594.3,311254
2026-01-25 08:40:00+00:00,1.05,575.5,170253
2026-01-25 08:41:00+00:00,1.06,585.1,144447
2026-01-25 08:42:00+00:00,1.34,575.3,164197
2026-01-25 08:43:00+00:00,1.53,590.2,228316
2026-01-25 08:44:00+00:00,1.07,582.7,168859
2026-01-25 08:45:00+00:00,0.88,588.5,165324
2026-01-25 08:46:00+00:00,0.89,576.4,155927
2026-01-25 08:47:00+00:00,0.77,545.2,90190
2026-01-25 08:48:00+00:00,1.19,605.1,414815
2026-01-25 08:49:00+00:00,1.11,599.4,357556
2026-01-25 08:50:00+00:00,0.93,589.1,221547
2026-01-25 08:51:00+00:00,1.03,606.5,288523
2026-01-25 08:52:00+00:00,0.84,582.2,167286
2026-01-25 08:53:00+00:00,0.92,577.6,183774
2026-01-25 08:54:00+00:00,1.22,571.6,214613
2026-01-25 08:55:00+00:00,1.47,593.1,324657
2026-01-25 08:56:00+00:00,1.19,573.2,228322
2026-01-25 08:57:00+00:00,1.24,566.6,210837
2026-01-25 08:58:00+00:00,1.68,561.6,194747
2026-01-25 08:59:00+00:00,1.95,571.1,212028
2026-01-25 09:00:00+00:00,2.00,574.6,222259
2026-01-25 09:01:00+00:00,1.92,568.5,198281
2026-01-25 09:02:00+00:00,1.78,556.9,149440
2026-01-25 09:03:00+00:00,1.67,553.6,131961
2026-01-25 09:04:00+00:00,1.21,546.3,110111
2026-01-25 09:05:00+00:00,0.52,532.9,60525
2026-01-25 09:06:00+00:00,0.91,568.5,140731
2026-01-25 09:07:00+00:00,0.63,529.0,35964
2026-01-25 09:08:00+00:00,1.40,559.3,114952
2026-01-25 09:09:00+00:00,2.69,605.6,175265
2026-01-25 09:10:00+00:00,2.94,586.8,137288
2026-01-25 09:11:00+00:00,3.14,618.0,204818
2026-01-25 09:12:00+00:00,2.96,597.0,162589
2026-01-25 09:13:00+00:00,2.05,580.2,118485
2026-01-25 09:14:00+00:00,1.16,588.9,151219
2026-01-25 09:15:00+00:00,1.34,585.4,296000
2026-01-25 09:16:00+00:00,1.82,563.3,197891
2026-01-25 09:17:00+00:00,2.30,560.1,124069
2026-01-25 09:18:00+00:00,2.55,568.4,139057
2026-01-25 09:19:00+00:00,2.28,566.2,103886
2026-01-25 09:20:00+00:00,1.86,562.3,77573
2026-01-25 09:21:00+00:00,2.57,578.7,129815
2026-01-25 09:22:00+00:00,2.61,582.2,138547
2026-01-25 09:23:00+00:00,2.59,592.3,159894
2026-01-25 09:24:00+00:00,1.47,569.1,85166
2026-01-25 09:25:00+00:00,2.13,607.6,275110
2026-01-25 09:26:00+00:00,1.50,581.4,126661
2026-01-25 09:27:00+00:00,1.64,595.8,188481
2026-01-25 09:28:00+00:00,1.63,575.9,123490
2026-01-25 09:29:00+00:00,1.54,572.6,120786
2026-01-25 09:30:00+00:00,1.25,572.7,130752
2026-01-25 09:31:00+00:00,1.00,566.6,105057
2026-01-25 09:32:00+00:00,1.09,561.5,137091
2026-01-25 09:33:00+00:00,1.22,550.6,135339
2026-01-25 09:34:00+00:00,1.62,549.4,121385
2026-01-25 09:35:00+00:00,2.02,561.9,137821
2026-01-25 09:36:00+00:00,1.73,568.5,150011
2026-01-25 09:37:00+00:00,1.19,558.4,157608
2026-01-25 09:38:00+00:00,1.17,540.1,127561
2026-01-25 09:39:00+00:00,2.32,585.3,196919
2026-01-25 09:40:00+00:00,2.55,590.2,175394
2026-01-25 09:41:00+00:00,2.40,576.3,194300
2026-01-25 09:42:00+00:00,1.80,565.6,130202
2026-01-25 09:43:00+00:00,1.94,594.3,169133
2026-01-25 09:44:00+00:00,2.68,610.8,181671
2026-01-25 09:45:00+00:00,1.24,553.7,139740
2026-01-25 09:46:00+00:00,0.80,575.6,152753
2026-01-25 09:47:00+00:00,0.75,578.8,119316
2026-01-25 09:48:00+00:00,0.72,588.3,133934
2026-01-25 09:49:00+00:00,0.71,581.6,150600
2026-01-25 09:50:00+00:00,0.90,567.6,191976
2026-01-25 09:51:00+00:00,1.04,565.0,214766
2026-01-25 09:52:00+00:00,0.89,577.2,183286
2026-01-25 09:53:00+00:00,0.83,610.5,215167
2026-01-25 09:54:00+00:00,2.24,644.6,421525
2026-01-25 09:55:00+00:00,2.14,634.5,370901
2026-01-25 09:56:00+00:00,1.53,572.1,50096
2026-01-25 09:57:00+00:00,2.06,623.0,165643
2026-01-25 09:58:00+00:00,1.73,593.8,101585
2026-01-25 09:59:00+00:00,2.02,606.2,156452
2026-01-25 10:00:00+00:00,1.80,602.0,144695
2026-01-25 10:01:00+00:00,1.80,602.0,144695
2026-01-25 10:02:00+00:00,1.62,591.0,96167
2026-01-25 10:03:00+00:00,1.81,601.3,126365
2026-01-25 10:04:00+00:00,2.02,608.3,158881
2026-01-25 10:05:00+00:00,2.05,607.1,152172
2026-01-25 10:06:00+00:00,2.21,616.8,208712
2026-01-25 10:07:00+00:00,2.01,606.8,207367
2026-01-25 10:08:00+00:00,1.60,581.7,130536
2026-01-25 10:09:00+00:00,1.92,601.7,191265
2026-01-25 10:10:00+00:00,1.81,603.5,120070
2026-01-25 10:11:00+00:00,2.01,601.6,242376
2026-01-25 10:12:00+00:00,1.05,553.8,140215
2026-01-25 10:13:00+00:00,1.49,559.6,159754
2026-01-25 10:14:00+00:00,1.57,561.8,181872
2026-01-25 10:15:00+00:00,1.46,558.4,170030
2026-01-25 10:16:00+00:00,1.81,562.0,187515
2026-01-25 10:17:00+00:00,1.71,559.9,177760
2026-01-25 10:18:00+00:00,2.07,572.9,242433
2026-01-25 10:19:00+00:00,1.70,562.6,201579
2026-01-25 10:20:00+00:00,1.56,560.6,185475
2026-01-25 10:21:00+00:00,1.37,565.7,222887
2026-01-25 10:22:00+00:00,1.28,575.6,307593
2026-01-25 10:23:00+00:00,1.41,573.9,306796
2026-01-25 10:24:00+00:00,1.54,560.2,215368
2026-01-25 10:25:00+00:00,1.82,565.6,237013
2026-01-25 10:26:00+00:00,1.46,560.2,211212
2026-01-25 10:27:00+00:00,1.83,570.5,260311
2026-01-25 10:28:00+00:00,1.77,569.6,255952
2026-01-25 10:29:00+00:00,0.93,556.9,194933
2026-01-25 10:30:00+00:00,1.55,560.3,217111
2026-01-25 10:31:00+00:00,1.35,560.0,200942
2026-01-25 10:32:00+00:00,1.33,558.1,201218
2026-01-25 10:33:00+00:00,1.19,543.9,171880
2026-01-25 10:34:00+00:00,1.40,553.6,196523
2026-01-25 10:35:00+00:00,1.81,562.4,251356
2026-01-25 10:36:00+00:00,1.71,554.6,211421
2026-01-25 10:37:00+00:00,1.64,549.2,184256
2026-01-25 10:38:00+00:00,2.03,558.3,239854
2026-01-25 10:39:00+00:00,2.28,560.6,221582
2026-01-25 10:40:00+00:00,2.30,551.9,115590
2026-01-25 10:41:00+00:00,2.69,561.1,112625
2026-01-25 10:42:00+00:00,3.08,580.2,133951
2026-01-25 10:43:00+00:00,3.35,591.3,160598
2026-01-25 10:44:00+00:00,2.99,579.2,140700
2026-01-25 10:45:00+00:00,1.30,532.8,53241
2026-01-25 10:46:00+00:00,1.65,555.1,194345
2026-01-25 10:47:00+00:00,1.33,558.4,175387
2026-01-25 10:48:00+00:00,1.58,566.3,293335
2026-01-25 10:49:00+00:00,1.01,530.5,138790
2026-01-25 10:50:00+00:00,1.77,564.4,239446
2026-01-25 10:51:00+00:00,2.00,562.6,220084
2026-01-25 10:52:00+00:00,2.28,555.8,160069
2026-01-25 10:53:00+00:00,2.32,554.5,147424
2026-01-25 10:54:00+00:00,1.89,548.5,136803
2026-01-25 10:55:00+00:00,1.61,546.0,135325
2026-01-25 10:56:00+00:00,1.64,542.7,136535
2026-01-25 10:57:00+00:00,1.76,538.0,102864
2026-01-25 10:58:00+00:00,2.29,560.4,123440
2026-01-25 10:59:00+00:00,2.34,576.3,136445
2026-01-25 11:00:00+00:00,2.26,536.2,75879
2026-01-25 11:01:00+00:00,2.26,536.2,75879
2026-01-25 11:02:00+00:00,2.59,542.2,120596
2026-01-25 11:03:00+00:00,3.24,552.9,144866
2026-01-25 11:04:00+00:00,3.09,551.1,148081
2026-01-25 11:05:00+00:00,1.22,527.2,110771
2026-01-25 11:06:00+00:00,2.29,545.5,149696
2026-01-25 11:07:00+00:00,2.56,554.9,147802
2026-01-25 11:08:00+00:00,1.98,543.1,123437
2026-01-25 11:09:00+00:00,1.80,542.7,140978
2026-01-25 11:10:00+00:00,1.88,552.3,169573
2026-01-25 11:11:00+00:00,1.54,551.4,168591
2026-01-25 11:12:00+00:00,1.15,542.3,154303
2026-01-25 11:13:00+00:00,1.37,541.0,158573
2026-01-25 11:14:00+00:00,1.21,552.2,186242
2026-01-25 11:15:00+00:00,0.92,555.9,161573
2026-01-25 11:16:00+00:00,1.24,590.5,254706
2026-01-25 11:17:00+00:00,0.73,546.5,107677
2026-01-25 11:18:00+00:00,1.00,560.9,179070
2026-01-25 11:19:00+00:00,0.69,559.1,124711
2026-01-25 11:20:00+00:00,1.37,569.4,149082
2026-01-25 11:21:00+00:00,2.10,568.5,196461
2026-01-25 11:22:00+00:00,1.84,556.2,195480
2026-01-25 11:23:00+00:00,1.63,548.9,186044
2026-01-25 11:24:00+00:00,1.36,544.2,173602
2026-01-25 11:25:00+00:00,1.35,548.4,201304
2026-01-25 11:26:00+00:00,1.33,550.4,211873
2026-01-25 11:27:00+00:00,1.49,552.6,219974
2026-01-25 11:28:00+00:00,1.60,552.7,222751
2026-01-25 11:29:00+00:00,1.03,536.0,153714
2026-01-25 11:30:00+00:00,1.54,541.3,195091
2026-01-25 11:31:00+00:00,1.44,541.6,187970
2026-01-25 11:32:00+00:00,1.66,546.9,231497
2026-01-25 11:34:00+00:00,1.59,546.6,238158
2026-01-25 11:35:00+00:00,1.17,543.1,199881
2026-01-25 11:36:00+00:00,1.29,543.8,218149
2026-01-25 11:37:00+00:00,1.75,559.1,266135
2026-01-25 11:38:00+00:00,1.96,572.0,170667
2026-01-25 11:39:00+00:00,2.02,589.2,151905
2026-01-25 11:40:00+00:00,1.65,556.2,107490
2026-01-25 11:41:00+00:00,1.53,551.6,86830
2026-01-25 11:42:00+00:00,1.72,577.9,118482
2026-01-25 11:43:00+00:00,1.69,579.1,143077
2026-01-25 11:44:00+00:00,1.29,554.1,118998
2026-01-25 11:45:00+00:00,0.98,534.9,71594
2026-01-25 11:46:00+00:00,1.45,562.5,105477
2026-01-25 11:47:00+00:00,1.39,558.1,100453
2026-01-25 11:48:00+00:00,1.21,562.3,111880
2026-01-25 11:49:00+00:00,1.29,573.7,164510
2026-01-25 11:50:00+00:00,1.71,565.1,118325
2026-01-25 11:51:00+00:00,1.51,552.6,79662
2026-01-25 11:52:00+00:00,1.29,559.0,148435
2026-01-25 11:53:00+00:00,1.64,573.6,186526
2026-01-25 11:54:00+00:00,1.36,568.2,145684
2026-01-25 11:55:00+00:00,1.30,575.0,150206
2026-01-25 11:56:00+00:00,1.02,561.7,125019
2026-01-25 11:57:00+00:00,0.89,563.0,150867
2026-01-25 11:58:00+00:00,0.87,569.5,171728
2026-01-25 11:59:00+00:00,0.81,567.4,169611
2026-01-25 12:00:00+00:00,0.84,565.6,169143
2026-01-25 12:01:00+00:00,0.88,553.5,104332
2026-01-25 12:02:00+00:00,1.26,563.2,124990
2026-01-25 12:03:00+00:00,1.15,568.7,115689
2026-01-25 12:04:00+00:00,0.87,553.2,100955
2026-01-25 12:05:00+00:00,1.07,594.0,248923
2026-01-25 12:07:00+00:00,0.80,565.5,149624
2026-01-25 12:08:00+00:00,0.66,531.7,111432
2026-01-25 12:09:00+00:00,0.29,502.8,35498
2026-01-25 12:10:00+00:00,0.73,550.3,146733
2026-01-25 12:11:00+00:00,1.00,579.0,236409
2026-01-25 12:12:00+00:00,0.96,549.3,154101
2026-01-25 12:13:00+00:00,1.22,560.2,176304
2026-01-25 12:14:00+00:00,1.39,575.3,206403
2026-01-25 12:15:00+00:00,1.26,556.2,145454
2026-01-25 12:16:00+00:00,1.29,562.8,182041
2026-01-25 12:17:00+00:00,1.26,579.8,244610
2026-01-25 12:18:00+00:00,0.95,568.3,173568
2026-01-25 12:19:00+00:00,0.85,568.0,135450
2026-01-25 12:20:00+00:00,0.81,562.0,126822
2026-01-25 12:21:00+00:00,1.32,601.2,203731
2026-01-25 12:22:00+00:00,0.88,567.2,145719
2026-01-25 12:23:00+00:00,0.75,569.5,114195
2026-01-25 12:24:00+00:00,0.71,555.9,97215
2026-01-25 12:25:00+00:00,0.82,579.5,171186
2026-01-25 12:26:00+00:00,0.74,578.2,132416
2026-01-25 12:27:00+00:00,0.72,588.0,137694
2026-01-25 12:28:00+00:00,0.71,586.1,121942
2026-01-25 12:29:00+00:00,0.69,569.4,92169
2026-01-25 12:30:00+00:00,0.73,566.0,107280
2026-01-25 12:31:00+00:00,0.79,575.7,144952
2026-01-25 12:32:00+00:00,0.91,581.5,189792
2026-01-25 12:33:00+00:00,1.11,580.8,221256
2026-01-25 12:34:00+00:00,0.96,565.8,135819
2026-01-25 12:35:00+00:00,0.85,562.4,106143
2026-01-25 12:36:00+00:00,0.61,548.8,105629
2026-01-25 12:37:00+00:00,0.88,595.7,237875
2026-01-25 12:38:00+00:00,0.82,570.8,115591
2026-01-25 12:39:00+00:00,0.82,570.8,115591
2026-01-25 12:40:00+00:00,1.47,546.9,206863
2026-01-25 12:41:00+00:00,1.21,542.0,184146
2026-01-25 12:42:00+00:00,1.30,538.7,191509
2026-01-25 12:43:00+00:00,1.21,539.4,182764
2026-01-25 12:44:00+00:00,1.38,545.9,221525
2026-01-25 12:45:00+00:00,1.56,547.2,230654
2026-01-25 12:46:00+00:00,1.40,542.8,199394
2026-01-25 12:47:00+00:00,1.09,532.7,167396
2026-01-25 12:48:00+00:00,1.14,535.4,186455
2026-01-25 12:49:00+00:00,1.56,557.1,250041
2026-01-25 12:50:00+00:00,1.44,542.7,186489
2026-01-25 12:51:00+00:00,1.44,548.1,211441
2026-01-25 12:52:00+00:00,0.72,517.1,107057
2026-01-25 12:53:00+00:00,2.10,557.0,238159
2026-01-25 12:54:00+00:00,1.40,535.2,170372
2026-01-25 12:55:00+00:00,1.54,537.0,185684
2026-01-25 12:56:00+00:00,0.95,516.0,132763
2026-01-25 12:57:00+00:00,1.53,531.8,181169
2026-01-25 12:58:00+00:00,1.61,528.1,171715
2026-01-25 12:59:00+00:00,1.37,518.6,142453
2026-01-25 13:00:00+00:00,1.96,530.7,195818
2026-01-25 13:01:00+00:00,1.81,527.3,179243
2026-01-25 13:02:00+00:00,1.43,520.1,149162
2026-01-25 13:03:00+00:00,1.54,520.1,161053
2026-01-25 13:04:00+00:00,1.66,520.4,165069
2026-01-25 13:05:00+00:00,2.03,533.6,195846
2026-01-25 13:06:00+00:00,1.93,523.7,155528
2026-01-25 13:07:00+00:00,1.94,523.3,155263
2026-01-25 13:08:00+00:00,1.37,503.4,96061
2026-01-25 13:09:00+00:00,2.16,535.6,197631
2026-01-25 13:10:00+00:00,1.81,519.0,126630
2026-01-25 13:11:00+00:00,1.83,525.2,134635
2026-01-25 13:12:00+00:00,1.83,525.6,135207
2026-01-25 13:13:00+00:00,1.85,529.7,164415
2026-01-25 13:14:00+00:00,1.60,527.1,165854
2026-01-25 13:15:00+00:00,1.16,508.6,133480
2026-01-25 13:16:00+00:00,1.56,527.2,218113
2026-01-25 13:17:00+00:00,1.95,538.7,239574
2026-01-25 13:18:00+00:00,1.67,531.6,202308
2026-01-25 13:19:00+00:00,1.16,524.9,187509
2026-01-25 13:20:00+00:00,1.20,526.5,197116
2026-01-25 13:21:00+00:00,1.67,540.9,253116
2026-01-25 13:22:00+00:00,1.29,527.8,207822
2026-01-25 13:23:00+00:00,1.35,527.4,214356
2026-01-25 13:24:00+00:00,0.92,524.0,178915
2026-01-25 13:25:00+00:00,1.46,533.7,237623
2026-01-25 13:26:00+00:00,1.23,528.3,202679
2026-01-25 13:27:00+00:00,0.93,512.1,149965
2026-01-25 13:28:00+00:00,1.60,536.1,237988
2026-01-25 13:29:00+00:00,1.45,534.5,232280
2026-01-25 13:30:00+00:00,1.39,533.1,227322
2026-01-25 13:31:00+00:00,1.11,486.4,131159
2026-01-25 13:32:00+00:00,1.02,504.3,164126
2026-01-25 13:33:00+00:00,1.38,539.3,279513
2026-01-25 13:34:00+00:00,1.75,559.5,361246
2026-01-25 13:35:00+00:00,1.05,502.0,129009
2026-01-25 13:36:00+00:00,0.98,506.2,135489
2026-01-25 13:37:00+00:00,1.08,524.1,198908
2026-01-25 13:38:00+00:00,1.65,544.0,301562
2026-01-25 13:39:00+00:00,1.16,521.6,158263
2026-01-25 13:40:00+00:00,1.14,522.3,163422
2026-01-25 13:41:00+00:00,1.27,522.8,131850
2026-01-25 13:42:00+00:00,1.19,527.6,190112
2026-01-25 13:43:00+00:00,0.97,511.9,158640
2026-01-25 13:44:00+00:00,1.24,533.2,298089
2026-01-25 13:45:00+00:00,1.28,536.6,319888
2026-01-25 13:47:00+00:00,0.54,512.8,74466
2026-01-25 13:48:00+00:00,0.94,542.1,202578
2026-01-25 13:49:00+00:00,1.21,563.3,299817
2026-01-25 13:50:00+00:00,0.88,541.3,255696
2026-01-25 13:51:00+00:00,0.81,526.9,198145
2026-01-25 13:52:00+00:00,1.16,541.2,205739
2026-01-25 13:53:00+00:00,0.93,528.6,191625
2026-01-25 13:54:00+00:00,0.85,520.1,160165
2026-01-25 13:55:00+00:00,0.92,530.9,208299
2026-01-25 13:56:00+00:00,1.00,542.4,257155
2026-01-25 13:57:00+00:00,0.96,551.0,319487
2026-01-25 13:58:00+00:00,0.92,529.1,198469
2026-01-25 13:59:00+00:00,0.60,513.7,117727
2026-01-25 14:00:00+00:00,0.53,485.2,43180
2026-01-25 14:01:00+00:00,1.05,511.9,192472
2026-01-25 14:02:00+00:00,1.18,519.8,211348
2026-01-25 14:03:00+00:00,1.11,503.2,171751
2026-01-25 14:04:00+00:00,1.25,522.9,252127
2026-01-25 14:05:00+00:00,1.28,529.7,240692
2026-01-25 14:06:00+00:00,1.18,521.6,186291
2026-01-25 14:07:00+00:00,1.24,528.5,219651
2026-01-25 14:08:00+00:00,1.22,533.0,224226
2026-01-25 14:09:00+00:00,1.00,530.1,176344
2026-01-25 14:10:00+00:00,1.01,529.4,174789
2026-01-25 14:11:00+00:00,0.90,522.4,158904
2026-01-25 14:12:00+00:00,1.12,553.6,284410
2026-01-25 14:13:00+00:00,1.20,553.5,333395
2026-01-25 14:14:00+00:00,1.15,525.2,194175
2026-01-25 14:15:00+00:00,0.94,506.4,134070
2026-01-25 14:16:00+00:00,1.11,529.2,208589
2026-01-25 14:17:00+00:00,1.20,546.6,282065
2026-01-25 14:18:00+00:00,1.21,550.1,297403
2026-01-25 14:20:00+00:00,0.62,516.4,126740
2026-01-25 14:21:00+00:00,0.76,515.6,125346
2026-01-25 14:22:00+00:00,0.99,518.2,135325
2026-01-25 14:23:00+00:00,1.35,527.4,161136
2026-01-25 14:24:00+00:00,1.74,532.5,180037
2026-01-25 14:25:00+00:00,1.80,523.1,164087
2026-01-25 14:26:00+00:00,1.61,508.6,112126
2026-01-25 14:27:00+00:00,1.47,494.4,89037
2026-01-25 14:28:00+00:00,2.13,533.0,229074
2026-01-25 14:29:00+00:00,2.51,513.4,103150
2026-01-25 14:30:00+00:00,2.61,517.2,97872
2026-01-25 14:31:00+00:00,2.53,519.8,90675
2026-01-25 14:32:00+00:00,2.49,515.9,111685
2026-01-25 14:33:00+00:00,2.32,517.2,107120
2026-01-25 14:34:00+00:00,2.30,512.6,95327
2026-01-25 14:35:00+00:00,2.39,511.0,97327
2026-01-25 14:36:00+00:00,2.46,510.5,104173
2026-01-25 14:37:00+00:00,2.29,510.0,106026
2026-01-25 14:38:00+00:00,2.09,512.4,115694
2026-01-25 14:39:00+00:00,2.11,514.6,120881
2026-01-25 14:40:00+00:00,2.32,511.8,110128
2026-01-25 14:41:00+00:00,2.49,510.0,105796
2026-01-25 14:42:00+00:00,2.39,513.0,100188
2026-01-25 14:43:00+00:00,2.53,508.4,112529
2026-01-25 14:44:00+00:00,2.23,506.8,124258
2026-01-25 14:45:00+00:00,2.40,507.5,101357
2026-01-25 14:46:00+00:00,2.47,508.3,103604
2026-01-25 14:47:00+00:00,2.60,506.5,102800
2026-01-25 14:48:00+00:00,2.47,507.2,103388
2026-01-25 14:49:00+00:00,2.41,509.1,99936
2026-01-25 14:50:00+00:00,2.44,506.0,103158
2026-01-25 14:51:00+00:00,2.45,504.7,104652
2026-01-25 14:52:00+00:00,2.74,506.4,95188
2026-01-25 14:53:00+00:00,2.70,516.8,93070
2026-01-25 14:54:00+00:00,2.54,524.9,85920
2026-01-25 14:55:00+00:00,2.52,528.6,102831
2026-01-25 14:56:00+00:00,2.81,532.8,128162
2026-01-25 14:57:00+00:00,3.16,525.8,113569
2026-01-25 14:58:00+00:00,3.37,521.8,117533
2026-01-25 14:59:00+00:00,2.48,517.2,90243
2026-01-25 15:00:00+00:00,2.00,517.4,70009
2026-01-25 15:01:00+00:00,2.59,514.2,74730
2026-01-25 15:02:00+00:00,1.83,499.3,42706
2026-01-25 15:03:00+00:00,2.96,531.2,107794
2026-01-25 15:04:00+00:00,3.53,526.7,119424
2026-01-25 15:05:00+00:00,2.50,513.3,77480
2026-01-25 15:06:00+00:00,1.36,484.5,37186
2026-01-25 15:07:00+00:00,2.33,504.4,87414
2026-01-25 15:08:00+00:00,3.00,513.9,96119
2026-01-25 15:09:00+00:00,2.73,513.7,81716
2026-01-25 15:10:00+00:00,2.43,517.6,75734
2026-01-25 15:11:00+00:00,2.64,520.0,83098
2026-01-25 15:12:00+00:00,2.82,522.5,95610
2026-01-25 15:13:00+00:00,2.45,520.9,77954
2026-01-25 15:14:00+00:00,2.73,512.6,78204
2026-01-25 15:15:00+00:00,2.59,516.5,77098
2026-01-25 15:16:00+00:00,3.20,503.7,83140
2026-01-25 15:17:00+00:00,2.51,503.4,85210
2026-01-25 15:18:00+00:00,2.63,518.1,93346
2026-01-25 15:19:00+00:00,2.65,506.8,88722
2026-01-25 15:20:00+00:00,2.58,513.6,79038
2026-01-25 15:21:00+00:00,2.51,509.2,84472
2026-01-25 15:22:00+00:00,2.79,503.8,99920
2026-01-25 15:23:00+00:00,2.71,500.6,113147
2026-01-25 15:24:00+00:00,2.61,499.7,117264
2026-01-25 15:25:00+00:00,2.64,500.9,106214
2026-01-25 15:26:00+00:00,2.49,502.2,115719
2026-01-25 15:27:00+00:00,2.29,505.0,122758
2026-01-25 15:28:00+00:00,2.20,505.5,115936
2026-01-25 15:29:00+00:00,2.05,497.8,99116
2026-01-25 15:30:00+00:00,2.01,487.9,69696
2026-01-25 15:31:00+00:00,2.30,502.5,112481
2026-01-25 15:32:00+00:00,2.01,513.1,106083
2026-01-25 15:33:00+00:00,2.03,516.5,79489
2026-01-25 15:34:00+00:00,1.54,483.0,46673
2026-01-25 15:35:00+00:00,1.77,506.1,72881
2026-01-25 15:36:00+00:00,2.93,514.0,102693
2026-01-25 15:37:00+00:00,3.35,520.8,114951
2026-01-25 15:38:00+00:00,1.98,498.2,59352
2026-01-25 15:39:00+00:00,2.70,514.6,101793
2026-01-25 15:40:00+00:00,3.37,528.4,125313
2026-01-25 15:41:00+00:00,2.42,512.6,86202
2026-01-25 15:42:00+00:00,2.28,513.9,83486
2026-01-25 15:43:00+00:00,3.12,531.6,115667
2026-01-25 15:44:00+00:00,3.18,524.1,114889
2026-01-25 15:45:00+00:00,2.58,503.8,90436
2026-01-25 15:46:00+00:00,1.20,491.6,55052
2026-01-25 15:47:00+00:00,2.73,522.5,108522
2026-01-25 15:48:00+00:00,2.37,511.2,88292
2026-01-25 15:49:00+00:00,2.55,506.7,108442
2026-01-25 15:50:00+00:00,2.41,500.0,89152
2026-01-25 15:51:00+00:00,2.49,511.7,142911
2026-01-25 15:52:00+00:00,2.44,511.7,107732
2026-01-25 15:53:00+00:00,2.41,503.0,93376
2026-01-25 15:54:00+00:00,2.03,500.6,110178
2026-01-25 15:55:00+00:00,1.47,499.3,126869
2026-01-25 15:56:00+00:00,1.29,502.0,155603
2026-01-25 16:00:00+00:00,1.25,510.3,191165
2026-01-25 16:01:00+00:00,1.78,516.7,170949
2026-01-25 16:02:00+00:00,3.06,535.2,107876
2026-01-25 16:03:00+00:00,2.37,534.2,83568
2026-01-25 16:04:00+00:00,2.75,506.4,119574
2026-01-25 16:05:00+00:00,2.69,511.0,113381
2026-01-25 16:06:00+00:00,1.76,506.7,186342
2026-01-25 16:07:00+00:00,1.79,522.3,223299
2026-01-25 16:08:00+00:00,1.65,523.7,187426
2026-01-25 16:09:00+00:00,1.00,527.4,205641
2026-01-25 16:10:00+00:00,0.81,546.1,207666
2026-01-25 16:11:00+00:00,1.01,526.7,224120
2026-01-25 16:12:00+00:00,1.08,514.7,232222
2026-01-25 16:13:00+00:00,1.05,515.3,231653
2026-01-25 16:14:00+00:00,0.91,510.7,192285
2026-01-25 16:15:00+00:00,1.14,511.9,206313
2026-01-25 16:16:00+00:00,1.52,512.4,220535
2026-01-25 16:17:00+00:00,1.41,505.9,185788
2026-01-25 16:18:00+00:00,1.35,499.8,149545
2026-01-25 16:19:00+00:00,2.57,515.7,228701
2026-01-25 16:20:00+00:00,1.45,506.6,176524
2026-01-25 16:21:00+00:00,2.06,504.9,177453
2026-01-25 16:22:00+00:00,1.62,494.9,118476
2026-01-25 16:23:00+00:00,2.54,514.2,156531
2026-01-25 16:24:00+00:00,1.69,502.9,165518
2026-01-25 16:25:00+00:00,1.62,493.6,124127
2026-01-25 16:26:00+00:00,1.93,496.0,115626
2026-01-25 16:27:00+00:00,1.59,498.9,140314
2026-01-25 16:28:00+00:00,1.46,502.0,172053
2026-01-25 16:29:00+00:00,1.84,498.3,130620
2026-01-25 16:30:00+00:00,2.12,493.8,82832
2026-01-25 16:33:00+00:00,2.13,502.7,140280
2026-01-25 16:34:00+00:00,1.24,494.9,131116
2026-01-25 16:35:00+00:00,1.64,496.8,129177
2026-01-25 16:36:00+00:00,1.71,497.7,157184
2026-01-25 16:37:00+00:00,1.44,500.4,182742
2026-01-25 16:38:00+00:00,1.86,499.0,150662
2026-01-25 16:39:00+00:00,1.55,499.8,170608
2026-01-25 16:40:00+00:00,0.94,509.9,243406
2026-01-25 16:41:00+00:00,1.21,504.2,203292
2026-01-25 16:42:00+00:00,1.24,503.5,200621
2026-01-25 16:43:00+00:00,1.35,501.3,190266
2026-01-25 16:44:00+00:00,1.50,501.1,189930
2026-01-25 16:45:00+00:00,1.58,499.5,179711
2026-01-25 16:46:00+00:00,1.34,487.5,104244
2026-01-25 16:47:00+00:00,1.18,484.8,88809
2026-01-25 16:48:00+00:00,1.42,497.6,173989
2026-01-25 16:49:00+00:00,1.33,499.8,185325
2026-01-25 16:50:00+00:00,0.87,501.9,178486
2026-01-25 16:51:00+00:00,0.72,485.6,67910
2026-01-25 16:52:00+00:00,0.93,508.9,196456
2026-01-25 16:53:00+00:00,0.95,500.1,156861
2026-01-25 16:54:00+00:00,0.73,485.0,59319
2026-01-25 16:55:00+00:00,0.84,500.9,168791
2026-01-25 16:56:00+00:00,0.87,503.9,221746
2026-01-25 16:57:00+00:00,0.99,504.6,236842
2026-01-25 16:58:00+00:00,0.99,506.4,227891
2026-01-25 16:59:00+00:00,1.02,504.4,224038
2026-01-25 17:00:00+00:00,0.97,505.7,218439
2026-01-25 17:01:00+00:00,0.99,508.6,210247
2026-01-25 17:02:00+00:00,1.00,509.5,204259
2026-01-25 17:03:00+00:00,0.94,509.4,201828
2026-01-25 17:04:00+00:00,0.98,507.6,227714
2026-01-25 17:05:00+00:00,0.95,509.8,227234
2026-01-25 17:06:00+00:00,0.90,513.3,222751
2026-01-25 17:07:00+00:00,1.03,503.2,207095
2026-01-25 17:08:00+00:00,0.95,503.4,189371
2026-01-25 17:09:00+00:00,1.06,505.4,214130
2026-01-25 17:10:00+00:00,1.34,496.6,171871
2026-01-25 17:11:00+00:00,1.23,499.3,195454
2026-01-25 17:12:00+00:00,1.44,507.3,225992
2026-01-25 17:13:00+00:00,0.80,491.3,142843
2026-01-25 17:14:00+00:00,1.07,513.5,268236
2026-01-25 17:15:00+00:00,1.00,502.5,224914
2026-01-25 17:16:00+00:00,0.76,483.2,93389
2026-01-25 17:17:00+00:00,0.69,498.7,109800
2026-01-25 17:18:00+00:00,0.66,523.2,148890
2026-01-25 17:19:00+00:00,0.60,527.5,165225
2026-01-25 17:20:00+00:00,0.70,514.1,194600
2026-01-25 17:21:00+00:00,1.07,498.9,164355
2026-01-25 17:22:00+00:00,1.44,508.2,254109
2026-01-25 17:23:00+00:00,0.95,495.7,161418
2026-01-25 17:24:00+00:00,1.54,506.7,179806
2026-01-25 17:25:00+00:00,1.15,490.5,112092
2026-01-25 17:26:00+00:00,1.31,489.6,119841
2026-01-25 17:27:00+00:00,1.32,495.5,114040
2026-01-25 17:28:00+00:00,1.22,498.5,108762
2026-01-25 17:29:00+00:00,1.09,492.9,134808
2026-01-25 17:30:00+00:00,1.08,492.5,122871
2026-01-25 17:31:00+00:00,1.03,495.1,133218
2026-01-25 17:32:00+00:00,1.10,496.1,128605
2026-01-25 17:33:00+00:00,0.98,490.1,85789
2026-01-25 17:34:00+00:00,0.97,492.8,116709
2026-01-25 17:35:00+00:00,0.99,502.9,200664
2026-01-25 17:36:00+00:00,0.76,504.7,222542
2026-01-25 17:39:00+00:00,0.41,474.0,66889
2026-01-25 17:40:00+00:00,1.28,501.4,163413
2026-01-25 17:41:00+00:00,1.17,501.1,187567
2026-01-25 17:42:00+00:00,1.09,503.3,204364
2026-01-25 17:43:00+00:00,1.18,499.7,187285
2026-01-25 17:44:00+00:00,0.46,475.3,64327
2026-01-25 17:45:00+00:00,1.27,494.2,115052
2026-01-25 17:46:00+00:00,1.64,497.2,104440
2026-01-25 17:47:00+00:00,1.52,494.9,91396
2026-01-25 17:48:00+00:00,1.30,496.2,133588
2026-01-25 17:49:00+00:00,1.13,495.3,140701
2026-01-25 17:50:00+00:00,0.98,488.2,111582
2026-01-25 17:51:00+00:00,0.96,487.8,121469
2026-01-25 17:52:00+00:00,1.12,491.0,134558
2026-01-25 17:53:00+00:00,1.34,489.9,118438
2026-01-25 17:54:00+00:00,1.71,511.9,180107
2026-01-25 17:55:00+00:00,2.16,501.3,192981
2026-01-25 17:56:00+00:00,2.04,498.7,189957
2026-01-25 17:57:00+00:00,1.35,493.9,118421
2026-01-25 17:58:00+00:00,1.56,497.5,185837
2026-01-25 17:59:00+00:00,1.52,502.7,180483
2026-01-25 18:00:00+00:00,1.12,490.0,134475
2026-01-25 18:01:00+00:00,1.78,510.0,226637
2026-01-25 18:02:00+00:00,1.39,501.1,188265
2026-01-25 18:03:00+00:00,1.22,496.5,166412
2026-01-25 18:04:00+00:00,1.34,491.6,125034
2026-01-25 18:05:00+00:00,1.24,484.8,72091
2026-01-25 18:06:00+00:00,1.28,489.2,107045
2026-01-25 18:07:00+00:00,1.25,489.8,117427
2026-01-25 18:08:00+00:00,1.14,481.9,51579
2026-01-25 18:09:00+00:00,1.61,489.3,83533
2026-01-25 18:12:00+00:00,1.33,500.6,163242
2026-01-25 18:13:00+00:00,1.46,503.2,173523
2026-01-25 18:14:00+00:00,1.35,502.9,204934
2026-01-25 18:15:00+00:00,1.35,502.1,195891
2026-01-25 18:16:00+00:00,1.48,504.6,201209
2026-01-25 18:17:00+00:00,1.39,505.0,201767
2026-01-25 18:18:00+00:00,1.51,502.9,207323
2026-01-25 18:19:00+00:00,1.34,504.3,224046
2026-01-25 18:20:00+00:00,1.23,504.3,213569
2026-01-25 18:21:00+00:00,1.16,503.5,203873
2026-01-25 18:22:00+00:00,1.06,501.6,199330
2026-01-25 18:23:00+00:00,1.20,503.5,212761
2026-01-25 18:24:00+00:00,1.21,504.6,215651
2026-01-25 18:25:00+00:00,0.82,498.5,178484
2026-01-25 18:26:00+00:00,1.07,508.2,235640
2026-01-25 18:27:00+00:00,1.05,511.1,243482
2026-01-25 18:28:00+00:00,0.84,507.2,201315
2026-01-25 18:29:00+00:00,1.05,511.0,227411
2026-01-25 18:31:00+00:00,0.86,507.5,203159
2026-01-25 18:32:00+00:00,0.69,492.7,138001
2026-01-25 18:33:00+00:00,1.41,516.4,281510
2026-01-25 18:34:00+00:00,1.33,515.5,269177
2026-01-25 18:35:00+00:00,1.31,510.7,238324
2026-01-25 18:36:00+00:00,1.00,504.7,186344
2026-01-25 18:37:00+00:00,1.09,514.6,246747
2026-01-25 18:38:00+00:00,1.34,515.8,271413
2026-01-25 18:39:00+00:00,1.14,508.3,189185
2026-01-25 18:40:00+00:00,1.34,517.3,165781
2026-01-25 18:41:00+00:00,1.91,518.8,180475
2026-01-25 18:42:00+00:00,1.30,509.6,188733
2026-01-25 18:45:00+00:00,1.52,503.7,141832
2026-01-25 18:46:00+00:00,1.75,502.9,164161
2026-01-25 18:47:00+00:00,1.82,512.5,164847
2026-01-25 18:48:00+00:00,1.15,498.4,110943
2026-01-25 18:49:00+00:00,1.48,515.0,252926
2026-01-25 18:50:00+00:00,1.68,509.2,203342
2026-01-25 18:51:00+00:00,1.37,509.9,164150
2026-01-25 18:52:00+00:00,1.39,509.9,156405
2026-01-25 18:53:00+00:00,1.56,524.2,141166
2026-01-25 18:54:00+00:00,1.52,522.8,140882
2026-01-25 18:55:00+00:00,1.61,505.4,152010
2026-01-25 18:56:00+00:00,1.89,504.8,144505
2026-01-25 18:57:00+00:00,1.85,504.5,130734
2026-01-25 18:58:00+00:00,1.56,504.4,127302
2026-01-25 18:59:00+00:00,1.51,500.9,139431
2026-01-25 19:00:00+00:00,1.65,503.3,159779
2026-01-25 19:01:00+00:00,2.06,520.3,220958
2026-01-25 19:02:00+00:00,1.53,500.9,162959
2026-01-25 19:03:00+00:00,1.79,511.5,186941
2026-01-25 19:04:00+00:00,1.15,484.1,126216
2026-01-25 19:05:00+00:00,1.99,520.0,111536
2026-01-25 19:06:00+00:00,2.23,530.1,110268
2026-01-25 19:07:00+00:00,2.75,542.2,113880
2026-01-25 19:08:00+00:00,2.49,541.5,103748
2026-01-25 19:09:00+00:00,2.41,541.7,96143
2026-01-25 19:10:00+00:00,2.57,545.6,95462
2026-01-25 19:11:00+00:00,2.44,529.3,84405
2026-01-25 19:12:00+00:00,2.42,526.4,86522
2026-01-25 19:13:00+00:00,2.90,574.1,119318
2026-01-25 19:14:00+00:00,2.48,557.4,109645
2026-01-25 19:15:00+00:00,2.11,561.6,124022
2026-01-25 19:18:00+00:00,2.09,518.2,69620
2026-01-25 19:19:00+00:00,2.29,563.1,144363
2026-01-25 19:20:00+00:00,2.19,552.1,116370
2026-01-25 19:21:00+00:00,2.58,553.2,111152
2026-01-25 19:22:00+00:00,2.53,547.6,101259
2026-01-25 19:23:00+00:00,2.59,539.8,92679
2026-01-25 19:24:00+00:00,2.84,541.1,123016
2026-01-25 19:25:00+00:00,2.76,537.7,119607
2026-01-25 19:26:00+00:00,2.53,531.6,96197
2026-01-25 19:27:00+00:00,2.46,529.4,85730
2026-01-25 19:28:00+00:00,2.53,529.0,88118
2026-01-25 19:29:00+00:00,2.63,522.7,119366
2026-01-25 19:30:00+00:00,2.48,503.9,118808
2026-01-25 19:31:00+00:00,2.97,525.2,123200
2026-01-25 19:32:00+00:00,2.71,530.4,126557
2026-01-25 19:33:00+00:00,1.93,509.0,130280
2026-01-25 19:34:00+00:00,1.73,508.0,130440
2026-01-25 19:35:00+00:00,2.31,513.1,120868
2026-01-25 19:36:00+00:00,2.62,513.2,125204
2026-01-25 19:37:00+00:00,2.51,514.0,120101
2026-01-25 19:38:00+00:00,2.22,516.1,116045
2026-01-25 19:39:00+00:00,2.51,520.5,110086
2026-01-25 19:40:00+00:00,2.93,537.1,151748
2026-01-25 19:41:00+00:00,2.78,531.2,149800
2026-01-25 19:42:00+00:00,2.44,515.7,118529
2026-01-25 19:43:00+00:00,1.90,497.9,87343
2026-01-25 19:44:00+00:00,1.28,480.2,55092
2026-01-25 19:45:00+00:00,1.52,496.0,82958
2026-01-25 19:46:00+00:00,1.93,507.6,123432
2026-01-25 19:47:00+00:00,2.18,514.7,149481
2026-01-25 19:48:00+00:00,1.81,506.3,113296
2026-01-25 19:51:00+00:00,1.06,476.3,51273
2026-01-25 19:52:00+00:00,1.73,532.8,158002
2026-01-25 19:53:00+00:00,1.81,537.6,147003
2026-01-25 19:54:00+00:00,1.91,526.3,100909
2026-01-25 19:55:00+00:00,2.13,512.3,85053
2026-01-25 19:56:00+00:00,2.50,545.2,125187
2026-01-25 19:57:00+00:00,2.64,556.2,143809
2026-01-25 19:58:00+00:00,2.87,539.0,158963
2026-01-25 19:59:00+00:00,2.67,511.1,130952
2026-01-25 20:00:00+00:00,2.17,505.9,79357
2026-01-25 20:01:00+00:00,2.65,558.8,140653
2026-01-25 20:02:00+00:00,2.42,544.8,134495
2026-01-25 20:03:00+00:00,2.31,537.8,90580
2026-01-25 20:04:00+00:00,2.72,548.2,142207
2026-01-25 20:05:00+00:00,2.21,548.1,109222
2026-01-25 20:06:00+00:00,2.49,550.7,136500
2026-01-25 20:07:00+00:00,1.70,538.5,85399
2026-01-25 20:08:00+00:00,1.71,520.3,214170
2026-01-25 20:09:00+00:00,1.17,516.9,196443
2026-01-25 20:10:00+00:00,0.99,520.8,181826
2026-01-25 20:11:00+00:00,1.01,521.6,182709
2026-01-25 20:12:00+00:00,0.49,482.3,84044
2026-01-25 20:13:00+00:00,0.60,491.2,104091
2026-01-25 20:14:00+00:00,1.08,517.6,195755
2026-01-25 20:15:00+00:00,1.16,512.9,215220
2026-01-25 20:16:00+00:00,1.14,512.2,214890
2026-01-25 20:17:00+00:00,1.09,509.7,212338
2026-01-25 20:18:00+00:00,1.07,507.6,217200
2026-01-25 20:19:00+00:00,1.26,505.4,209204
2026-01-25 20:20:00+00:00,1.17,506.4,203956
2026-01-25 20:21:00+00:00,1.16,501.4,189339
2026-01-25 20:24:00+00:00,1.74,517.5,230491
2026-01-25 20:25:00+00:00,1.42,502.7,157666
2026-01-25 20:26:00+00:00,1.46,500.3,141754
2026-01-25 20:27:00+00:00,1.32,494.5,122695
2026-01-25 20:28:00+00:00,1.39,497.1,131453
2026-01-25 20:29:00+00:00,1.21,508.0,147664
2026-01-25 20:30:00+00:00,0.95,515.1,167394
2026-01-25 20:31:00+00:00,0.93,518.7,192504
2026-01-25 20:32:00+00:00,0.85,513.8,181922
2026-01-25 20:33:00+00:00,0.84,496.4,132967
2026-01-25 20:34:00+00:00,1.22,494.1,106418
2026-01-25 20:35:00+00:00,0.97,493.3,123845
2026-01-25 20:36:00+00:00,0.98,542.2,289798
2026-01-25 20:37:00+00:00,0.39,520.8,251776
2026-01-25 20:38:00+00:00,0.57,516.8,230646
2026-01-25 20:39:00+00:00,0.75,523.2,178448
2026-01-25 20:40:00+00:00,0.78,514.2,142764
2026-01-25 20:41:00+00:00,0.89,520.4,167000
2026-01-25 20:42:00+00:00,0.87,524.2,160917
2026-01-25 20:43:00+00:00,0.86,526.3,149779
2026-01-25 20:44:00+00:00,0.90,527.0,148839
2026-01-25 20:45:00+00:00,0.94,520.6,154287
2026-01-25 20:46:00+00:00,1.24,513.4,149735
2026-01-25 20:47:00+00:00,1.36,516.1,157077
2026-01-25 20:48:00+00:00,1.05,521.8,186627
2026-01-25 20:49:00+00:00,1.08,519.5,190424
2026-01-25 20:50:00+00:00,0.99,521.2,170881
2026-01-25 20:51:00+00:00,0.99,520.8,156640
2026-01-25 20:52:00+00:00,1.43,507.2,162255
2026-01-25 20:53:00+00:00,1.46,505.3,155750
2026-01-25 20:54:00+00:00,1.70,506.0,150556
2026-01-25 20:55:00+00:00,1.70,506.0,150556
2026-01-25 20:56:00+00:00,1.24,506.3,154305
2026-01-25 20:57:00+00:00,1.28,508.2,153817
2026-01-25 20:58:00+00:00,1.32,507.8,152871
2026-01-25 20:59:00+00:00,1.33,508.4,161928
2026-01-25 21:00:00+00:00,1.23,507.5,172438
2026-01-25 21:01:00+00:00,1.22,508.9,182700
2026-01-25 21:02:00+00:00,1.14,513.3,189200
2026-01-25 21:03:00+00:00,0.99,518.5,192285
2026-01-25 21:04:00+00:00,1.04,517.4,198757
2026-01-25 21:05:00+00:00,1.18,506.5,202148
2026-01-25 21:06:00+00:00,1.42,505.8,192575
2026-01-25 21:07:00+00:00,1.49,510.1,193579
2026-01-25 21:08:00+00:00,0.97,510.5,202383
2026-01-25 21:09:00+00:00,1.25,516.7,206201
2026-01-25 21:10:00+00:00,2.41,511.3,124051
2026-01-25 21:11:00+00:00,2.36,506.2,110528
2026-01-25 21:12:00+00:00,2.47,512.5,119042
2026-01-25 21:13:00+00:00,2.19,513.2,113763
2026-01-25 21:14:00+00:00,2.34,513.3,121547
2026-01-25 21:15:00+00:00,2.12,509.9,114644
2026-01-25 21:16:00+00:00,2.16,503.9,109553
2026-01-25 21:17:00+00:00,2.21,504.7,116862
2026-01-25 21:18:00+00:00,2.26,506.1,117516
2026-01-25 21:19:00+00:00,2.29,505.3,111013
2026-01-25 21:20:00+00:00,2.12,505.6,111921
2026-01-25 21:21:00+00:00,1.90,506.0,116144
2026-01-25 21:22:00+00:00,1.63,511.3,120250
2026-01-25 21:23:00+00:00,1.98,506.5,113333
2026-01-25 21:24:00+00:00,1.44,513.1,133541
2026-01-25 21:25:00+00:00,2.11,511.5,118127
2026-01-25 21:26:00+00:00,1.88,513.5,119589
2026-01-25 21:27:00+00:00,1.84,502.8,125593
2026-01-25 21:28:00+00:00,1.84,502.1,126022
2026-01-25 21:29:00+00:00,1.49,504.2,124403
2026-01-25 21:30:00+00:00,1.76,506.3,121432
2026-01-25 21:31:00+00:00,1.89,507.9,121750
2026-01-25 21:32:00+00:00,2.02,509.1,121352
2026-01-25 21:33:00+00:00,1.94,508.1,120300
2026-01-25 21:34:00+00:00,1.93,505.7,119027
2026-01-25 21:35:00+00:00,2.04,505.4,119230
2026-01-25 21:36:00+00:00,2.01,506.9,119194
2026-01-25 21:37:00+00:00,2.07,506.2,115825
2026-01-25 21:38:00+00:00,2.03,505.4,117033
2026-01-25 21:39:00+00:00,2.09,505.0,115501
2026-01-25 21:40:00+00:00,1.94,501.8,125136
2026-01-25 21:41:00+00:00,1.92,514.2,130090
2026-01-25 21:42:00+00:00,1.63,504.6,131679
2026-01-25 21:43:00+00:00,1.90,505.5,137805
2026-01-25 21:44:00+00:00,2.12,525.5,122181
2026-01-25 21:45:00+00:00,2.08,516.5,123991
2026-01-25 21:46:00+00:00,1.96,523.1,144174
2026-01-25 21:47:00+00:00,1.99,525.9,153843
2026-01-25 21:48:00+00:00,2.04,523.5,144694
2026-01-25 21:49:00+00:00,2.14,524.5,136749
2026-01-25 21:50:00+00:00,2.13,524.5,134356
2026-01-25 21:51:00+00:00,2.01,519.8,139386
2026-01-25 21:52:00+00:00,1.76,511.2,166042
2026-01-25 21:53:00+00:00,1.29,503.1,211378
2026-01-25 21:54:00+00:00,1.19,508.6,235386
2026-01-25 21:55:00+00:00,1.08,509.2,197841
2026-01-25 21:56:00+00:00,1.15,505.7,222700
2026-01-25 21:57:00+00:00,1.01,510.5,217934
2026-01-25 21:58:00+00:00,1.26,511.7,219886
2026-01-25 22:00:00+00:00,1.12,514.4,232023
2026-01-25 22:01:00+00:00,1.12,514.4,232023
2026-01-25 22:02:00+00:00,1.47,503.1,159986
2026-01-25 22:03:00+00:00,1.31,504.2,174729
2026-01-25 22:04:00+00:00,1.20,504.1,192251
2026-01-25 22:05:00+00:00,1.25,509.6,182180
2026-01-25 22:06:00+00:00,1.13,514.1,185822
2026-01-25 22:07:00+00:00,1.09,523.2,221599
2026-01-25 22:08:00+00:00,1.39,542.1,221976
2026-01-25 22:09:00+00:00,1.65,552.6,164640
2026-01-25 22:10:00+00:00,2.02,559.4,124536
2026-01-25 22:11:00+00:00,1.99,556.6,117408
2026-01-25 22:12:00+00:00,1.84,553.7,128925
2026-01-25 22:13:00+00:00,1.83,556.6,117889
2026-01-25 22:14:00+00:00,1.82,556.3,113016
2026-01-25 22:15:00+00:00,1.81,557.2,116785
2026-01-25 22:16:00+00:00,1.83,559.0,107957
2026-01-25 22:17:00+00:00,1.77,557.0,108750
2026-01-25 22:18:00+00:00,1.75,557.0,110848
2026-01-25 22:19:00+00:00,1.66,557.9,113325
2026-01-25 22:20:00+00:00,1.58,556.9,116500
2026-01-25 22:21:00+00:00,1.71,557.3,118763
2026-01-25 22:22:00+00:00,1.89,565.8,133543
2026-01-25 22:23:00+00:00,1.87,566.2,131079
2026-01-25 22:24:00+00:00,1.72,554.2,104515
2026-01-25 22:25:00+00:00,1.66,553.5,110571
2026-01-25 22:26:00+00:00,1.71,558.6,128429
2026-01-25 22:27:00+00:00,1.77,579.8,157217
2026-01-25 22:28:00+00:00,1.75,560.3,127861
2026-01-25 22:29:00+00:00,1.72,546.8,124705
2026-01-25 22:30:00+00:00,1.60,523.6,101838
2026-01-25 22:31:00+00:00,1.76,562.4,132649
2026-01-25 22:32:00+00:00,1.62,572.4,134473
2026-01-25 22:33:00+00:00,1.88,553.6,131492
2026-01-25 22:34:00+00:00,1.95,548.6,130761
2026-01-25 22:35:00+00:00,1.90,557.2,130591
2026-01-25 22:36:00+00:00,1.80,542.4,109268
2026-01-25 22:37:00+00:00,1.45,523.8,111498
2026-01-25 22:38:00+00:00,1.57,520.2,159875
2026-01-25 22:39:00+00:00,1.96,521.2,170750
2026-01-25 22:40:00+00:00,1.90,515.2,126379
2026-01-25 22:41:00+00:00,1.90,515.0,118194
2026-01-25 22:42:00+00:00,1.87,518.1,112136
2026-01-25 22:43:00+00:00,2.03,518.6,127699
2026-01-25 22:44:00+00:00,2.00,517.9,145461
2026-01-25 22:45:00+00:00,1.87,514.3,117191
2026-01-25 22:46:00+00:00,1.60,517.6,136298
2026-01-25 22:47:00+00:00,1.81,519.6,112397
2026-01-25 22:48:00+00:00,1.35,508.2,148305
2026-01-25 22:49:00+00:00,2.20,525.3,164592
2026-01-25 22:50:00+00:00,1.82,514.1,142707
2026-01-25 22:51:00+00:00,1.74,510.2,119357
2026-01-25 22:52:00+00:00,1.46,516.4,114853
2026-01-25 22:53:00+00:00,1.51,514.3,121549
2026-01-25 22:54:00+00:00,1.68,506.0,128280
2026-01-25 22:55:00+00:00,1.66,500.9,130381
2026-01-25 22:56:00+00:00,1.72,498.8,129016
2026-01-25 22:57:00+00:00,1.71,499.3,129839
2026-01-25 22:58:00+00:00,1.90,504.3,127644
2026-01-25 22:59:00+00:00,1.93,511.1,105426
2026-01-25 23:00:00+00:00,1.87,503.6,124541
2026-01-25 23:01:00+00:00,0.59,498.9,177934
2026-01-25 23:02:00+00:00,0.36,481.8,55191
2026-01-25 23:03:00+00:00,1.59,512.0,102161
2026-01-25 23:04:00+00:00,1.09,505.2,140954
2026-01-25 23:05:00+00:00,0.86,498.9,134279
2026-01-25 23:06:00+00:00,0.87,498.2,131251
2026-01-25 23:07:00+00:00,0.88,498.4,131252
2026-01-25 23:08:00+00:00,0.86,498.6,137286
2026-01-25 23:09:00+00:00,0.96,497.8,132823
2026-01-25 23:10:00+00:00,0.90,498.2,153359
2026-01-25 23:11:00+00:00,0.75,497.3,174952
2026-01-25 23:12:00+00:00,0.83,494.6,163851
2026-01-25 23:13:00+00:00,0.86,496.9,164142
2026-01-25 23:14:00+00:00,0.69,498.2,176669
2026-01-25 23:15:00+00:00,0.66,494.9,189152
2026-01-25 23:16:00+00:00,0.54,501.9,193989
2026-01-25 23:17:00+00:00,0.59,499.9,209606
2026-01-25 23:18:00+00:00,0.65,495.5,162907
2026-01-25 23:19:00+00:00,1.04,494.8,136658
2026-01-25 23:20:00+00:00,0.68,495.2,177474
2026-01-25 23:21:00+00:00,0.66,496.9,182016
2026-01-25 23:22:00+00:00,0.66,496.6,171267
2026-01-25 23:23:00+00:00,0.71,495.9,175831
2026-01-25 23:24:00+00:00,0.62,498.4,198671
2026-01-25 23:25:00+00:00,0.36,487.7,140966
2026-01-25 23:26:00+00:00,0.37,485.7,132848
2026-01-25 23:27:00+00:00,0.56,496.0,195225
2026-01-25 23:28:00+00:00,0.62,496.0,189281
2026-01-25 23:29:00+00:00,0.73,490.9,156300
2026-01-25 23:30:00+00:00,0.81,480.4,130781
2026-01-25 23:31:00+00:00,0.71,489.9,208875
2026-01-25 23:32:00+00:00,0.77,494.3,193244
2026-01-25 23:33:00+00:00,0.66,487.4,229784
2026-01-25 23:34:00+00:00,0.62,492.1,269296
2026-01-25 23:35:00+00:00,0.54,475.3,110158
2026-01-25 23:36:00+00:00,0.62,487.2,248417
2026-01-25 23:37:00+00:00,0.40,503.7,374726
2026-01-25 23:38:00+00:00,0.83,494.1,193303
2026-01-25 23:39:00+00:00,1.03,490.1,136979
2026-01-25 23:40:00+00:00,1.04,490.5,146497
2026-01-25 23:41:00+00:00,1.05,493.5,169470
2026-01-25 23:42:00+00:00,0.95,491.4,189540
2026-01-25 23:43:00+00:00,0.78,491.9,216082
2026-01-25 23:44:00+00:00,0.71,497.0,219797
2026-01-25 23:45:00+00:00,0.69,500.2,213010
2026-01-25 23:46:00+00:00,0.60,504.8,214177
2026-01-25 23:47:00+00:00,0.59,495.7,237651
2026-01-25 23:48:00+00:00,0.27,469.5,125201
2026-01-25 23:49:00+00:00,0.54,495.4,248996
2026-01-25 23:50:00+00:00,0.63,499.4,265834
2026-01-25 23:51:00+00:00,0.20,471.5,85138
2026-01-25 23:52:00+00:00,0.16,467.8,103611
2026-01-25 23:53:00+00:00,0.13,458.7,85165
2026-01-25 23:54:00+00:00,0.12,466.9,89182
2026-01-25 23:55:00+00:00,0.21,458.6,84857
2026-01-25 23:56:00+00:00,0.22,466.5,83516
2026-01-25 23:57:00+00:00,0.21,467.6,94563
2026-01-25 23:58:00+00:00,0.41,476.9,184369
2026-01-25 23:59:00+00:00,0.64,498.5,251605
2026-01-26 00:00:00+00:00,0.64,502.7,212468
2026-01-26 00:01:00+00:00,0.66,510.6,239646
2026-01-26 00:02:00+00:00,0.67,509.6,238095
2026-01-26 00:03:00+00:00,0.70,505.6,229649
2026-01-26 00:04:00+00:00,0.64,504.5,214927
2026-01-26 00:05:00+00:00,0.67,502.1,213076
2026-01-26 00:06:00+00:00,0.72,512.4,257528
2026-01-26 00:07:00+00:00,0.78,509.5,254091
2026-01-26 00:08:00+00:00,0.32,464.5,58176
2026-01-26 00:09:00+00:00,0.71,496.7,205495
2026-01-26 00:10:00+00:00,0.38,472.7,99546
2026-01-26 00:11:00+00:00,0.22,460.2,37538
2026-01-26 00:12:00+00:00,0.33,496.6,209305
2026-01-26 00:13:00+00:00,0.40,521.0,326267
2026-01-26 00:14:00+00:00,0.35,460.4,62693
2026-01-26 00:15:00+00:00,0.30,460.7,76102
2026-01-26 00:16:00+00:00,0.24,482.4,181685
2026-01-26 00:17:00+00:00,0.26,508.5,285110
2026-01-26 00:18:00+00:00,0.32,469.7,121348
2026-01-26 00:19:00+00:00,0.75,492.4,209352
2026-01-26 00:20:00+00:00,0.64,494.5,212457
2026-01-26 00:21:00+00:00,0.63,493.6,218502
2026-01-26 00:22:00+00:00,0.60,497.3,195132
2026-01-26 00:23:00+00:00,0.57,495.1,172525
2026-01-26 00:24:00+00:00,0.56,494.9,170910
2026-01-26 00:25:00+00:00,0.81,473.7,80510
2026-01-26 00:26:00+00:00,0.86,487.9,161995
2026-01-26 00:27:00+00:00,0.86,495.2,221584
2026-01-26 00:28:00+00:00,0.84,498.3,205013
2026-01-26 00:29:00+00:00,0.82,498.8,184612
2026-01-26 00:30:00+00:00,0.80,498.6,189842
2026-01-26 00:31:00+00:00,0.80,499.7,196183
2026-01-26 00:32:00+00:00,0.81,501.6,207361
2026-01-26 00:33:00+00:00,0.81,503.2,222036
2026-01-26 00:34:00+00:00,0.90,501.4,209129
2026-01-26 00:35:00+00:00,0.87,501.4,208653
2026-01-26 00:36:00+00:00,0.88,502.9,205084
2026-01-26 00:37:00+00:00,0.90,498.6,195399
2026-01-26 00:38:00+00:00,0.90,499.5,183279
2026-01-26 00:39:00+00:00,0.84,499.1,187793
2026-01-26 00:40:00+00:00,0.75,503.8,232339
2026-01-26 00:41:00+00:00,0.60,509.3,248686
2026-01-26 00:42:00+00:00,0.80,502.2,207396
2026-01-26 00:43:00+00:00,0.66,507.9,245326
2026-01-26 00:44:00+00:00,0.35,493.9,153227
2026-01-26 00:49:00+00:00,0.74,509.7,272987
2026-01-26 00:50:00+00:00,0.75,508.1,264595
2026-01-26 00:51:00+00:00,0.83,501.4,227357
2026-01-26 00:52:00+00:00,0.90,501.0,206075
2026-01-26 00:53:00+00:00,0.84,504.8,242062
2026-01-26 00:54:00+00:00,0.84,505.1,248463
2026-01-26 00:55:00+00:00,0.83,505.9,241234
2026-01-26 00:56:00+00:00,0.94,505.4,235621
2026-01-26 00:57:00+00:00,0.97,505.0,227903
2026-01-26 00:58:00+00:00,0.94,506.3,234681
2026-01-26 00:59:00+00:00,0.87,506.7,240601
2026-01-26 01:00:00+00:00,0.94,505.4,232186
2026-01-26 01:01:00+00:00,1.10,501.9,206693
2026-01-26 01:02:00+00:00,1.15,499.6,189740
2026-01-26 01:03:00+00:00,1.23,499.7,179073
2026-01-26 01:04:00+00:00,1.47,499.4,159182
2026-01-26 01:05:00+00:00,1.55,498.5,151969
2026-01-26 01:06:00+00:00,1.41,497.8,151372
2026-01-26 01:07:00+00:00,1.42,497.1,132928
2026-01-26 01:08:00+00:00,1.14,498.3,166405
2026-01-26 01:09:00+00:00,0.73,504.0,224027
2026-01-26 01:10:00+00:00,0.67,504.2,259280
2026-01-26 01:11:00+00:00,0.68,503.8,249905
2026-01-26 01:12:00+00:00,0.73,503.5,254212
2026-01-26 01:13:00+00:00,0.91,500.7,225407
2026-01-26 01:14:00+00:00,1.17,498.3,162954
2026-01-26 01:15:00+00:00,1.22,498.5,171630
2026-01-26 01:16:00+00:00,1.05,498.7,197764
2026-01-26 01:17:00+00:00,0.88,500.0,233663
2026-01-26 01:18:00+00:00,0.87,500.7,238213
2026-01-26 01:19:00+00:00,0.96,500.8,209373
2026-01-26 01:20:00+00:00,0.99,501.4,208662
2026-01-26 01:21:00+00:00,0.94,500.9,225231
2026-01-26 01:22:00+00:00,1.06,499.8,183774
2026-01-26 01:23:00+00:00,0.94,495.9,169678
2026-01-26 01:24:00+00:00,0.20,474.0,85106
2026-01-26 01:25:00+00:00,0.86,518.9,183864
2026-01-26 01:26:00+00:00,0.42,514.4,239623
2026-01-26 01:27:00+00:00,0.11,471.6,39094
2026-01-26 01:28:00+00:00,0.21,523.0,117713
2026-01-26 01:29:00+00:00,0.26,539.1,164782
2026-01-26 01:30:00+00:00,0.31,539.2,232802
2026-01-26 01:31:00+00:00,0.25,542.4,344739
2026-01-26 01:32:00+00:00,0.12,488.4,169364
2026-01-26 01:33:00+00:00,0.12,456.5,26480
2026-01-26 01:34:00+00:00,0.40,496.2,87615
2026-01-26 01:35:00+00:00,0.69,529.3,203837
2026-01-26 01:36:00+00:00,0.77,516.5,270826
2026-01-26 01:37:00+00:00,0.69,495.1,189755
2026-01-26 01:38:00+00:00,0.50,462.9,44368
2026-01-26 01:39:00+00:00,1.83,513.2,159739
2026-01-26 01:40:00+00:00,1.99,531.2,134935
2026-01-26 01:41:00+00:00,1.92,518.1,139980
2026-01-26 01:42:00+00:00,1.88,513.2,150995
2026-01-26 01:43:00+00:00,1.66,538.8,121865
2026-01-26 01:44:00+00:00,2.05,509.3,127056
2026-01-26 01:45:00+00:00,1.70,504.3,160328
2026-01-26 01:46:00+00:00,1.67,502.2,144013
2026-01-26 01:47:00+00:00,1.55,501.5,156375
2026-01-26 01:48:00+00:00,1.60,499.8,146537
2026-01-26 01:49:00+00:00,1.60,498.5,132535
2026-01-26 01:50:00+00:00,1.51,497.5,136398
2026-01-26 01:51:00+00:00,1.44,497.3,142221
2026-01-26 01:52:00+00:00,1.38,497.1,141307
2026-01-26 01:53:00+00:00,1.48,497.1,139213
2026-01-26 01:54:00+00:00,1.60,503.2,147055
2026-01-26 01:55:00+00:00,1.21,498.5,188332
2026-01-26 01:56:00+00:00,1.21,498.0,193200
2026-01-26 01:57:00+00:00,1.19,491.0,261340
2026-01-26 01:58:00+00:00,1.13,497.1,228055
2026-01-26 01:59:00+00:00,1.22,496.3,178037
2026-01-26 02:00:00+00:00,1.27,494.7,129852
2026-01-26 02:01:00+00:00,1.12,492.1,118871
2026-01-26 02:02:00+00:00,1.16,491.9,113280
2026-01-26 02:03:00+00:00,1.09,492.3,128531
2026-01-26 02:04:00+00:00,1.09,491.8,133918
2026-01-26 02:05:00+00:00,1.10,490.1,131869
2026-01-26 02:06:00+00:00,1.08,489.7,132634
2026-01-26 02:07:00+00:00,1.22,490.5,126827
2026-01-26 02:08:00+00:00,1.45,491.4,119713
2026-01-26 02:09:00+00:00,1.46,492.4,126108
2026-01-26 02:10:00+00:00,1.36,491.3,128075
2026-01-26 02:11:00+00:00,1.25,492.7,129666
2026-01-26 02:12:00+00:00,1.23,492.5,130975
2026-01-26 02:13:00+00:00,1.36,491.5,142933
2026-01-26 02:14:00+00:00,0.69,488.8,195737
2026-01-26 02:15:00+00:00,1.26,487.3,123499
2026-01-26 02:16:00+00:00,1.33,487.5,110258
2026-01-26 02:17:00+00:00,1.29,486.6,109810
2026-01-26 02:18:00+00:00,1.11,485.8,115609
2026-01-26 02:19:00+00:00,1.21,486.1,117686
2026-01-26 02:20:00+00:00,1.24,486.2,116654
2026-01-26 02:21:00+00:00,1.25,485.4,115284
2026-01-26 02:22:00+00:00,1.21,485.5,120530
2026-01-26 02:23:00+00:00,1.11,486.5,128399
2026-01-26 02:24:00+00:00,1.11,486.8,124711
2026-01-26 02:25:00+00:00,1.18,487.3,114168
2026-01-26 02:26:00+00:00,1.14,487.7,116560
2026-01-26 02:27:00+00:00,1.05,488.0,121155
2026-01-26 02:28:00+00:00,1.13,488.8,125772
2026-01-26 02:29:00+00:00,1.13,488.8,125772
2026-01-26 02:30:00+00:00,0.78,488.3,140504
2026-01-26 02:31:00+00:00,0.90,490.1,151202
2026-01-26 02:32:00+00:00,0.87,489.7,148311
2026-01-26 02:33:00+00:00,0.83,488.1,154812
2026-01-26 02:34:00+00:00,0.82,489.2,151755
2026-01-26 02:35:00+00:00,0.40,472.9,115355
2026-01-26 02:36:00+00:00,0.27,508.8,120692
2026-01-26 02:37:00+00:00,0.34,540.2,148481
2026-01-26 02:38:00+00:00,0.58,520.2,176699
2026-01-26 02:39:00+00:00,0.84,492.7,209897
2026-01-26 02:40:00+00:00,0.82,489.9,229999
2026-01-26 02:41:00+00:00,0.76,491.1,225079
2026-01-26 02:42:00+00:00,0.83,487.3,202387
2026-01-26 02:43:00+00:00,1.03,486.1,160389
2026-01-26 02:44:00+00:00,1.00,485.6,172993
2026-01-26 02:45:00+00:00,1.20,484.5,150119
2026-01-26 02:46:00+00:00,0.94,486.4,208051
2026-01-26 02:47:00+00:00,1.06,484.0,148925
2026-01-26 02:48:00+00:00,1.23,482.3,156294
2026-01-26 02:49:00+00:00,1.15,483.9,144305
2026-01-26 02:50:00+00:00,1.01,481.0,155493
2026-01-26 02:51:00+00:00,0.97,480.2,161661
2026-01-26 02:52:00+00:00,0.95,480.0,166280
2026-01-26 02:53:00+00:00,1.03,480.0,163789
2026-01-26 02:54:00+00:00,1.11,481.6,162826
2026-01-26 02:55:00+00:00,1.10,479.3,145259
2026-01-26 02:56:00+00:00,1.05,478.0,154175
2026-01-26 02:57:00+00:00,1.01,484.5,228332
2026-01-26 02:58:00+00:00,1.13,478.3,206458
2026-01-26 02:59:00+00:00,1.15,484.0,210484
2026-01-26 03:00:00+00:00,1.04,482.3,166160
2026-01-26 03:02:00+00:00,1.23,476.4,147553
2026-01-26 03:03:00+00:00,1.29,474.1,136847
2026-01-26 03:04:00+00:00,1.20,475.6,125120
2026-01-26 03:05:00+00:00,1.25,478.0,143854
2026-01-26 03:06:00+00:00,1.25,477.6,146696
2026-01-26 03:07:00+00:00,1.25,477.1,148267
2026-01-26 03:08:00+00:00,1.30,481.3,173387
2026-01-26 03:09:00+00:00,1.22,483.6,186741
2026-01-26 03:10:00+00:00,1.27,481.4,177001
2026-01-26 03:11:00+00:00,1.48,480.0,165807
2026-01-26 03:12:00+00:00,1.43,479.7,155726
2026-01-26 03:13:00+00:00,1.21,478.1,153201
2026-01-26 03:14:00+00:00,1.11,480.9,169976
2026-01-26 03:15:00+00:00,1.21,481.6,131652
2026-01-26 03:16:00+00:00,1.26,478.7,137331
2026-01-26 03:17:00+00:00,1.29,478.6,141825
2026-01-26 03:18:00+00:00,1.15,479.2,165831
2026-01-26 03:19:00+00:00,1.29,481.2,170316
2026-01-26 03:20:00+00:00,1.29,483.6,165809
2026-01-26 03:21:00+00:00,1.04,488.2,183311
2026-01-26 03:22:00+00:00,0.72,499.2,324879
2026-01-26 03:23:00+00:00,0.86,494.3,224955
2026-01-26 03:24:00+00:00,0.83,491.6,135101
2026-01-26 03:25:00+00:00,0.86,488.1,110221
2026-01-26 03:26:00+00:00,0.90,489.0,130416
2026-01-26 03:27:00+00:00,0.68,501.5,280142
2026-01-26 03:28:00+00:00,0.70,503.1,334941
2026-01-26 03:29:00+00:00,1.10,485.4,106113
2026-01-26 03:30:00+00:00,1.05,485.3,99404
2026-01-26 03:31:00+00:00,1.05,484.5,113179
2026-01-26 03:32:00+00:00,1.00,486.6,151235
2026-01-26 03:33:00+00:00,1.11,487.8,156872
2026-01-26 03:35:00+00:00,1.07,487.7,149555
2026-01-26 03:36:00+00:00,1.03,487.3,143920
2026-01-26 03:37:00+00:00,1.07,486.3,152179
2026-01-26 03:38:00+00:00,1.07,485.1,134243
2026-01-26 03:39:00+00:00,1.16,484.3,128959
2026-01-26 03:40:00+00:00,1.24,484.5,127694
2026-01-26 03:41:00+00:00,1.23,485.8,140500
2026-01-26 03:42:00+00:00,1.24,485.8,152912
2026-01-26 03:43:00+00:00,1.30,484.1,152288
2026-01-26 03:44:00+00:00,1.31,482.6,152981
2026-01-26 03:45:00+00:00,1.26,481.7,153010
2026-01-26 03:46:00+00:00,1.23,481.9,145898
2026-01-26 03:47:00+00:00,1.18,482.6,147997
2026-01-26 03:48:00+00:00,1.16,480.5,149453
2026-01-26 03:49:00+00:00,1.13,479.1,156043
2026-01-26 03:50:00+00:00,1.20,479.6,131767
2026-01-26 03:51:00+00:00,1.06,480.6,176020
2026-01-26 03:52:00+00:00,0.98,487.0,167164
2026-01-26 03:53:00+00:00,0.86,489.6,175311
2026-01-26 03:54:00+00:00,0.87,488.0,143865
2026-01-26 03:55:00+00:00,0.94,489.9,164367
2026-01-26 03:56:00+00:00,1.01,489.0,160152
2026-01-26 03:57:00+00:00,1.07,485.3,143102
2026-01-26 03:58:00+00:00,1.15,481.8,125414
2026-01-26 04:00:00+00:00,1.28,483.6,153520
2026-01-26 04:01:00+00:00,1.28,483.1,148711
2026-01-26 04:02:00+00:00,1.30,480.9,133722
2026-01-26 04:03:00+00:00,1.32,477.7,126668
2026-01-26 04:04:00+00:00,1.41,477.7,126584
2026-01-26 04:05:00+00:00,1.39,479.3,124144
2026-01-26 04:06:00+00:00,1.39,482.6,128188
2026-01-26 04:07:00+00:00,1.39,482.6,128188
2026-01-26 04:08:00+00:00,1.47,484.9,116400
2026-01-26 04:09:00+00:00,1.23,481.3,114662
2026-01-26 04:10:00+00:00,1.34,483.0,111131
2026-01-26 04:11:00+00:00,1.44,481.5,106588
2026-01-26 04:12:00+00:00,1.41,481.5,110563
2026-01-26 04:13:00+00:00,1.41,481.4,117432
2026-01-26 04:14:00+00:00,1.54,479.6,123857
2026-01-26 04:15:00+00:00,1.51,482.5,132200
2026-01-26 04:16:00+00:00,1.28,489.0,133951
2026-01-26 04:17:00+00:00,1.19,489.0,126717
2026-01-26 04:18:00+00:00,1.15,489.2,129023
2026-01-26 04:19:00+00:00,1.21,496.7,135879
2026-01-26 04:20:00+00:00,0.99,497.0,228351
2026-01-26 04:21:00+00:00,1.38,493.8,229754
2026-01-26 04:22:00+00:00,1.59,508.9,135295
2026-01-26 04:23:00+00:00,1.46,513.0,117593
2026-01-26 04:24:00+00:00,1.51,511.1,97724
2026-01-26 04:25:00+00:00,1.53,502.8,93860
2026-01-26 04:26:00+00:00,1.48,492.7,98480
2026-01-26 04:27:00+00:00,1.56,487.5,97707
2026-01-26 04:28:00+00:00,1.34,491.9,117646
2026-01-26 04:29:00+00:00,1.29,497.6,124463
2026-01-26 04:30:00+00:00,1.39,501.0,105919
2026-01-26 04:31:00+00:00,1.33,498.9,95675
2026-01-26 04:32:00+00:00,1.28,491.7,98480
2026-01-26 04:33:00+00:00,1.41,488.6,90170
2026-01-26 04:34:00+00:00,1.58,486.2,84176
2026-01-26 04:35:00+00:00,1.49,489.2,94227
2026-01-26 04:36:00+00:00,1.50,490.9,96863
2026-01-26 04:37:00+00:00,1.42,489.0,83011
2026-01-26 04:38:00+00:00,1.13,508.3,67098
2026-01-26 04:39:00+00:00,1.60,493.7,84524
2026-01-26 04:40:00+00:00,1.64,492.6,85768
2026-01-26 04:41:00+00:00,1.46,492.3,80745
2026-01-26 04:42:00+00:00,1.58,491.5,92575
2026-01-26 04:43:00+00:00,1.69,496.6,95447
2026-01-26 04:44:00+00:00,1.63,502.9,89002
2026-01-26 04:45:00+00:00,1.69,491.0,93062
2026-01-26 04:46:00+00:00,1.75,478.8,97495
2026-01-26 04:47:00+00:00,1.65,482.6,93070
2026-01-26 04:48:00+00:00,1.52,486.2,87273
2026-01-26 04:49:00+00:00,1.45,484.4,87141
2026-01-26 04:50:00+00:00,1.70,491.4,101123
2026-01-26 04:51:00+00:00,1.61,503.7,85232
2026-01-26 04:52:00+00:00,1.68,497.0,92384
2026-01-26 04:53:00+00:00,1.72,495.1,95866
2026-01-26 04:54:00+00:00,1.55,494.6,119830
2026-01-26 04:55:00+00:00,1.57,508.4,97637
2026-01-26 04:56:00+00:00,1.41,495.4,105415
2026-01-26 04:57:00+00:00,1.61,498.2,91243
2026-01-26 04:58:00+00:00,1.53,502.3,88320
2026-01-26 04:59:00+00:00,1.58,498.8,89533
2026-01-26 05:00:00+00:00,1.43,494.7,94919
2026-01-26 05:01:00+00:00,1.34,502.0,101872
2026-01-26 05:02:00+00:00,1.44,500.7,105902
2026-01-26 05:03:00+00:00,1.52,500.0,92698
2026-01-26 05:04:00+00:00,1.53,504.1,76411
2026-01-26 05:05:00+00:00,1.50,483.2,91308
2026-01-26 05:06:00+00:00,1.48,480.5,103397
2026-01-26 05:07:00+00:00,1.57,485.2,96524
2026-01-26 05:08:00+00:00,1.59,479.7,93945
2026-01-26 05:09:00+00:00,1.63,487.8,95789
2026-01-26 05:10:00+00:00,1.64,483.7,112914
2026-01-26 05:11:00+00:00,1.50,484.9,104720
2026-01-26 05:12:00+00:00,1.20,479.2,126121
2026-01-26 05:13:00+00:00,1.15,478.3,129503
2026-01-26 05:14:00+00:00,1.36,481.9,104032
2026-01-26 05:15:00+00:00,1.22,480.8,87011
2026-01-26 05:16:00+00:00,1.31,483.5,94855
2026-01-26 05:17:00+00:00,1.39,485.9,117283
2026-01-26 05:18:00+00:00,1.44,488.4,127072
2026-01-26 05:19:00+00:00,1.56,491.0,115905
2026-01-26 05:20:00+00:00,1.57,489.5,106433
2026-01-26 05:21:00+00:00,1.43,487.9,117434
2026-01-26 05:22:00+00:00,1.52,491.7,105559
2026-01-26 05:23:00+00:00,1.54,493.9,89279
2026-01-26 05:24:00+00:00,1.49,495.0,110171
2026-01-26 05:25:00+00:00,1.62,489.0,106881
2026-01-26 05:26:00+00:00,1.45,480.4,135598
2026-01-26 05:27:00+00:00,1.77,500.1,96407
2026-01-26 05:28:00+00:00,1.44,502.4,94137
2026-01-26 05:29:00+00:00,1.53,499.4,82052
2026-01-26 05:30:00+00:00,1.21,485.7,94445
2026-01-26 05:31:00+00:00,1.20,480.2,114014
2026-01-26 05:32:00+00:00,1.17,484.4,131220
2026-01-26 05:33:00+00:00,1.12,488.8,160719
2026-01-26 05:34:00+00:00,1.08,488.1,168399
2026-01-26 05:35:00+00:00,1.09,485.8,149413
2026-01-26 05:36:00+00:00,1.26,484.9,134742
2026-01-26 05:37:00+00:00,1.34,484.7,124074
2026-01-26 05:38:00+00:00,1.31,485.8,125509
2026-01-26 05:39:00+00:00,1.47,484.4,94536
2026-01-26 05:40:00+00:00,1.44,483.7,99201
2026-01-26 05:41:00+00:00,1.40,482.6,80320
2026-01-26 05:42:00+00:00,1.40,482.3,107484
2026-01-26 05:43:00+00:00,1.43,482.6,92204
2026-01-26 05:44:00+00:00,1.63,483.0,92339
2026-01-26 05:45:00+00:00,1.51,480.8,79800
2026-01-26 05:46:00+00:00,1.47,480.2,76618
2026-01-26 05:47:00+00:00,1.42,483.5,74167
2026-01-26 05:48:00+00:00,1.45,480.9,74116
2026-01-26 05:49:00+00:00,1.51,480.7,83006
2026-01-26 05:50:00+00:00,1.60,484.3,90780
2026-01-26 05:51:00+00:00,1.63,487.4,86092
2026-01-26 05:52:00+00:00,1.61,485.8,82008
2026-01-26 05:53:00+00:00,1.62,479.8,88094
2026-01-26 05:54:00+00:00,1.56,477.7,89297
2026-01-26 05:55:00+00:00,1.59,479.3,94946
2026-01-26 05:56:00+00:00,1.12,477.3,120971
2026-01-26 05:57:00+00:00,1.72,485.0,96458
2026-01-26 05:58:00+00:00,1.59,472.5,68432
2026-01-26 05:59:00+00:00,1.70,470.8,74914
2026-01-26 06:00:00+00:00,1.50,474.5,67759
2026-01-26 06:01:00+00:00,1.54,470.5,69359
2026-01-26 06:02:00+00:00,1.58,471.3,72950
2026-01-26 06:03:00+00:00,1.77,472.9,78819
2026-01-26 06:04:00+00:00,1.63,475.1,74147
2026-01-26 06:05:00+00:00,1.78,483.0,82984
2026-01-26 06:06:00+00:00,1.88,485.6,86258
2026-01-26 06:07:00+00:00,1.70,482.1,76708
2026-01-26 06:08:00+00:00,1.76,483.9,77911
2026-01-26 06:09:00+00:00,1.84,486.4,80041
2026-01-26 06:10:00+00:00,1.80,485.2,80799
2026-01-26 06:11:00+00:00,1.74,482.2,77988
2026-01-26 06:12:00+00:00,1.67,482.7,77921
2026-01-26 06:13:00+00:00,1.87,491.5,89210
2026-01-26 06:14:00+00:00,1.96,492.9,84911
2026-01-26 06:15:00+00:00,1.61,484.4,87767
2026-01-26 06:16:00+00:00,1.85,488.1,101105
2026-01-26 06:17:00+00:00,1.58,484.8,94866
2026-01-26 06:18:00+00:00,1.71,488.3,85729
2026-01-26 06:19:00+00:00,1.78,490.0,83158
2026-01-26 06:20:00+00:00,1.73,488.3,81538
2026-01-26 06:21:00+00:00,1.64,488.6,85443
2026-01-26 06:22:00+00:00,1.69,491.0,86312
2026-01-26 06:23:00+00:00,1.62,492.6,83515
2026-01-26 06:24:00+00:00,1.44,491.3,84258
2026-01-26 06:25:00+00:00,1.65,490.9,88698
2026-01-26 06:27:00+00:00,1.56,490.5,100598
2026-01-26 06:28:00+00:00,1.16,492.6,168149
2026-01-26 06:29:00+00:00,1.28,494.0,202287
2026-01-26 06:30:00+00:00,1.32,488.0,126538
2026-01-26 06:31:00+00:00,1.46,487.9,127942
2026-01-26 06:32:00+00:00,1.57,490.1,125305
2026-01-26 06:33:00+00:00,1.69,491.4,113011
2026-01-26 06:34:00+00:00,2.07,496.6,115360
2026-01-26 06:35:00+00:00,1.78,541.9,121893
2026-01-26 06:36:00+00:00,1.70,560.2,120562
2026-01-26 06:37:00+00:00,1.88,539.6,127711
2026-01-26 06:38:00+00:00,1.73,523.5,135705
2026-01-26 06:39:00+00:00,1.50,514.9,120449
2026-01-26 06:40:00+00:00,1.37,503.9,149471
2026-01-26 06:41:00+00:00,0.99,507.2,246093
2026-01-26 06:42:00+00:00,1.02,515.2,231644
2026-01-26 06:43:00+00:00,1.20,546.0,243160
2026-01-26 06:44:00+00:00,1.01,550.3,273112
2026-01-26 06:45:00+00:00,0.65,547.8,281165
2026-01-26 06:46:00+00:00,0.68,525.3,465479
2026-01-26 06:47:00+00:00,0.39,523.7,481168
2026-01-26 06:48:00+00:00,0.59,526.3,320162
2026-01-26 06:49:00+00:00,0.71,524.3,263300
2026-01-26 06:50:00+00:00,0.66,530.1,414207
2026-01-26 06:51:00+00:00,0.36,482.1,179351
2026-01-26 06:52:00+00:00,0.23,457.0,33035
2026-01-26 06:53:00+00:00,0.62,545.7,352631
2026-01-26 06:54:00+00:00,0.55,554.3,420340
2026-01-26 06:55:00+00:00,0.65,545.3,419085
2026-01-26 06:56:00+00:00,0.90,518.2,290515
2026-01-26 06:57:00+00:00,0.92,521.7,276211
2026-01-26 06:58:00+00:00,0.98,523.5,266609
2026-01-26 06:59:00+00:00,1.10,524.3,166037
2026-01-26 07:00:00+00:00,0.99,533.8,256806
2026-01-26 07:01:00+00:00,0.93,523.1,248921
2026-01-26 07:02:00+00:00,1.02,519.3,191374
2026-01-26 07:03:00+00:00,1.14,578.2,271322
2026-01-26 07:04:00+00:00,1.17,593.2,194396
2026-01-26 07:05:00+00:00,0.92,579.2,128261
2026-01-26 07:06:00+00:00,1.16,554.8,122176
2026-01-26 07:07:00+00:00,1.32,550.2,140837
2026-01-26 07:08:00+00:00,1.28,520.5,179537
2026-01-26 07:09:00+00:00,1.42,500.4,174389
2026-01-26 07:10:00+00:00,1.41,494.5,156958
2026-01-26 07:11:00+00:00,0.88,483.4,148367
2026-01-26 07:12:00+00:00,0.37,479.2,120303
2026-01-26 07:13:00+00:00,0.30,481.6,107010
2026-01-26 08:09:00+00:00,0.37,485.2,137510
2026-01-26 08:10:00+00:00,0.17,471.8,88795
2026-01-26 08:11:00+00:00,0.09,440.7,42195
2026-01-26 08:12:00+00:00,0.15,461.4,115963
2026-01-26 08:13:00+00:00,0.13,471.5,132889
2026-01-26 08:14:00+00:00,0.10,485.5,286504
2026-01-26 08:15:00+00:00,0.13,505.5,494423
2026-01-26 08:16:00+00:00,0.51,497.6,372599
2026-01-26 08:17:00+00:00,1.10,504.7,163876
2026-01-26 08:18:00+00:00,0.68,494.9,173613
2026-01-26 08:19:00+00:00,0.74,481.8,134774
2026-01-26 08:20:00+00:00,0.11,456.5,80236
2026-01-26 08:21:00+00:00,0.10,445.5,31552
2026-01-26 08:22:00+00:00,0.06,455.7,32752
2026-01-26 08:23:00+00:00,0.05,451.1,55730
2026-01-26 08:24:00+00:00,0.14,524.1,521500
2026-01-26 08:25:00+00:00,0.15,521.2,478333
2026-01-26 08:26:00+00:00,0.10,472.6,181125
2026-01-26 08:27:00+00:00,0.09,452.5,86248
2026-01-26 08:28:00+00:00,0.09,444.2,54119
2026-01-26 08:29:00+00:00,0.14,466.6,242421
2026-01-26 08:30:00+00:00,0.12,475.7,251081
2026-01-26 08:31:00+00:00,0.05,459.3,50328
2026-01-26 08:32:00+00:00,0.06,458.9,103737
2026-01-26 08:33:00+00:00,0.08,461.2,98932
2026-01-26 08:34:00+00:00,0.15,465.4,90228
2026-01-26 08:35:00+00:00,0.15,458.5,111062
2026-01-26 08:36:00+00:00,0.13,461.6,128532
2026-01-26 08:37:00+00:00,0.13,457.9,119168
2026-01-26 08:38:00+00:00,0.18,470.0,127599
2026-01-26 08:39:00+00:00,1.02,462.3,122768
2026-01-26 08:40:00+00:00,0.57,500.3,107581
2026-01-26 08:41:00+00:00,0.73,471.3,64521
2026-01-26 08:42:00+00:00,0.28,456.7,61590
2026-01-26 08:43:00+00:00,0.73,461.0,73013
2026-01-26 08:44:00+00:00,0.77,485.8,130236
2026-01-26 08:45:00+00:00,0.59,493.8,190741
2026-01-26 08:46:00+00:00,0.41,470.2,136012
2026-01-26 08:47:00+00:00,0.47,451.4,52937
2026-01-26 08:48:00+00:00,0.80,467.2,168737
2026-01-26 08:49:00+00:00,0.61,492.5,384541
2026-01-26 08:50:00+00:00,0.53,485.9,323703
2026-01-26 08:51:00+00:00,0.63,467.5,92082
2026-01-26 08:52:00+00:00,0.91,450.2,60815
2026-01-26 08:53:00+00:00,0.47,481.5,78359
2026-01-26 08:54:00+00:00,0.40,470.2,53537
2026-01-26 08:55:00+00:00,0.29,453.7,25483
2026-01-26 08:56:00+00:00,0.38,468.3,47920
2026-01-26 08:57:00+00:00,0.36,467.4,42986
2026-01-26 08:58:00+00:00,0.57,472.8,49601
2026-01-26 08:59:00+00:00,0.64,475.1,52797
2026-01-26 09:02:00+00:00,0.60,472.7,44837
2026-01-26 09:03:00+00:00,0.60,472.7,44837
2026-01-26 09:05:00+00:00,0.61,471.7,53104
2026-01-26 09:06:00+00:00,0.67,473.2,69008
2026-01-26 09:07:00+00:00,0.88,477.9,121632
2026-01-26 09:08:00+00:00,0.85,471.1,50081
2026-01-26 09:09:00+00:00,0.80,471.4,48443
2026-01-26 09:10:00+00:00,0.99,473.8,56742
2026-01-26 09:11:00+00:00,0.79,479.9,166449
2026-01-26 09:12:00+00:00,0.73,469.3,63632
2026-01-26 09:13:00+00:00,0.75,469.9,47993
2026-01-26 09:14:00+00:00,0.78,471.1,51988
2026-01-26 09:15:00+00:00,0.90,478.5,116582
2026-01-26 09:16:00+00:00,0.88,482.0,158419
2026-01-26 09:17:00+00:00,0.86,480.7,149448
2026-01-26 09:18:00+00:00,0.90,479.2,142569
2026-01-26 09:19:00+00:00,0.91,481.5,155288
2026-01-26 09:20:00+00:00,0.96,484.8,155485
2026-01-26 09:21:00+00:00,1.10,483.6,134776
2026-01-26 09:22:00+00:00,1.20,486.1,120086
2026-01-26 09:23:00+00:00,1.21,488.9,131773
2026-01-26 09:24:00+00:00,1.19,486.7,112220
2026-01-26 09:25:00+00:00,1.28,484.4,112594
2026-01-26 09:26:00+00:00,1.05,483.3,104859
2026-01-26 09:27:00+00:00,1.54,486.6,113376
2026-01-26 09:28:00+00:00,1.38,502.1,142749
2026-01-26 09:29:00+00:00,1.36,512.3,130706
2026-01-26 09:30:00+00:00,1.50,522.7,101644
2026-01-26 09:31:00+00:00,1.67,521.6,110570
2026-01-26 09:32:00+00:00,1.79,523.7,111249
2026-01-26 09:33:00+00:00,1.71,518.6,113587
2026-01-26 09:34:00+00:00,1.56,517.6,105971
2026-01-26 09:35:00+00:00,1.68,516.8,105709
2026-01-26 09:36:00+00:00,1.92,505.8,130200
2026-01-26 09:38:00+00:00,1.57,550.7,89114
2026-01-26 09:39:00+00:00,1.66,545.9,95927
2026-01-26 09:40:00+00:00,2.20,513.3,140663
2026-01-26 09:41:00+00:00,1.21,497.5,147016
2026-01-26 09:42:00+00:00,0.92,486.9,214355
2026-01-26 09:43:00+00:00,0.87,486.9,219249
2026-01-26 09:44:00+00:00,0.72,488.0,262004
2026-01-26 09:45:00+00:00,0.75,470.2,92182
2026-01-26 09:46:00+00:00,0.88,479.9,166201
2026-01-26 09:47:00+00:00,0.80,491.0,265011
2026-01-26 09:48:00+00:00,0.89,491.5,230472
2026-01-26 09:49:00+00:00,0.94,487.5,192932
2026-01-26 09:50:00+00:00,1.02,487.1,185846
2026-01-26 09:51:00+00:00,1.26,487.1,171461
2026-01-26 09:52:00+00:00,1.34,485.8,172018
2026-01-26 09:53:00+00:00,1.06,489.6,207434
2026-01-26 09:54:00+00:00,0.83,490.7,254965
2026-01-26 09:55:00+00:00,1.38,479.5,144469
2026-01-26 09:56:00+00:00,1.05,478.4,174900
2026-01-26 09:57:00+00:00,1.06,482.4,172164
2026-01-26 09:58:00+00:00,0.72,471.0,64719
2026-01-26 10:02:00+00:00,0.86,481.9,229748
2026-01-26 10:03:00+00:00,0.92,483.9,217560
2026-01-26 10:04:00+00:00,0.76,485.7,244590
2026-01-26 10:05:00+00:00,0.50,472.3,150957
2026-01-26 10:06:00+00:00,0.56,470.4,136728
2026-01-26 10:07:00+00:00,0.84,483.6,222133
2026-01-26 10:08:00+00:00,0.81,477.6,151446
2026-01-26 10:09:00+00:00,0.51,461.3,52216
2026-01-26 10:11:00+00:00,1.07,480.0,167190
2026-01-26 10:12:00+00:00,1.06,480.2,171561
2026-01-26 10:13:00+00:00,0.85,483.2,232755
2026-01-26 10:14:00+00:00,2.22,483.1,113129
2026-01-26 10:15:00+00:00,1.18,489.4,179422
2026-01-26 10:16:00+00:00,0.98,470.2,67361
2026-01-26 10:17:00+00:00,1.04,483.3,172528
2026-01-26 10:18:00+00:00,1.35,485.2,178455
2026-01-26 10:19:00+00:00,1.24,489.9,178875
2026-01-26 10:20:00+00:00,0.80,472.3,95963
2026-01-26 10:21:00+00:00,0.70,488.1,143699
2026-01-26 10:22:00+00:00,0.82,505.5,240173
2026-01-26 10:23:00+00:00,0.86,496.4,229890
2026-01-26 10:24:00+00:00,0.86,494.9,190713
2026-01-26 10:25:00+00:00,0.76,496.8,215531
2026-01-26 10:26:00+00:00,0.80,513.8,384811
2026-01-26 10:27:00+00:00,0.93,512.5,376957
2026-01-26 10:28:00+00:00,1.65,503.3,230696
2026-01-26 10:29:00+00:00,0.98,505.2,411421
2026-01-26 10:30:00+00:00,2.84,546.5,248071
2026-01-26 10:31:00+00:00,2.36,568.2,90404
2026-01-26 10:32:00+00:00,2.65,572.2,66828
2026-01-26 10:33:00+00:00,2.59,575.0,69676
2026-01-26 10:34:00+00:00,2.59,573.6,67279
2026-01-26 10:35:00+00:00,2.60,572.1,73788
2026-01-26 10:36:00+00:00,2.25,573.9,76500
2026-01-26 10:37:00+00:00,2.25,572.5,73399
2026-01-26 10:38:00+00:00,2.19,570.9,72566
2026-01-26 10:39:00+00:00,2.00,571.0,85844
2026-01-26 10:40:00+00:00,2.09,570.2,103071
2026-01-26 10:41:00+00:00,2.02,571.4,102711
2026-01-26 10:42:00+00:00,2.22,570.9,105356
2026-01-26 10:44:00+00:00,1.85,568.1,95184
2026-01-26 10:45:00+00:00,1.85,568.1,95184
2026-01-26 10:46:00+00:00,2.28,568.2,87982
2026-01-26 10:47:00+00:00,2.15,567.2,79264
2026-01-26 10:48:00+00:00,2.68,563.6,77284
2026-01-26 10:49:00+00:00,2.56,564.2,74907
2026-01-26 10:50:00+00:00,2.67,557.0,72622
2026-01-26 10:51:00+00:00,2.48,558.0,81493
2026-01-26 10:52:00+00:00,2.49,558.6,87063
2026-01-26 10:53:00+00:00,2.54,547.5,78119
2026-01-26 10:54:00+00:00,2.78,548.3,78439
2026-01-26 10:55:00+00:00,3.14,560.0,91355
2026-01-26 10:56:00+00:00,3.07,561.2,90983
2026-01-26 10:57:00+00:00,2.74,562.1,91383
2026-01-26 10:58:00+00:00,2.42,562.5,124401
2026-01-26 10:59:00+00:00,2.45,561.3,140999
2026-01-26 11:00:00+00:00,2.60,564.6,124371
2026-01-26 11:01:00+00:00,2.53,564.9,60635
2026-01-26 11:02:00+00:00,2.87,565.7,62343
2026-01-26 11:03:00+00:00,3.23,563.4,55420
2026-01-26 11:04:00+00:00,2.72,566.2,60300
2026-01-26 11:05:00+00:00,2.98,563.3,57365
2026-01-26 11:06:00+00:00,2.89,563.3,60239
2026-01-26 11:07:00+00:00,3.00,562.7,57428
2026-01-26 11:08:00+00:00,2.89,563.0,59738
2026-01-26 11:09:00+00:00,2.93,561.6,60152
2026-01-26 11:10:00+00:00,3.01,559.8,60961
2026-01-26 11:11:00+00:00,3.02,559.9,61609
2026-01-26 11:12:00+00:00,2.92,559.2,60203
2026-01-26 11:13:00+00:00,2.53,556.4,66900
2026-01-26 11:14:00+00:00,2.55,542.1,85004
2026-01-26 11:15:00+00:00,1.61,492.4,145293
2026-01-26 11:18:00+00:00,0.74,505.2,284156
2026-01-26 11:19:00+00:00,0.99,514.8,306064
2026-01-26 11:20:00+00:00,0.92,515.9,273398
2026-01-26 11:21:00+00:00,0.96,516.5,260084
2026-01-26 11:22:00+00:00,0.84,524.1,280400
2026-01-26 11:23:00+00:00,0.82,526.2,267254
2026-01-26 11:24:00+00:00,0.81,528.4,236401
2026-01-26 11:25:00+00:00,0.60,513.1,156800
2026-01-26 11:26:00+00:00,0.65,502.7,173181
2026-01-26 11:27:00+00:00,0.87,508.3,253029
2026-01-26 11:28:00+00:00,0.71,499.8,189232
2026-01-26 11:29:00+00:00,0.44,497.3,137797
2026-01-26 11:30:00+00:00,0.27,525.6,263336
2026-01-26 11:31:00+00:00,0.14,466.2,90994
2026-01-26 11:32:00+00:00,0.20,472.4,91933
2026-01-26 11:33:00+00:00,0.61,508.0,244605
2026-01-26 11:34:00+00:00,0.29,531.2,358318
2026-01-26 11:35:00+00:00,0.14,490.0,106227
2026-01-26 11:36:00+00:00,0.71,495.0,219029
2026-01-26 11:37:00+00:00,0.69,501.9,235382
2026-01-26 11:38:00+00:00,0.40,517.9,276436
2026-01-26 11:39:00+00:00,0.78,506.0,200806
2026-01-26 11:40:00+00:00,0.92,502.3,188758
2026-01-26 11:41:00+00:00,0.91,501.1,231627
2026-01-26 11:42:00+00:00,1.00,496.2,232005
2026-01-26 11:43:00+00:00,1.23,489.1,168541
2026-01-26 11:44:00+00:00,1.75,484.5,116058
2026-01-26 11:45:00+00:00,2.10,493.5,157320
2026-01-26 11:46:00+00:00,1.55,495.2,200993
2026-01-26 11:47:00+00:00,1.14,500.9,195220
2026-01-26 11:48:00+00:00,1.14,504.5,190522
2026-01-26 11:51:00+00:00,2.21,492.1,132671
2026-01-26 11:52:00+00:00,1.76,490.4,147395
2026-01-26 11:53:00+00:00,1.43,491.7,195095
2026-01-26 11:54:00+00:00,1.35,492.5,206418
2026-01-26 11:55:00+00:00,1.20,495.5,215486
2026-01-26 11:56:00+00:00,0.70,475.2,133661
2026-01-26 11:57:00+00:00,0.80,481.2,168126
2026-01-26 11:58:00+00:00,0.87,515.4,193302
2026-01-26 11:59:00+00:00,0.40,499.6,85315
2026-01-26 12:00:00+00:00,0.26,449.9,29561
2026-01-26 12:01:00+00:00,0.58,466.4,108047
2026-01-26 12:02:00+00:00,1.03,493.6,221464
2026-01-26 12:03:00+00:00,0.98,470.6,83413
2026-01-26 12:04:00+00:00,1.01,497.2,223023
2026-01-26 12:05:00+00:00,0.38,470.9,124116
2026-01-26 12:06:00+00:00,0.60,524.3,256065
2026-01-26 12:07:00+00:00,0.33,477.2,125060
2026-01-26 12:08:00+00:00,0.40,520.1,285703
2026-01-26 12:09:00+00:00,0.43,533.4,317653
2026-01-26 12:10:00+00:00,0.41,529.1,241508
2026-01-26 12:11:00+00:00,0.66,526.8,183709
2026-01-26 12:12:00+00:00,0.93,518.4,198007
2026-01-26 12:13:00+00:00,0.98,514.9,212676
2026-01-26 12:14:00+00:00,1.00,515.2,206552
2026-01-26 12:15:00+00:00,1.10,512.7,185383
2026-01-26 12:16:00+00:00,1.06,513.5,162786
2026-01-26 12:17:00+00:00,0.76,517.1,193793
2026-01-26 12:18:00+00:00,0.50,514.1,232921
2026-01-26 12:19:00+00:00,1.00,503.2,170114
2026-01-26 12:20:00+00:00,0.92,502.0,142223
2026-01-26 12:21:00+00:00,0.94,506.8,169357
2026-01-26 12:22:00+00:00,0.85,506.1,168265
2026-01-26 12:23:00+00:00,0.85,506.1,168265
2026-01-26 12:26:00+00:00,0.76,508.8,135713
2026-01-26 12:27:00+00:00,0.43,513.4,209466
2026-01-26 12:28:00+00:00,0.31,503.7,269185
2026-01-26 12:29:00+00:00,0.47,489.4,204558
2026-01-26 12:30:00+00:00,0.53,501.5,138791
2026-01-26 12:31:00+00:00,0.51,521.9,133744
2026-01-26 12:32:00+00:00,0.57,524.1,120086
2026-01-26 12:33:00+00:00,0.64,533.2,137137
2026-01-26 12:34:00+00:00,0.78,542.2,165374
2026-01-26 12:35:00+00:00,0.69,517.6,110287
2026-01-26 12:36:00+00:00,0.65,514.0,104107
2026-01-26 12:37:00+00:00,0.43,516.1,140379
2026-01-26 12:38:00+00:00,0.65,526.5,138009
2026-01-26 12:39:00+00:00,0.78,454.6,24450
2026-01-26 12:40:00+00:00,0.55,464.3,18965
2026-01-26 12:41:00+00:00,1.69,468.0,46766
2026-01-26 12:42:00+00:00,1.68,509.4,168695
2026-01-26 12:43:00+00:00,1.93,504.9,130699
2026-01-26 12:44:00+00:00,2.20,503.8,111310
2026-01-26 12:45:00+00:00,2.09,494.0,87069
2026-01-26 12:46:00+00:00,1.50,493.7,91134
2026-01-26 12:47:00+00:00,0.93,512.3,129212
2026-01-26 12:48:00+00:00,1.09,510.0,119588
2026-01-26 12:49:00+00:00,1.47,507.7,135717
2026-01-26 12:50:00+00:00,0.79,536.8,182718
2026-01-26 12:51:00+00:00,0.95,516.8,134256
2026-01-26 12:52:00+00:00,2.66,521.8,154606
2026-01-26 12:53:00+00:00,1.47,461.4,50610
2026-01-26 12:54:00+00:00,2.01,518.6,327593
2026-01-26 12:55:00+00:00,1.94,493.1,164457
2026-01-26 12:56:00+00:00,1.86,488.1,139055
2026-01-26 12:57:00+00:00,1.77,472.8,118689
2026-01-26 12:58:00+00:00,1.75,469.1,114127
2026-01-26 12:59:00+00:00,1.77,490.2,148767
2026-01-26 13:00:00+00:00,1.65,489.2,145434
2026-01-26 13:01:00+00:00,1.48,493.6,159100
2026-01-26 13:02:00+00:00,1.77,499.7,147233
2026-01-26 13:03:00+00:00,2.02,499.8,118710
2026-01-26 13:04:00+00:00,1.57,488.6,103750
2026-01-26 13:05:00+00:00,1.41,484.4,103832
2026-01-26 13:06:00+00:00,2.10,514.4,178687
2026-01-26 13:07:00+00:00,1.95,495.3,117570
2026-01-26 13:08:00+00:00,1.91,498.6,115304
2026-01-26 13:09:00+00:00,1.02,477.8,79141
2026-01-26 13:10:00+00:00,2.27,525.0,184472
2026-01-26 13:11:00+00:00,1.77,501.8,107927
2026-01-26 13:12:00+00:00,2.08,508.7,131939
2026-01-26 13:13:00+00:00,2.06,505.1,120515
2026-01-26 13:14:00+00:00,1.89,498.7,93607
2026-01-26 13:15:00+00:00,1.61,500.7,106792
2026-01-26 13:16:00+00:00,1.48,486.8,92709
2026-01-26 13:17:00+00:00,1.90,501.0,126266
2026-01-26 13:18:00+00:00,2.27,507.6,136580
2026-01-26 13:19:00+00:00,2.06,492.5,99130
2026-01-26 13:20:00+00:00,1.68,485.0,83185
2026-01-26 13:21:00+00:00,1.68,478.3,88855
2026-01-26 13:22:00+00:00,2.29,512.2,180116
2026-01-26 13:23:00+00:00,2.32,496.3,103806
2026-01-26 13:24:00+00:00,2.21,500.8,106352
2026-01-26 13:25:00+00:00,1.92,470.3,59882
2026-01-26 13:26:00+00:00,3.47,509.4,167496
2026-01-26 13:27:00+00:00,2.65,490.2,107741
2026-01-26 13:28:00+00:00,2.29,487.6,96777
2026-01-26 13:29:00+00:00,3.13,499.0,131364
2026-01-26 13:30:00+00:00,3.05,489.7,109576
2026-01-26 13:31:00+00:00,2.94,485.3,98416
2026-01-26 13:32:00+00:00,1.22,469.7,54938
2026-01-26 13:33:00+00:00,2.26,491.2,111528
2026-01-26 13:34:00+00:00,3.01,507.9,146891
2026-01-26 13:35:00+00:00,2.97,504.2,134745
2026-01-26 13:36:00+00:00,2.54,487.3,107194
2026-01-26 13:37:00+00:00,1.37,462.7,45678
2026-01-26 13:38:00+00:00,1.81,481.9,74129
2026-01-26 13:39:00+00:00,2.84,499.0,127368
2026-01-26 13:40:00+00:00,3.85,493.0,133116
2026-01-26 13:41:00+00:00,1.53,464.3,44781
2026-01-26 13:42:00+00:00,3.82,494.8,76325
2026-01-26 13:43:00+00:00,3.29,489.2,88669
2026-01-26 13:44:00+00:00,2.94,469.7,58889
2026-01-26 13:45:00+00:00,3.00,505.0,135694
2026-01-26 13:46:00+00:00,3.55,507.2,161288
2026-01-26 13:47:00+00:00,3.03,495.4,113202
2026-01-26 13:48:00+00:00,2.28,467.4,57519
2026-01-26 13:49:00+00:00,2.17,474.0,60068
2026-01-26 13:50:00+00:00,3.04,493.1,103368
2026-01-26 13:51:00+00:00,3.78,487.3,108985
2026-01-26 13:52:00+00:00,3.06,468.8,62832
2026-01-26 13:53:00+00:00,2.46,459.6,51909
2026-01-26 13:54:00+00:00,4.10,491.1,105781
2026-01-26 13:55:00+00:00,4.54,485.9,110350
2026-01-26 13:56:00+00:00,3.04,479.4,85865
2026-01-26 13:57:00+00:00,3.87,486.8,110902
2026-01-26 13:58:00+00:00,3.90,485.4,84336
2026-01-26 13:59:00+00:00,2.87,484.5,75201
2026-01-26 14:00:00+00:00,1.55,456.5,37122
2026-01-26 14:01:00+00:00,3.63,491.9,113208
2026-01-26 14:02:00+00:00,4.42,514.6,120236
2026-01-26 14:03:00+00:00,2.25,506.3,124393
2026-01-26 14:04:00+00:00,1.13,499.8,128914
2026-01-26 14:05:00+00:00,0.90,496.2,103782
2026-01-26 14:06:00+00:00,1.07,493.7,108398
2026-01-26 14:07:00+00:00,1.26,490.9,113674
2026-01-26 14:08:00+00:00,1.21,489.0,111018
2026-01-26 14:09:00+00:00,1.75,495.2,123321
2026-01-26 14:10:00+00:00,3.20,512.3,151746
2026-01-26 14:11:00+00:00,2.82,506.5,118345
2026-01-26 14:12:00+00:00,1.69,474.1,48325
2026-01-26 14:13:00+00:00,2.80,519.5,138721
2026-01-26 14:14:00+00:00,3.04,515.8,164175
2026-01-26 14:15:00+00:00,2.51,505.4,90924
2026-01-26 14:16:00+00:00,1.71,465.5,37653
2026-01-26 14:17:00+00:00,2.56,510.6,118254
2026-01-26 14:18:00+00:00,2.97,514.3,132457
2026-01-26 14:19:00+00:00,3.02,507.5,117572
2026-01-26 14:20:00+00:00,2.53,493.2,83618
2026-01-26 14:21:00+00:00,2.42,492.0,102225
2026-01-26 14:22:00+00:00,2.20,497.5,135066
2026-01-26 14:23:00+00:00,1.55,492.2,132696
2026-01-26 14:24:00+00:00,1.39,489.6,132112
2026-01-26 14:25:00+00:00,1.48,502.4,162730
2026-01-26 14:26:00+00:00,1.07,513.8,220600
2026-01-26 14:27:00+00:00,0.87,501.0,173997
2026-01-26 14:28:00+00:00,1.79,480.5,73737
2026-01-26 14:29:00+00:00,3.17,489.6,199111
2026-01-26 14:30:00+00:00,2.51,490.6,123163
2026-01-26 14:31:00+00:00,2.10,480.7,115754
2026-01-26 14:32:00+00:00,2.71,473.4,110823
2026-01-26 14:33:00+00:00,3.07,470.6,93209
2026-01-26 14:34:00+00:00,2.34,473.0,121427
2026-01-26 14:35:00+00:00,2.46,474.6,131789
2026-01-26 14:36:00+00:00,2.28,475.5,139530
2026-01-26 14:37:00+00:00,2.03,475.8,145170
2026-01-26 14:38:00+00:00,2.29,483.3,112757
2026-01-26 14:39:00+00:00,2.17,484.7,118366
2026-01-26 14:40:00+00:00,1.90,485.2,133594
2026-01-26 14:41:00+00:00,1.67,481.7,147622
2026-01-26 14:42:00+00:00,1.59,482.5,141099
2026-01-26 14:43:00+00:00,2.05,495.2,110104
2026-01-26 14:44:00+00:00,3.23,538.0,106631
2026-01-26 14:45:00+00:00,3.54,540.2,102386
2026-01-26 14:46:00+00:00,3.15,546.2,101617
2026-01-26 14:47:00+00:00,3.77,548.8,224986
2026-01-26 14:48:00+00:00,1.04,474.7,80134
2026-01-26 14:49:00+00:00,1.13,498.2,191797
2026-01-26 14:50:00+00:00,1.02,491.6,153991
2026-01-26 14:51:00+00:00,0.97,490.3,150916
2026-01-26 14:52:00+00:00,0.98,504.8,184408
2026-01-26 14:53:00+00:00,1.18,494.5,159918
2026-01-26 14:54:00+00:00,1.26,480.6,145615
2026-01-26 14:55:00+00:00,1.32,476.2,142945
2026-01-26 14:56:00+00:00,1.47,478.7,160739
2026-01-26 14:57:00+00:00,1.03,492.2,222705
2026-01-26 14:58:00+00:00,0.44,467.0,101240
2026-01-26 14:59:00+00:00,0.79,497.0,158039
2026-01-26 15:00:00+00:00,0.78,469.5,105643
2026-01-26 15:01:00+00:00,0.41,463.9,118787
2026-01-26 15:02:00+00:00,1.09,486.1,162950
2026-01-26 15:03:00+00:00,1.42,479.9,165808
2026-01-26 15:04:00+00:00,1.88,477.1,105177
2026-01-26 15:05:00+00:00,1.87,483.3,132505
2026-01-26 15:06:00+00:00,1.73,480.8,118447
2026-01-26 15:07:00+00:00,1.39,474.2,96534
2026-01-26 15:08:00+00:00,1.67,479.5,135565
2026-01-26 15:09:00+00:00,1.90,483.6,146826
2026-01-26 15:10:00+00:00,1.85,482.5,129983
2026-01-26 15:13:00+00:00,2.62,482.2,110148
2026-01-26 15:14:00+00:00,2.34,482.9,115318
2026-01-26 15:15:00+00:00,2.20,487.5,111570
2026-01-26 15:16:00+00:00,2.79,484.2,108743
2026-01-26 15:17:00+00:00,2.05,,
2026-01-26 15:18:00+00:00,2.05,481.9,118067
2026-01-26 15:19:00+00:00,3.19,483.9,90991
2026-01-26 15:20:00+00:00,3.48,505.2,145345
2026-01-26 15:21:00+00:00,3.57,503.6,124861
2026-01-26 15:22:00+00:00,2.37,493.3,99095
2026-01-26 15:23:00+00:00,1.33,467.6,53080
2026-01-26 15:24:00+00:00,2.39,484.7,121277
2026-01-26 15:25:00+00:00,2.73,487.7,130751
2026-01-26 15:26:00+00:00,2.58,482.0,112905
2026-01-26 15:27:00+00:00,2.12,472.9,95078
2026-01-26 15:28:00+00:00,1.70,469.9,85851
2026-01-26 15:29:00+00:00,3.01,499.2,148801
2026-01-26 15:30:00+00:00,3.19,482.0,94347
2026-01-26 15:31:00+00:00,2.51,473.5,71387
2026-01-26 15:32:00+00:00,3.57,495.7,149372
2026-01-26 15:33:00+00:00,2.32,477.5,86741
2026-01-26 15:34:00+00:00,3.45,486.2,101751
2026-01-26 15:35:00+00:00,1.64,461.0,55540
2026-01-26 15:36:00+00:00,3.41,493.9,148009
2026-01-26 15:37:00+00:00,2.77,478.9,104803
2026-01-26 15:38:00+00:00,3.07,480.6,98835
2026-01-26 15:39:00+00:00,3.01,477.5,65156
2026-01-26 15:40:00+00:00,3.26,483.3,89073
2026-01-26 15:41:00+00:00,3.33,486.7,109659
2026-01-26 15:42:00+00:00,3.30,486.4,99973
2026-01-26 15:43:00+00:00,3.38,487.4,93653
2026-01-26 15:46:00+00:00,3.01,479.6,85410
2026-01-26 15:47:00+00:00,3.16,477.0,80754
2026-01-26 15:48:00+00:00,3.06,485.7,113165
2026-01-26 15:49:00+00:00,3.19,486.0,93401
2026-01-26 15:50:00+00:00,2.49,485.2,92983
2026-01-26 15:51:00+00:00,2.80,483.5,91953
2026-01-26 15:52:00+00:00,3.17,493.4,123606
2026-01-26 15:53:00+00:00,2.97,484.7,104910
2026-01-26 15:54:00+00:00,2.57,481.9,94819
2026-01-26 15:55:00+00:00,2.62,479.0,102833
2026-01-26 15:56:00+00:00,2.59,478.1,105416
2026-01-26 15:57:00+00:00,2.46,476.6,96621
2026-01-26 15:58:00+00:00,2.22,471.6,85341
2026-01-26 16:00:00+00:00,3.02,480.0,94702
2026-01-26 16:01:00+00:00,2.85,480.4,89736
2026-01-26 16:02:00+00:00,2.29,474.0,69144
2026-01-26 16:03:00+00:00,1.95,455.6,53358
2026-01-26 16:04:00+00:00,2.67,500.2,129594
2026-01-26 16:05:00+00:00,3.51,493.3,141815
2026-01-26 16:06:00+00:00,3.89,488.8,127942
2026-01-26 16:07:00+00:00,2.03,446.9,43119
2026-01-26 16:09:00+00:00,3.24,488.7,112992
2026-01-26 16:10:00+00:00,3.29,488.6,98287
2026-01-26 16:11:00+00:00,2.96,487.6,88325
2026-01-26 16:12:00+00:00,3.40,491.6,115864
2026-01-26 16:13:00+00:00,3.20,486.9,113292
2026-01-26 16:14:00+00:00,2.02,471.0,73336
2026-01-26 16:15:00+00:00,2.19,481.2,102758
2026-01-26 16:16:00+00:00,3.47,510.2,176762
2026-01-26 16:19:00+00:00,3.22,481.2,87236
2026-01-26 16:20:00+00:00,3.08,483.0,110403
2026-01-26 16:21:00+00:00,3.38,482.4,93892
2026-01-26 16:22:00+00:00,3.50,486.5,101274
2026-01-26 16:23:00+00:00,3.22,481.9,74377
2026-01-26 16:24:00+00:00,3.19,497.1,105575
2026-01-26 16:25:00+00:00,3.02,500.3,106002
2026-01-26 16:26:00+00:00,2.93,501.2,79312
2026-01-26 16:27:00+00:00,3.26,499.7,89663
2026-01-26 16:28:00+00:00,3.26,498.8,94996
2026-01-26 16:29:00+00:00,3.20,498.9,96201
2026-01-26 16:30:00+00:00,3.14,496.7,96723
2026-01-26 16:31:00+00:00,3.14,494.5,91362
2026-01-26 16:32:00+00:00,3.23,495.3,86377
2026-01-26 16:33:00+00:00,3.15,496.2,85700
2026-01-26 16:34:00+00:00,3.09,496.7,87516
2026-01-26 16:35:00+00:00,2.84,501.5,90898
2026-01-26 16:36:00+00:00,3.00,514.9,113288
2026-01-26 16:37:00+00:00,2.93,518.2,96168
2026-01-26 16:38:00+00:00,2.47,532.1,112318
2026-01-26 16:39:00+00:00,2.19,506.2,77149
2026-01-26 16:40:00+00:00,2.80,524.9,119375
2026-01-26 16:41:00+00:00,2.96,531.5,138046
2026-01-26 16:42:00+00:00,3.16,508.1,94242
2026-01-26 16:43:00+00:00,3.31,511.6,95691
2026-01-26 16:44:00+00:00,3.07,511.4,86264
2026-01-26 16:45:00+00:00,2.86,508.2,80306
2026-01-26 16:46:00+00:00,2.84,493.3,69486
2026-01-26 16:47:00+00:00,2.70,503.2,93983
2026-01-26 16:48:00+00:00,2.68,532.0,145517
2026-01-26 16:49:00+00:00,3.01,518.1,136540
2026-01-26 16:52:00+00:00,3.43,535.7,158198
2026-01-26 16:53:00+00:00,3.56,521.1,93971
2026-01-26 16:54:00+00:00,2.18,492.5,50206
2026-01-26 16:55:00+00:00,2.94,523.3,99168
2026-01-26 16:56:00+00:00,3.85,530.6,146377
2026-01-26 16:57:00+00:00,3.00,515.9,104655
2026-01-26 16:58:00+00:00,2.72,507.2,82436
2026-01-26 16:59:00+00:00,2.84,506.7,97980
2026-01-26 17:00:00+00:00,2.75,504.9,92328
2026-01-26 17:01:00+00:00,2.93,507.4,91254
2026-01-26 17:02:00+00:00,2.99,509.7,87279
2026-01-26 17:03:00+00:00,2.90,510.3,94368
2026-01-26 17:04:00+00:00,2.67,510.8,108715
2026-01-26 17:05:00+00:00,2.24,506.9,87276
2026-01-26 17:06:00+00:00,2.73,504.9,86278
2026-01-26 17:07:00+00:00,2.69,508.0,86603
2026-01-26 17:08:00+00:00,2.83,511.2,90042
2026-01-26 17:09:00+00:00,2.50,507.9,89023
2026-01-26 17:10:00+00:00,2.78,504.7,87721
2026-01-26 17:11:00+00:00,2.84,510.1,88095
2026-01-26 17:12:00+00:00,3.27,510.8,88339
2026-01-26 17:13:00+00:00,3.01,509.7,90574
2026-01-26 17:14:00+00:00,3.23,508.2,89540
2026-01-26 17:15:00+00:00,3.60,525.2,133382
2026-01-26 17:16:00+00:00,3.13,513.3,102894
2026-01-26 17:17:00+00:00,2.77,500.9,71165
2026-01-26 17:18:00+00:00,2.79,476.0,55054
2026-01-26 17:19:00+00:00,2.91,503.1,85792
2026-01-26 17:20:00+00:00,3.04,532.2,120426
2026-01-26 17:21:00+00:00,2.94,514.8,100222
2026-01-26 17:22:00+00:00,2.86,512.0,88574
2026-01-26 17:25:00+00:00,2.32,496.9,57068
2026-01-26 17:26:00+00:00,2.32,475.7,69030
2026-01-26 17:27:00+00:00,3.20,528.6,136559
2026-01-26 17:28:00+00:00,3.37,533.2,155410
2026-01-26 17:29:00+00:00,3.81,529.0,151895
2026-01-26 17:30:00+00:00,3.22,491.3,78520
2026-01-26 17:31:00+00:00,3.47,512.9,116929
2026-01-26 17:32:00+00:00,3.82,524.8,131397
2026-01-26 17:33:00+00:00,3.88,515.3,110484
2026-01-26 17:34:00+00:00,3.77,501.6,82725
2026-01-26 17:35:00+00:00,3.80,504.2,88035
2026-01-26 17:36:00+00:00,3.68,518.2,123820
2026-01-26 17:37:00+00:00,3.17,512.7,112623
2026-01-26 17:38:00+00:00,3.23,506.5,86704
2026-01-26 17:39:00+00:00,3.16,511.5,116199
2026-01-26 17:40:00+00:00,3.52,507.7,99037
2026-01-26 17:41:00+00:00,3.07,509.2,94687
2026-01-26 17:42:00+00:00,3.18,504.5,59536
2026-01-26 17:43:00+00:00,3.20,511.8,112765
2026-01-26 17:44:00+00:00,3.13,505.6,68858
2026-01-26 17:45:00+00:00,2.53,508.3,92241
2026-01-26 17:46:00+00:00,3.04,508.4,89576
2026-01-26 17:47:00+00:00,3.09,509.0,86505
2026-01-26 17:48:00+00:00,2.91,507.6,88260
2026-01-26 17:49:00+00:00,2.95,508.0,89302
2026-01-26 17:50:00+00:00,3.12,509.4,88380
2026-01-26 17:51:00+00:00,3.16,509.5,88520
2026-01-26 17:52:00+00:00,2.89,508.0,87777
2026-01-26 17:53:00+00:00,2.67,506.1,82918
2026-01-26 17:54:00+00:00,3.00,513.7,92769
2026-01-26 17:55:00+00:00,3.29,535.0,134289
2026-01-26 17:58:00+00:00,3.23,508.3,86362
2026-01-26 17:59:00+00:00,3.50,536.8,115149
2026-01-26 18:00:00+00:00,3.20,514.5,100288
2026-01-26 18:01:00+00:00,3.10,509.2,105161
2026-01-26 18:02:00+00:00,3.03,474.3,60274
2026-01-26 18:03:00+00:00,3.02,481.1,55521
2026-01-26 18:04:00+00:00,2.81,511.3,91238
2026-01-26 18:05:00+00:00,2.45,494.2,82428
2026-01-26 18:06:00+00:00,2.35,490.0,89309
2026-01-26 18:07:00+00:00,2.45,508.5,108651
2026-01-26 18:08:00+00:00,2.39,499.8,90828
2026-01-26 18:09:00+00:00,2.35,487.6,83002
2026-01-26 18:10:00+00:00,2.03,466.8,53966
2026-01-26 18:11:00+00:00,0.51,457.0,41460
2026-01-26 18:12:00+00:00,2.57,519.0,196449
2026-01-26 18:13:00+00:00,1.31,517.7,152523
2026-01-26 18:14:00+00:00,1.50,501.4,108882
2026-01-26 18:15:00+00:00,1.91,516.6,167948
2026-01-26 18:16:00+00:00,2.20,507.4,121391
2026-01-26 18:17:00+00:00,2.24,511.5,108943
2026-01-26 18:18:00+00:00,2.22,518.4,148634
2026-01-26 18:19:00+00:00,2.48,514.2,145145
2026-01-26 18:20:00+00:00,2.37,509.5,129032
2026-01-26 18:21:00+00:00,2.11,506.2,100380
2026-01-26 18:22:00+00:00,2.24,510.1,120345
2026-01-26 18:23:00+00:00,2.29,513.2,154196
2026-01-26 18:24:00+00:00,2.19,510.1,136953
2026-01-26 18:25:00+00:00,2.39,510.8,130597
2026-01-26 18:26:00+00:00,2.18,506.8,140890
2026-01-26 18:27:00+00:00,2.16,503.9,133003
2026-01-26 18:28:00+00:00,1.98,503.5,114567
2026-01-26 18:29:00+00:00,2.13,,
2026-01-26 18:30:00+00:00,2.13,501.4,138482
2026-01-26 18:31:00+00:00,2.16,498.3,130090
2026-01-26 18:32:00+00:00,2.11,502.9,121496
2026-01-26 18:33:00+00:00,2.17,503.3,123932
2026-01-26 18:34:00+00:00,2.09,500.1,132464
2026-01-26 18:35:00+00:00,2.11,499.1,142252
2026-01-26 18:36:00+00:00,2.33,506.4,166528
2026-01-26 18:37:00+00:00,2.23,507.3,168286
2026-01-26 18:38:00+00:00,2.10,502.2,151827
2026-01-26 18:39:00+00:00,2.16,499.7,141385
2026-01-26 18:40:00+00:00,2.11,498.5,134888
2026-01-26 18:41:00+00:00,1.80,493.0,120710
2026-01-26 18:42:00+00:00,1.51,489.9,119202
2026-01-26 18:43:00+00:00,2.37,511.4,187695
2026-01-26 18:44:00+00:00,1.78,498.1,132655
2026-01-26 18:45:00+00:00,1.88,491.1,111327
2026-01-26 18:46:00+00:00,2.74,508.0,191183
2026-01-26 18:47:00+00:00,2.26,494.8,123236
2026-01-26 18:48:00+00:00,1.94,493.9,116298
2026-01-26 18:49:00+00:00,1.20,467.6,69823
2026-01-26 18:50:00+00:00,1.86,505.5,185837
2026-01-26 18:51:00+00:00,2.16,506.5,182795
2026-01-26 18:52:00+00:00,2.02,494.9,136399
2026-01-26 18:53:00+00:00,1.35,472.6,81941
2026-01-26 18:54:00+00:00,1.39,475.2,116808
2026-01-26 18:55:00+00:00,1.86,492.0,165788
2026-01-26 18:56:00+00:00,1.64,488.5,134481
2026-01-26 18:57:00+00:00,1.49,487.8,122712
2026-01-26 18:58:00+00:00,1.74,486.5,94503
2026-01-26 18:59:00+00:00,1.67,488.7,95887
2026-01-26 19:00:00+00:00,1.33,490.0,106800
2026-01-26 19:01:00+00:00,1.46,484.7,65716
2026-01-26 19:04:00+00:00,1.35,490.4,112418
2026-01-26 19:05:00+00:00,1.40,488.3,133373
2026-01-26 19:06:00+00:00,1.17,488.5,143233
2026-01-26 19:07:00+00:00,2.40,489.4,133417
2026-01-26 19:08:00+00:00,2.95,489.5,126592
2026-01-26 19:09:00+00:00,2.77,490.5,134028
2026-01-26 19:10:00+00:00,2.57,490.3,138963
2026-01-26 19:11:00+00:00,2.56,490.1,139398
2026-01-26 19:12:00+00:00,2.56,489.6,142483
2026-01-26 19:13:00+00:00,2.35,485.6,145498
2026-01-26 19:14:00+00:00,2.39,485.1,151565
2026-01-26 19:15:00+00:00,2.43,484.1,136623
2026-01-26 19:16:00+00:00,2.27,483.4,121485
2026-01-26 19:17:00+00:00,2.65,485.6,142633
2026-01-26 19:18:00+00:00,2.46,487.1,147575
2026-01-26 19:19:00+00:00,2.22,485.8,142025
2026-01-26 19:20:00+00:00,2.20,490.2,151663
2026-01-26 19:21:00+00:00,1.37,473.4,105040
2026-01-26 19:22:00+00:00,2.92,494.0,187249
2026-01-26 19:23:00+00:00,2.36,497.2,203997
2026-01-26 19:24:00+00:00,1.73,491.0,180666
2026-01-26 19:25:00+00:00,1.79,488.1,173094
2026-01-26 19:26:00+00:00,1.99,492.3,187554
2026-01-26 19:27:00+00:00,1.98,492.0,177388
2026-01-26 19:28:00+00:00,1.54,476.1,126869
2026-01-26 19:29:00+00:00,1.39,470.6,116475
2026-01-26 19:30:00+00:00,2.28,495.0,174495
2026-01-26 19:31:00+00:00,2.09,491.8,169099
2026-01-26 19:32:00+00:00,2.00,491.2,145914
2026-01-26 19:33:00+00:00,1.66,472.5,58917
2026-01-26 19:34:00+00:00,1.71,490.7,203599
2026-01-26 19:35:00+00:00,1.71,,
2026-01-26 19:37:00+00:00,1.58,477.8,114364
2026-01-26 19:38:00+00:00,1.63,475.9,105131
2026-01-26 19:39:00+00:00,1.62,477.5,113032
2026-01-26 19:40:00+00:00,1.87,477.4,92257
2026-01-26 19:41:00+00:00,2.23,491.1,119102
2026-01-26 19:42:00+00:00,2.19,493.4,142002
2026-01-26 19:43:00+00:00,1.88,482.2,120038
2026-01-26 19:44:00+00:00,1.81,480.3,114114
2026-01-26 19:45:00+00:00,1.92,479.4,126930
2026-01-26 19:46:00+00:00,1.78,479.1,126934
2026-01-26 19:47:00+00:00,1.87,479.0,119770
2026-01-26 19:48:00+00:00,1.83,480.7,114200
2026-01-26 19:49:00+00:00,1.93,480.8,116001
2026-01-26 19:50:00+00:00,1.92,477.4,107623
2026-01-26 19:51:00+00:00,1.88,479.8,130309
2026-01-26 19:52:00+00:00,1.77,480.4,132574
2026-01-26 19:53:00+00:00,2.15,487.0,152890
2026-01-26 19:54:00+00:00,1.89,488.6,189226
2026-01-26 19:55:00+00:00,1.69,487.3,187261
2026-01-26 19:56:00+00:00,1.65,478.5,148816
2026-01-26 19:57:00+00:00,2.12,491.7,183433
2026-01-26 19:58:00+00:00,2.28,499.3,204396
2026-01-26 19:59:00+00:00,2.16,492.8,191518
2026-01-26 20:00:00+00:00,1.78,484.3,165810
2026-01-26 20:01:00+00:00,0.91,472.7,137315
2026-01-26 20:02:00+00:00,1.49,493.1,249439
2026-01-26 20:03:00+00:00,2.41,493.3,170925
2026-01-26 20:04:00+00:00,2.47,485.2,142118
2026-01-26 20:05:00+00:00,1.96,485.8,157560
2026-01-26 20:06:00+00:00,2.68,491.4,178445
2026-01-26 20:07:00+00:00,2.12,478.1,119707
2026-01-26 20:08:00+00:00,2.09,477.4,116615
2026-01-26 20:09:00+00:00,1.77,470.8,105412
2026-01-26 20:10:00+00:00,2.34,470.5,110689
2026-01-26 20:11:00+00:00,2.98,476.2,129543
2026-01-26 20:12:00+00:00,1.79,458.1,90088
2026-01-26 20:13:00+00:00,2.00,465.1,103822
2026-01-26 20:14:00+00:00,2.82,475.5,119783
2026-01-26 20:15:00+00:00,2.89,470.2,100011
2026-01-26 20:16:00+00:00,2.37,462.3,87048
2026-01-26 20:17:00+00:00,1.57,455.0,81159
2026-01-26 20:18:00+00:00,2.92,478.3,128601
2026-01-26 20:19:00+00:00,2.95,468.5,107432
2026-01-26 20:20:00+00:00,2.74,465.0,90038
2026-01-26 20:21:00+00:00,3.67,482.7,155792
2026-01-26 20:22:00+00:00,2.83,470.2,100066
2026-01-26 20:23:00+00:00,1.81,464.8,93717
2026-01-26 20:24:00+00:00,1.15,453.0,84857
2026-01-26 20:25:00+00:00,1.43,453.0,47223
2026-01-26 20:26:00+00:00,2.93,466.1,77183
2026-01-26 20:27:00+00:00,3.30,475.4,109271
2026-01-26 20:28:00+00:00,1.93,454.1,82112
2026-01-26 20:29:00+00:00,1.98,466.3,125096
2026-01-26 20:30:00+00:00,3.12,482.8,145564
2026-01-26 20:31:00+00:00,3.78,480.2,118062
2026-01-26 20:32:00+00:00,3.27,475.0,104034
2026-01-26 20:33:00+00:00,2.02,460.6,63330
2026-01-26 20:34:00+00:00,2.81,472.0,85041
2026-01-26 20:35:00+00:00,3.33,475.2,102501
2026-01-26 20:36:00+00:00,2.47,460.9,60318
2026-01-26 20:37:00+00:00,3.24,475.6,105275
2026-01-26 20:38:00+00:00,2.74,469.3,95717
2026-01-26 20:39:00+00:00,2.86,472.6,103588
2026-01-26 20:40:00+00:00,1.31,445.1,52908
2026-01-26 20:41:00+00:00,1.11,441.5,46160
2026-01-26 20:42:00+00:00,2.93,469.2,83007
2026-01-26 20:43:00+00:00,3.05,471.6,88748
2026-01-26 20:44:00+00:00,1.80,460.5,74563
2026-01-26 20:45:00+00:00,2.53,464.8,105456
2026-01-26 20:46:00+00:00,3.50,470.5,118048
2026-01-26 20:47:00+00:00,2.86,463.1,84539
2026-01-26 20:48:00+00:00,2.83,464.3,94865
2026-01-26 20:49:00+00:00,3.34,472.4,124245
2026-01-26 20:50:00+00:00,2.77,467.6,86743
2026-01-26 20:51:00+00:00,3.36,464.5,103973
2026-01-26 20:52:00+00:00,2.36,434.6,55107
2026-01-26 20:53:00+00:00,2.93,490.1,169615
2026-01-26 20:54:00+00:00,2.90,465.6,101888
2026-01-26 20:55:00+00:00,3.90,469.2,147741
2026-01-26 20:56:00+00:00,2.13,442.4,84418
2026-01-26 20:57:00+00:00,2.85,471.6,122967
2026-01-26 20:58:00+00:00,2.87,469.3,108107
2026-01-26 20:59:00+00:00,3.55,470.6,113647
2026-01-26 21:00:00+00:00,2.77,463.9,98210
2026-01-26 21:01:00+00:00,3.13,466.0,100745
2026-01-26 21:02:00+00:00,3.33,469.4,104464
2026-01-26 21:03:00+00:00,2.13,461.4,83865
2026-01-26 21:04:00+00:00,2.32,460.9,87349
2026-01-26 21:05:00+00:00,3.74,470.6,114047
2026-01-26 21:06:00+00:00,3.13,465.9,97373
2026-01-26 21:07:00+00:00,2.35,459.8,93314
2026-01-26 21:08:00+00:00,1.83,435.1,59783
2026-01-26 21:09:00+00:00,3.03,482.7,113761
2026-01-26 21:10:00+00:00,3.34,476.8,126547
2026-01-26 21:11:00+00:00,3.66,474.0,110208
2026-01-26 21:12:00+00:00,2.42,459.5,78907
2026-01-26 21:13:00+00:00,4.02,474.7,138947
2026-01-26 21:14:00+00:00,4.41,478.6,153327
2026-01-26 21:15:00+00:00,1.88,454.1,79141
2026-01-26 21:16:00+00:00,2.92,463.9,102045
2026-01-26 21:17:00+00:00,3.25,466.6,106665
2026-01-26 21:18:00+00:00,2.89,462.0,89345
2026-01-26 21:19:00+00:00,2.14,452.3,71532
2026-01-26 21:20:00+00:00,3.40,456.2,69085
2026-01-26 21:21:00+00:00,6.30,479.7,99113
2026-01-26 21:22:00+00:00,3.32,468.2,120651
2026-01-26 21:23:00+00:00,2.35,458.1,62669
2026-01-26 21:24:00+00:00,1.90,443.8,55358
2026-01-26 21:25:00+00:00,3.89,478.5,162036
2026-01-26 21:26:00+00:00,2.84,460.4,82355
2026-01-26 21:27:00+00:00,2.56,458.9,74658
2026-01-26 21:28:00+00:00,3.30,465.0,103938
2026-01-26 21:29:00+00:00,2.31,454.5,73340
2026-01-26 21:30:00+00:00,2.44,456.7,97710
2026-01-26 21:31:00+00:00,1.69,452.6,97591
2026-01-26 21:32:00+00:00,2.24,466.9,125122
2026-01-26 21:33:00+00:00,2.90,473.0,140662
2026-01-26 21:34:00+00:00,2.54,468.4,129854
2026-01-26 21:35:00+00:00,1.66,455.8,101226
2026-01-26 21:36:00+00:00,3.63,451.8,76555
2026-01-26 21:37:00+00:00,6.62,473.8,104944
2026-01-26 21:38:00+00:00,2.11,470.3,136391
2026-01-26 21:39:00+00:00,2.18,459.0,78048
2026-01-26 21:40:00+00:00,1.05,453.4,100848
2026-01-26 21:41:00+00:00,2.98,471.8,162926
2026-01-26 21:42:00+00:00,3.26,463.9,102429
2026-01-26 21:43:00+00:00,2.42,460.1,102848
2026-01-26 21:44:00+00:00,2.90,461.0,102785
2026-01-26 21:45:00+00:00,3.60,465.0,118344
2026-01-26 21:46:00+00:00,2.26,460.0,104647
2026-01-26 21:47:00+00:00,1.77,458.1,98916
2026-01-26 21:48:00+00:00,2.80,470.5,177198
2026-01-26 21:49:00+00:00,2.64,464.5,135995
2026-01-26 21:50:00+00:00,2.61,461.6,99863
2026-01-26 21:51:00+00:00,3.51,454.4,85254
2026-01-26 21:52:00+00:00,3.98,452.8,92976
2026-01-26 21:53:00+00:00,3.04,471.9,135953
2026-01-26 21:54:00+00:00,3.54,465.7,124356
2026-01-26 21:55:00+00:00,3.29,460.3,108609
2026-01-26 21:56:00+00:00,3.28,460.8,120672
2026-01-26 21:57:00+00:00,3.18,460.7,115403
2026-01-26 21:58:00+00:00,2.86,456.9,99858
2026-01-26 21:59:00+00:00,4.50,467.2,68476
2026-01-26 22:00:00+00:00,1.82,461.4,108210
2026-01-26 22:01:00+00:00,2.17,464.4,108571
2026-01-26 22:02:00+00:00,1.98,463.3,99857
2026-01-26 22:03:00+00:00,1.90,449.3,64905
2026-01-26 22:04:00+00:00,2.03,463.7,131904
2026-01-26 22:05:00+00:00,2.13,469.1,148434
2026-01-26 22:06:00+00:00,2.54,468.6,143072
2026-01-26 22:07:00+00:00,3.50,465.5,124864
2026-01-26 22:08:00+00:00,3.63,459.4,97219
2026-01-26 22:09:00+00:00,2.38,468.0,142373
2026-01-26 22:10:00+00:00,2.25,458.2,110490
2026-01-26 22:11:00+00:00,2.40,458.5,120763
2026-01-26 22:12:00+00:00,1.96,454.4,106218
2026-01-26 22:13:00+00:00,1.82,453.3,121377
2026-01-26 22:14:00+00:00,1.86,454.2,113165
2026-01-26 22:15:00+00:00,1.57,423.4,70670
2026-01-26 22:16:00+00:00,2.05,475.9,135081
2026-01-26 22:17:00+00:00,1.91,483.7,155111
2026-01-26 22:18:00+00:00,2.08,481.3,159293
2026-01-26 22:19:00+00:00,1.84,447.7,95924
2026-01-26 22:20:00+00:00,1.69,432.5,66302
2026-01-26 22:21:00+00:00,1.89,457.2,120361
2026-01-26 22:22:00+00:00,2.03,452.9,118418
2026-01-26 22:23:00+00:00,2.06,444.6,111719
2026-01-26 22:24:00+00:00,2.16,445.8,123021
2026-01-26 22:25:00+00:00,2.51,455.2,143408
2026-01-26 22:26:00+00:00,2.02,446.4,106592
2026-01-26 22:27:00+00:00,1.88,442.6,103937
2026-01-26 22:28:00+00:00,2.46,460.0,184902
2026-01-26 22:29:00+00:00,2.41,450.2,138272
2026-01-26 22:30:00+00:00,1.81,449.6,149286
2026-01-26 22:31:00+00:00,1.11,424.4,83266
2026-01-26 22:32:00+00:00,2.43,456.0,198634
2026-01-26 22:33:00+00:00,2.65,451.4,157574
2026-01-26 22:34:00+00:00,2.54,449.6,144508
2026-01-26 22:35:00+00:00,2.22,441.0,126696
2026-01-26 22:36:00+00:00,2.54,447.3,164086
2026-01-26 22:39:00+00:00,2.44,447.5,135406
2026-01-26 22:40:00+00:00,2.26,447.4,127175
2026-01-26 22:41:00+00:00,2.26,447.1,129086
2026-01-26 22:42:00+00:00,2.34,447.5,129872
2026-01-26 22:43:00+00:00,2.34,453.7,133880
2026-01-26 22:44:00+00:00,2.00,455.6,140343
2026-01-26 22:45:00+00:00,2.15,446.7,142416
2026-01-26 22:46:00+00:00,1.97,457.8,149826
2026-01-26 22:47:00+00:00,2.15,451.6,125723
2026-01-26 22:48:00+00:00,2.30,447.0,126681
2026-01-26 22:49:00+00:00,2.13,446.2,125764
2026-01-26 22:50:00+00:00,2.04,453.5,140307
2026-01-26 22:51:00+00:00,1.89,456.1,139682
2026-01-26 22:52:00+00:00,1.85,458.4,144752
2026-01-26 22:53:00+00:00,1.86,459.8,149506
2026-01-26 22:54:00+00:00,2.01,460.8,160469
2026-01-26 22:55:00+00:00,2.07,457.6,146324
2026-01-26 22:56:00+00:00,2.05,453.3,133127
2026-01-26 22:57:00+00:00,1.86,453.4,143065
2026-01-26 22:58:00+00:00,1.89,452.4,140836
2026-01-26 22:59:00+00:00,2.18,451.0,151959
2026-01-26 23:00:00+00:00,2.30,446.5,141974
2026-01-26 23:01:00+00:00,2.25,446.9,164250
2026-01-26 23:02:00+00:00,2.48,443.9,127700
2026-01-26 23:03:00+00:00,2.36,447.5,143218
2026-01-26 23:04:00+00:00,2.31,444.4,101350
2026-01-26 23:05:00+00:00,2.22,444.6,93114
2026-01-26 23:06:00+00:00,2.05,447.5,97559
2026-01-26 23:07:00+00:00,2.54,445.7,98893
2026-01-26 23:08:00+00:00,2.44,443.7,87481
2026-01-26 23:09:00+00:00,2.04,442.9,80477
2026-01-26 23:10:00+00:00,2.11,442.8,77403
2026-01-26 23:11:00+00:00,2.34,443.6,70170
2026-01-26 23:12:00+00:00,2.53,441.8,67332
2026-01-26 23:13:00+00:00,2.79,439.0,73837
2026-01-26 23:14:00+00:00,2.46,443.5,77638
2026-01-26 23:15:00+00:00,2.52,439.7,78570
2026-01-26 23:16:00+00:00,2.66,433.3,83578
2026-01-26 23:17:00+00:00,3.15,435.2,85451
2026-01-26 23:18:00+00:00,2.78,435.3,93264
2026-01-26 23:19:00+00:00,2.87,438.8,87558
2026-01-26 23:20:00+00:00,2.80,437.5,81437
2026-01-26 23:21:00+00:00,2.62,435.4,78086
2026-01-26 23:22:00+00:00,2.81,436.3,79647
2026-01-26 23:23:00+00:00,2.96,436.5,80803
2026-01-26 23:24:00+00:00,2.92,437.3,76803
2026-01-26 23:25:00+00:00,2.76,438.0,80091
2026-01-26 23:26:00+00:00,2.66,438.1,84920
2026-01-26 23:27:00+00:00,2.84,447.9,62892
2026-01-26 23:28:00+00:00,2.93,448.4,63343
2026-01-26 23:29:00+00:00,3.01,448.5,69227
2026-01-26 23:30:00+00:00,2.87,447.1,78911
2026-01-26 23:31:00+00:00,3.05,450.6,67424
2026-01-26 23:32:00+00:00,3.16,447.3,66201
2026-01-26 23:33:00+00:00,3.19,441.4,74790
2026-01-26 23:34:00+00:00,2.70,441.0,87731
2026-01-26 23:35:00+00:00,2.71,436.3,89033
2026-01-26 23:36:00+00:00,2.96,433.0,92176
2026-01-26 23:37:00+00:00,3.04,434.0,83263
2026-01-26 23:38:00+00:00,2.90,432.1,105925
2026-01-26 23:39:00+00:00,2.97,436.3,97695
2026-01-26 23:40:00+00:00,3.22,439.8,90531
2026-01-26 23:41:00+00:00,3.08,440.1,90154
2026-01-26 23:42:00+00:00,2.99,441.7,89680
2026-01-26 23:43:00+00:00,3.21,443.4,89813
2026-01-26 23:44:00+00:00,3.32,441.2,90806
2026-01-26 23:45:00+00:00,3.40,437.4,105244
2026-01-26 23:46:00+00:00,3.43,437.2,136013
2026-01-26 23:47:00+00:00,3.12,444.0,129814
2026-01-26 23:48:00+00:00,3.22,442.8,124025
2026-01-26 23:49:00+00:00,2.94,442.7,124972
2026-01-26 23:50:00+00:00,3.19,446.0,132839
2026-01-26 23:51:00+00:00,3.09,446.5,128391
2026-01-26 23:52:00+00:00,3.08,446.1,123882
2026-01-26 23:53:00+00:00,2.76,447.2,142565
2026-01-26 23:54:00+00:00,2.97,445.9,135095
2026-01-26 23:55:00+00:00,3.23,442.7,154121
2026-01-26 23:56:00+00:00,3.31,441.1,152548
2026-01-26 23:57:00+00:00,3.04,443.5,147209
2026-01-26 23:58:00+00:00,2.81,446.2,144363
2026-01-26 23:59:00+00:00,2.79,446.7,139350
2026-01-27 00:00:00+00:00,2.77,444.1,123910
2026-01-27 00:01:00+00:00,2.83,444.3,126563
2026-01-27 00:02:00+00:00,2.99,445.1,132338
2026-01-27 00:03:00+00:00,3.02,446.3,126456
2026-01-27 00:04:00+00:00,3.08,448.8,112496
2026-01-27 00:05:00+00:00,2.40,448.7,114888
2026-01-27 00:06:00+00:00,3.01,452.3,110808
2026-01-27 00:07:00+00:00,2.95,447.7,112493
2026-01-27 00:08:00+00:00,3.02,449.0,112912
2026-01-27 00:09:00+00:00,3.17,442.0,121194
2026-01-27 00:10:00+00:00,3.42,437.9,129289
2026-01-27 00:11:00+00:00,3.37,438.7,137577
2026-01-27 00:12:00+00:00,3.34,440.2,136455
2026-01-27 00:13:00+00:00,3.38,443.0,131340
2026-01-27 00:14:00+00:00,3.19,445.6,125555
2026-01-27 00:15:00+00:00,3.07,442.9,122104
2026-01-27 00:16:00+00:00,3.10,439.3,128782
2026-01-27 00:17:00+00:00,3.00,441.6,143042
2026-01-27 00:18:00+00:00,3.05,442.4,156257
2026-01-27 00:19:00+00:00,2.33,444.8,172887
2026-01-27 00:20:00+00:00,3.21,445.7,149237
2026-01-27 00:21:00+00:00,3.02,446.0,128081
2026-01-27 00:22:00+00:00,3.34,446.3,134695
2026-01-27 00:23:00+00:00,3.29,448.0,122177
2026-01-27 00:24:00+00:00,2.94,442.7,131234
2026-01-27 00:25:00+00:00,3.18,443.3,138190
2026-01-27 00:26:00+00:00,3.44,437.2,129902
2026-01-27 00:27:00+00:00,3.91,436.0,123072
2026-01-27 00:28:00+00:00,3.86,433.8,106939
2026-01-27 00:29:00+00:00,3.62,432.1,113511
2026-01-27 00:30:00+00:00,3.23,436.5,131384
2026-01-27 00:31:00+00:00,2.92,442.2,139007
2026-01-27 00:32:00+00:00,2.92,443.6,141972
2026-01-27 00:33:00+00:00,2.96,429.5,118686
2026-01-27 00:34:00+00:00,3.02,431.1,123331
2026-01-27 00:35:00+00:00,3.23,437.3,140425
2026-01-27 00:36:00+00:00,3.32,437.7,141800
2026-01-27 00:37:00+00:00,3.53,433.0,138313
2026-01-27 00:38:00+00:00,3.61,427.5,140247
2026-01-27 00:39:00+00:00,3.73,427.6,141915
2026-01-27 00:40:00+00:00,3.93,426.4,132149
2026-01-27 00:41:00+00:00,3.68,428.6,118281
2026-01-27 00:42:00+00:00,3.89,426.6,116656
2026-01-27 00:43:00+00:00,3.78,426.8,120759
2026-01-27 00:44:00+00:00,3.83,426.1,118751
2026-01-27 00:45:00+00:00,3.99,428.2,117683
2026-01-27 00:46:00+00:00,3.92,432.2,123505
2026-01-27 00:47:00+00:00,3.59,436.2,119516
2026-01-27 00:48:00+00:00,2.86,437.0,116654
2026-01-27 00:49:00+00:00,2.30,432.7,142184
2026-01-27 00:50:00+00:00,3.05,432.6,154273
2026-01-27 00:51:00+00:00,3.33,430.3,133733
2026-01-27 00:52:00+00:00,3.00,433.0,140733
2026-01-27 00:53:00+00:00,2.94,435.7,157445
2026-01-27 00:54:00+00:00,3.23,432.9,145956
2026-01-27 00:55:00+00:00,3.19,433.2,113102
2026-01-27 00:56:00+00:00,2.62,433.3,131636
2026-01-27 00:57:00+00:00,2.61,432.1,132765
2026-01-27 00:58:00+00:00,2.99,431.4,127742
2026-01-27 00:59:00+00:00,2.75,430.2,128014
2026-01-27 01:00:00+00:00,2.95,430.8,125888
2026-01-27 01:01:00+00:00,2.86,432.4,131054
2026-01-27 01:02:00+00:00,2.84,432.6,128454
2026-01-27 01:03:00+00:00,3.12,428.5,114606
2026-01-27 01:04:00+00:00,3.18,424.8,107311
2026-01-27 01:05:00+00:00,3.20,427.4,106592
2026-01-27 01:06:00+00:00,3.32,429.1,116932
2026-01-27 01:07:00+00:00,3.28,428.7,114084
2026-01-27 01:08:00+00:00,3.02,426.7,99635
2026-01-27 01:09:00+00:00,2.87,427.8,118417
2026-01-27 01:10:00+00:00,3.23,435.5,129498
2026-01-27 01:11:00+00:00,3.69,430.5,121870
2026-01-27 01:12:00+00:00,3.42,429.5,122909
2026-01-27 01:13:00+00:00,3.46,429.1,115214
2026-01-27 01:14:00+00:00,3.48,430.7,115813
2026-01-27 01:15:00+00:00,3.35,432.9,115915
2026-01-27 01:16:00+00:00,3.33,433.0,117761
2026-01-27 01:17:00+00:00,3.05,440.6,103420
2026-01-27 01:18:00+00:00,2.76,445.8,83172
2026-01-27 01:19:00+00:00,2.94,438.9,87332
2026-01-27 01:20:00+00:00,3.47,430.3,107375
2026-01-27 01:21:00+00:00,3.59,430.8,113758
2026-01-27 01:22:00+00:00,3.17,435.5,115414
2026-01-27 01:23:00+00:00,3.81,428.6,114541
2026-01-27 01:24:00+00:00,3.66,425.1,106854
2026-01-27 01:25:00+00:00,3.28,432.6,117840
2026-01-27 01:26:00+00:00,2.60,438.3,76276
2026-01-27 01:27:00+00:00,3.35,442.0,116373
2026-01-27 01:28:00+00:00,2.59,446.5,89925
2026-01-27 01:29:00+00:00,2.95,447.5,88070
2026-01-27 01:30:00+00:00,3.26,443.9,101368
2026-01-27 01:31:00+00:00,3.29,440.6,103803
2026-01-27 01:32:00+00:00,3.02,443.7,96432
2026-01-27 01:33:00+00:00,3.08,445.5,99124
2026-01-27 01:34:00+00:00,3.05,438.2,110904
2026-01-27 01:35:00+00:00,2.52,438.1,107947
2026-01-27 01:36:00+00:00,2.48,443.7,104838
2026-01-27 01:37:00+00:00,3.17,434.8,119603
2026-01-27 01:38:00+00:00,3.10,433.1,108060
2026-01-27 01:39:00+00:00,2.82,433.4,127337
2026-01-27 01:40:00+00:00,2.83,433.4,127119
2026-01-27 01:41:00+00:00,3.01,433.3,124405
2026-01-27 01:42:00+00:00,3.57,434.5,105726
2026-01-27 01:43:00+00:00,2.97,444.9,86139
2026-01-27 01:44:00+00:00,3.15,443.3,92803
2026-01-27 01:45:00+00:00,3.48,438.4,95647
2026-01-27 01:46:00+00:00,3.35,438.4,91839
2026-01-27 01:47:00+00:00,3.31,438.0,91500
2026-01-27 01:48:00+00:00,3.39,436.1,94502
2026-01-27 01:49:00+00:00,3.43,436.4,96944
2026-01-27 01:50:00+00:00,3.28,437.2,93486
2026-01-27 01:51:00+00:00,3.20,437.0,90540
2026-01-27 01:52:00+00:00,3.21,438.0,90660
2026-01-27 01:53:00+00:00,3.00,439.3,86908
2026-01-27 01:54:00+00:00,3.09,437.6,90263
2026-01-27 01:55:00+00:00,3.35,433.2,100185
2026-01-27 01:56:00+00:00,2.60,434.0,85709
2026-01-27 01:57:00+00:00,2.75,448.3,69943
2026-01-27 01:58:00+00:00,3.13,444.1,68356
2026-01-27 01:59:00+00:00,3.48,443.1,65404
2026-01-27 02:00:00+00:00,2.99,442.3,73352
2026-01-27 02:01:00+00:00,3.01,444.6,78144
2026-01-27 02:02:00+00:00,3.64,440.6,75034
2026-01-27 02:03:00+00:00,3.33,443.9,76127
2026-01-27 02:04:00+00:00,2.99,446.9,72398
2026-01-27 02:05:00+00:00,2.84,446.0,71640
2026-01-27 02:06:00+00:00,2.94,446.0,77896
2026-01-27 02:07:00+00:00,2.87,446.4,81539
2026-01-27 02:08:00+00:00,2.68,445.5,83196
2026-01-27 02:09:00+00:00,3.19,444.0,87885
2026-01-27 02:10:00+00:00,3.55,439.5,87447
2026-01-27 02:11:00+00:00,3.27,439.5,96623
2026-01-27 02:12:00+00:00,4.02,437.2,91346
2026-01-27 02:13:00+00:00,4.02,437.3,91203
2026-01-27 02:14:00+00:00,4.17,439.4,82781
2026-01-27 02:15:00+00:00,3.55,441.4,78405
2026-01-27 02:16:00+00:00,4.26,437.0,89141
2026-01-27 02:17:00+00:00,3.60,438.0,91683
2026-01-27 02:18:00+00:00,3.12,439.8,87805
2026-01-27 02:19:00+00:00,3.70,435.9,94343
2026-01-27 02:20:00+00:00,3.84,437.4,94697
2026-01-27 02:21:00+00:00,3.72,438.4,102825
2026-01-27 02:22:00+00:00,3.87,434.3,111147
2026-01-27 02:23:00+00:00,3.70,428.9,118779
2026-01-27 02:24:00+00:00,3.40,427.0,128058
2026-01-27 02:25:00+00:00,3.78,429.4,124958
2026-01-27 02:26:00+00:00,3.97,430.3,117859
2026-01-27 02:27:00+00:00,4.21,432.0,94569
2026-01-27 02:28:00+00:00,3.78,440.5,86182
2026-01-27 02:29:00+00:00,3.19,443.7,100928
2026-01-27 02:30:00+00:00,3.48,446.9,82046
2026-01-27 02:31:00+00:00,3.17,447.5,78062
2026-01-27 02:32:00+00:00,3.43,442.0,110855
2026-01-27 02:33:00+00:00,3.91,433.2,135045
2026-01-27 02:34:00+00:00,3.92,429.4,130686
2026-01-27 02:35:00+00:00,3.80,426.1,114608
2026-01-27 02:36:00+00:00,3.76,424.1,102666
2026-01-27 02:37:00+00:00,3.81,424.0,104691
2026-01-27 02:38:00+00:00,3.81,424.4,108281
2026-01-27 02:39:00+00:00,3.55,424.9,106784
2026-01-27 02:40:00+00:00,3.48,425.9,98250
2026-01-27 02:41:00+00:00,3.85,426.6,83794
2026-01-27 02:42:00+00:00,3.70,426.9,85092
2026-01-27 02:43:00+00:00,3.70,425.1,88077
2026-01-27 02:44:00+00:00,3.95,422.8,98948
2026-01-27 02:45:00+00:00,3.85,,
2026-01-27 02:46:00+00:00,3.85,427.3,99048
2026-01-27 02:47:00+00:00,3.91,426.3,101786
2026-01-27 02:48:00+00:00,3.22,425.7,105819
2026-01-27 02:49:00+00:00,3.73,424.3,96735
2026-01-27 02:50:00+00:00,4.01,424.0,89824
2026-01-27 02:51:00+00:00,3.62,423.0,89124
2026-01-27 02:52:00+00:00,3.67,423.2,101910
2026-01-27 02:53:00+00:00,3.78,424.0,104620
2026-01-27 02:54:00+00:00,3.84,424.5,107055
2026-01-27 02:55:00+00:00,3.76,426.0,115450
2026-01-27 02:56:00+00:00,3.65,428.1,115081
2026-01-27 02:57:00+00:00,3.73,427.9,112027
2026-01-27 02:58:00+00:00,3.23,427.6,112477
2026-01-27 02:59:00+00:00,3.32,434.5,103061
2026-01-27 03:00:00+00:00,3.42,431.7,110555
2026-01-27 03:01:00+00:00,3.52,428.5,105595
2026-01-27 03:02:00+00:00,3.67,427.4,98310
2026-01-27 03:03:00+00:00,3.72,425.5,95761
2026-01-27 03:04:00+00:00,4.10,424.5,87607
2026-01-27 03:05:00+00:00,4.13,423.6,88183
2026-01-27 03:06:00+00:00,4.17,423.1,86979
2026-01-27 03:07:00+00:00,3.93,426.2,95335
2026-01-27 03:08:00+00:00,3.51,428.3,91268
2026-01-27 03:09:00+00:00,3.38,428.7,89550
2026-01-27 03:10:00+00:00,3.38,430.5,96607
2026-01-27 03:11:00+00:00,3.22,435.1,97686
2026-01-27 03:12:00+00:00,3.18,436.4,96578
2026-01-27 03:13:00+00:00,3.52,431.3,102858
2026-01-27 03:14:00+00:00,3.69,430.1,99153
2026-01-27 03:15:00+00:00,3.30,434.1,93547
2026-01-27 03:16:00+00:00,3.35,436.1,94954
2026-01-27 03:17:00+00:00,3.83,428.6,90267
2026-01-27 03:19:00+00:00,3.01,429.8,89099
2026-01-27 03:20:00+00:00,3.53,431.9,93185
2026-01-27 03:21:00+00:00,3.47,431.3,88558
2026-01-27 03:22:00+00:00,3.60,429.5,87914
2026-01-27 03:23:00+00:00,3.52,429.7,83471
2026-01-27 03:24:00+00:00,3.79,427.2,92515
2026-01-27 03:25:00+00:00,4.08,424.5,94335
2026-01-27 03:26:00+00:00,3.92,426.3,91160
2026-01-27 03:27:00+00:00,3.88,426.7,91099
2026-01-27 03:28:00+00:00,4.18,424.0,89957
2026-01-27 03:29:00+00:00,4.11,424.5,89861
2026-01-27 03:30:00+00:00,3.88,423.1,87355
2026-01-27 03:31:00+00:00,3.86,422.7,86250
2026-01-27 03:32:00+00:00,4.15,424.9,81409
2026-01-27 03:33:00+00:00,4.01,423.6,86945
2026-01-27 03:34:00+00:00,3.82,422.7,84281
2026-01-27 03:35:00+00:00,3.78,423.4,87008
2026-01-27 03:36:00+00:00,4.02,422.7,93083
2026-01-27 03:37:00+00:00,4.21,423.1,94072
2026-01-27 03:38:00+00:00,4.11,423.7,86343
2026-01-27 03:39:00+00:00,4.04,423.2,94141
2026-01-27 03:40:00+00:00,3.99,422.9,99767
2026-01-27 03:41:00+00:00,3.97,421.2,91702
2026-01-27 03:42:00+00:00,3.93,420.9,86937
2026-01-27 03:43:00+00:00,3.93,422.1,91792
2026-01-27 03:44:00+00:00,3.92,422.5,92035
2026-01-27 03:45:00+00:00,3.80,422.7,86920
2026-01-27 03:46:00+00:00,3.75,422.3,89570
2026-01-27 03:47:00+00:00,3.55,423.3,91721
2026-01-27 03:48:00+00:00,4.06,423.6,91658
2026-01-27 03:49:00+00:00,3.92,422.9,89012
2026-01-27 03:50:00+00:00,3.84,423.3,76510
2026-01-27 03:51:00+00:00,3.84,,
2026-01-27 03:52:00+00:00,3.93,424.2,71623
2026-01-27 03:53:00+00:00,3.95,425.8,66048
2026-01-27 03:54:00+00:00,3.92,424.8,71935
2026-01-27 03:55:00+00:00,4.04,424.8,70068
2026-01-27 03:56:00+00:00,3.96,426.8,68537
2026-01-27 03:57:00+00:00,4.01,428.3,67126
2026-01-27 03:58:00+00:00,3.82,428.7,65384
2026-01-27 04:00:00+00:00,4.14,425.6,74087
2026-01-27 04:01:00+00:00,4.08,426.0,71732
2026-01-27 04:02:00+00:00,3.98,427.7,65409
2026-01-27 04:03:00+00:00,4.08,429.8,65101
2026-01-27 04:04:00+00:00,3.98,427.6,70932
2026-01-27 04:05:00+00:00,4.06,427.1,71151
2026-01-27 04:06:00+00:00,3.84,428.7,65100
2026-01-27 04:07:00+00:00,3.84,428.2,60206
2026-01-27 04:08:00+00:00,4.02,427.6,65273
2026-01-27 04:09:00+00:00,3.77,428.7,60964
2026-01-27 04:10:00+00:00,3.71,428.1,64585
2026-01-27 04:11:00+00:00,3.70,427.2,65965
2026-01-27 04:12:00+00:00,3.66,424.7,67119
2026-01-27 04:13:00+00:00,3.53,425.5,64513
2026-01-27 04:14:00+00:00,3.39,422.8,71508
2026-01-27 04:15:00+00:00,3.46,418.1,84954
2026-01-27 04:16:00+00:00,3.79,417.0,88264
2026-01-27 04:17:00+00:00,4.03,414.6,88038
2026-01-27 04:18:00+00:00,3.84,414.2,90675
2026-01-27 04:19:00+00:00,3.78,414.1,86323
2026-01-27 04:20:00+00:00,3.85,411.9,82923
2026-01-27 04:21:00+00:00,3.96,412.3,81239
2026-01-27 04:22:00+00:00,3.72,412.6,82880
2026-01-27 04:23:00+00:00,3.79,413.3,80452
2026-01-27 04:24:00+00:00,3.80,413.4,80324
2026-01-27 04:25:00+00:00,4.28,416.5,89279
2026-01-27 04:26:00+00:00,3.85,414.5,95206
2026-01-27 04:27:00+00:00,4.02,415.6,99037
2026-01-27 04:28:00+00:00,3.90,416.6,101246
2026-01-27 04:29:00+00:00,3.95,415.5,93445
2026-01-27 04:30:00+00:00,3.85,416.2,87445
2026-01-27 04:31:00+00:00,3.73,417.5,76430
2026-01-27 04:32:00+00:00,3.89,417.3,61585
2026-01-27 04:33:00+00:00,3.76,417.9,66018
2026-01-27 04:34:00+00:00,3.90,417.4,66551
2026-01-27 04:35:00+00:00,3.88,417.4,64360
2026-01-27 04:36:00+00:00,3.74,415.7,61615
2026-01-27 04:37:00+00:00,3.81,416.5,61287
2026-01-27 04:38:00+00:00,3.79,415.1,58954
2026-01-27 04:39:00+00:00,3.81,416.8,63745
2026-01-27 04:40:00+00:00,3.85,416.7,64622
2026-01-27 04:41:00+00:00,3.79,415.1,60265
2026-01-27 04:42:00+00:00,3.32,415.4,61371
2026-01-27 04:43:00+00:00,3.51,415.4,62138
2026-01-27 04:44:00+00:00,3.74,415.0,59191
2026-01-27 04:45:00+00:00,3.61,414.5,59335
2026-01-27 04:46:00+00:00,3.59,414.9,62811
2026-01-27 04:47:00+00:00,3.74,415.6,68617
2026-01-27 04:48:00+00:00,3.70,416.4,73049
2026-01-27 04:49:00+00:00,3.57,417.0,69898
2026-01-27 04:50:00+00:00,3.56,414.6,66357
2026-01-27 04:51:00+00:00,3.68,416.0,67630
2026-01-27 04:52:00+00:00,3.53,416.3,74212
2026-01-27 04:53:00+00:00,3.64,416.2,74770
2026-01-27 04:54:00+00:00,3.08,416.8,62833
2026-01-27 04:55:00+00:00,3.70,417.8,74684
2026-01-27 04:56:00+00:00,3.57,417.0,66389
2026-01-27 04:57:00+00:00,3.54,416.9,65211
2026-01-27 04:58:00+00:00,3.34,416.7,57995
2026-01-27 04:59:00+00:00,3.45,415.6,59725
2026-01-27 05:00:00+00:00,3.44,414.9,61056
2026-01-27 05:01:00+00:00,3.45,413.6,62109
2026-01-27 05:02:00+00:00,3.36,412.5,65273
2026-01-27 05:03:00+00:00,3.28,412.7,67916
2026-01-27 05:04:00+00:00,3.35,412.8,67283
2026-01-27 05:05:00+00:00,3.31,412.6,67790
2026-01-27 05:06:00+00:00,3.37,414.4,72914
2026-01-27 05:07:00+00:00,3.43,415.9,77550
2026-01-27 05:08:00+00:00,3.36,416.4,73926
2026-01-27 05:09:00+00:00,3.64,422.1,97852
2026-01-27 05:10:00+00:00,3.10,419.7,95670
2026-01-27 05:11:00+00:00,3.60,419.7,101954
2026-01-27 05:12:00+00:00,3.82,420.8,92679
2026-01-27 05:13:00+00:00,4.53,426.4,112630
2026-01-27 05:14:00+00:00,3.81,421.8,107816
2026-01-27 05:15:00+00:00,3.39,417.6,104133
2026-01-27 05:16:00+00:00,3.47,415.2,98866
2026-01-27 05:17:00+00:00,3.52,414.6,92834
2026-01-27 05:18:00+00:00,3.51,414.3,91758
2026-01-27 05:19:00+00:00,3.56,414.9,89908
2026-01-27 05:20:00+00:00,3.65,416.9,80379
2026-01-27 05:21:00+00:00,3.63,417.0,71364
2026-01-27 05:22:00+00:00,3.29,416.1,72004
2026-01-27 05:23:00+00:00,3.47,416.1,71484
2026-01-27 05:24:00+00:00,3.27,417.0,68929
2026-01-27 05:25:00+00:00,3.41,418.1,65192
2026-01-27 05:26:00+00:00,2.92,417.6,63879
2026-01-27 05:27:00+00:00,3.44,416.8,63821
2026-01-27 05:28:00+00:00,3.60,417.8,73999
2026-01-27 05:29:00+00:00,3.56,416.4,72917
2026-01-27 05:30:00+00:00,3.55,416.1,72373
2026-01-27 05:31:00+00:00,3.99,417.6,73628
2026-01-27 05:32:00+00:00,3.76,417.8,71290
2026-01-27 05:33:00+00:00,3.49,416.9,67604
2026-01-27 05:34:00+00:00,3.42,415.7,68010
2026-01-27 05:35:00+00:00,3.54,415.6,70412
2026-01-27 05:36:00+00:00,3.55,415.6,69432
2026-01-27 05:37:00+00:00,3.23,415.2,67326
2026-01-27 05:38:00+00:00,3.02,415.5,69130
2026-01-27 05:39:00+00:00,3.43,416.3,76604
2026-01-27 05:40:00+00:00,3.65,416.1,69662
2026-01-27 05:41:00+00:00,3.29,416.2,72253
2026-01-27 05:42:00+00:00,3.50,415.1,68095
2026-01-27 05:43:00+00:00,3.43,415.1,72224
2026-01-27 05:44:00+00:00,3.56,414.7,67114
2026-01-27 05:45:00+00:00,3.29,415.9,72652
2026-01-27 05:46:00+00:00,3.49,417.8,67303
2026-01-27 05:47:00+00:00,3.47,417.7,65552
2026-01-27 05:48:00+00:00,3.49,416.6,66030
2026-01-27 05:49:00+00:00,3.27,416.5,67451
2026-01-27 05:50:00+00:00,3.33,417.4,68624
2026-01-27 05:51:00+00:00,3.52,417.4,69211
2026-01-27 05:52:00+00:00,3.40,416.5,68960
2026-01-27 05:53:00+00:00,3.34,416.7,67560
2026-01-27 05:54:00+00:00,3.10,417.1,69231
2026-01-27 05:55:00+00:00,3.45,416.4,73110
2026-01-27 05:56:00+00:00,3.29,416.4,71865
2026-01-27 05:57:00+00:00,3.48,415.7,71404
2026-01-27 05:58:00+00:00,3.21,414.4,68376
2026-01-27 05:59:00+00:00,3.36,415.6,70893
2026-01-27 06:00:00+00:00,3.41,416.3,72507
2026-01-27 06:01:00+00:00,3.07,421.4,83192
2026-01-27 06:02:00+00:00,2.91,422.9,88045
2026-01-27 06:03:00+00:00,2.89,423.1,88878
2026-01-27 06:04:00+00:00,3.31,424.4,90740
2026-01-27 06:05:00+00:00,2.97,424.1,91381
2026-01-27 06:06:00+00:00,3.00,423.3,89063
2026-01-27 06:07:00+00:00,3.25,421.5,82793
2026-01-27 06:08:00+00:00,3.18,419.9,76413
2026-01-27 06:09:00+00:00,3.26,419.9,73950
2026-01-27 06:10:00+00:00,3.20,419.4,78294
2026-01-27 06:11:00+00:00,3.11,418.9,83069
2026-01-27 06:12:00+00:00,3.15,415.0,72165
2026-01-27 06:13:00+00:00,3.09,415.3,72844
2026-01-27 06:14:00+00:00,3.14,414.5,73259
2026-01-27 06:15:00+00:00,3.15,415.6,74962
2026-01-27 06:16:00+00:00,3.17,414.4,76796
2026-01-27 06:17:00+00:00,2.94,415.7,82277
2026-01-27 06:18:00+00:00,3.02,416.3,89175
2026-01-27 06:19:00+00:00,3.09,416.3,92221
2026-01-27 06:20:00+00:00,3.06,416.5,91306
2026-01-27 06:21:00+00:00,3.21,418.1,86905
2026-01-27 06:22:00+00:00,3.37,419.2,84141
2026-01-27 06:23:00+00:00,3.38,421.1,88775
2026-01-27 06:24:00+00:00,3.18,422.1,92839
2026-01-27 06:25:00+00:00,2.86,418.3,85164
2026-01-27 06:26:00+00:00,3.01,416.7,77822
2026-01-27 06:27:00+00:00,3.09,415.1,82613
2026-01-27 06:28:00+00:00,3.19,413.8,80659
2026-01-27 06:29:00+00:00,2.94,413.4,80326
2026-01-27 06:30:00+00:00,3.33,412.9,81516
2026-01-27 06:31:00+00:00,3.25,412.2,76858
2026-01-27 06:32:00+00:00,2.91,416.7,74062
2026-01-27 06:33:00+00:00,2.45,417.5,83064
2026-01-27 06:34:00+00:00,2.62,418.3,82285
2026-01-27 06:35:00+00:00,2.58,419.6,81258
2026-01-27 06:36:00+00:00,2.52,420.0,81227
2026-01-27 06:37:00+00:00,2.81,414.9,87594
2026-01-27 06:38:00+00:00,2.95,413.2,85275
2026-01-27 06:39:00+00:00,3.29,414.8,84302
2026-01-27 06:40:00+00:00,3.61,418.9,86569
2026-01-27 06:41:00+00:00,3.68,418.4,88245
2026-01-27 06:42:00+00:00,3.72,419.5,92494
2026-01-27 06:43:00+00:00,3.70,418.9,95073
2026-01-27 06:44:00+00:00,3.63,419.3,94240
2026-01-27 06:45:00+00:00,3.27,417.3,96492
2026-01-27 06:46:00+00:00,3.66,415.7,103464
2026-01-27 06:47:00+00:00,3.48,414.5,104483
2026-01-27 06:48:00+00:00,3.69,414.7,103077
2026-01-27 06:49:00+00:00,3.27,415.3,104480
2026-01-27 06:50:00+00:00,3.38,414.4,101651
2026-01-27 06:51:00+00:00,3.30,414.8,101354
2026-01-27 06:52:00+00:00,3.27,415.0,101024
2026-01-27 06:53:00+00:00,3.27,416.3,99022
2026-01-27 06:54:00+00:00,3.26,417.7,98745
2026-01-27 06:55:00+00:00,3.20,418.2,99575
2026-01-27 06:56:00+00:00,3.10,418.9,99285
2026-01-27 06:57:00+00:00,3.04,419.3,97641
2026-01-27 06:58:00+00:00,2.90,419.0,93295
2026-01-27 06:59:00+00:00,3.09,419.8,93374
2026-01-27 07:00:00+00:00,2.94,422.3,91652
2026-01-27 07:01:00+00:00,2.74,421.0,91742
2026-01-27 07:02:00+00:00,2.81,420.3,89635
2026-01-27 07:03:00+00:00,2.87,418.5,91645
2026-01-27 07:04:00+00:00,2.87,419.8,90508
2026-01-27 07:05:00+00:00,3.24,420.3,95511
2026-01-27 07:06:00+00:00,3.11,414.3,76930
2026-01-27 07:07:00+00:00,3.04,412.3,70349
2026-01-27 08:08:00+00:00,2.78,406.4,77556
2026-01-27 08:09:00+00:00,1.91,398.7,59991
2026-01-27 08:10:00+00:00,2.58,407.7,73979
2026-01-27 08:11:00+00:00,3.03,412.8,85210
2026-01-27 08:12:00+00:00,2.92,414.5,93338
2026-01-27 08:13:00+00:00,2.26,403.8,67574
2026-01-27 08:14:00+00:00,2.51,406.1,78880
2026-01-27 08:15:00+00:00,3.24,418.5,116595
2026-01-27 08:16:00+00:00,3.59,423.6,134914
2026-01-27 08:17:00+00:00,3.45,420.6,122949
2026-01-27 08:18:00+00:00,3.06,412.6,91781
2026-01-27 08:19:00+00:00,2.97,411.2,92251
2026-01-27 08:20:00+00:00,3.35,411.5,109865
2026-01-27 08:21:00+00:00,2.22,407.2,70716
2026-01-27 08:22:00+00:00,3.18,415.5,90828
2026-01-27 08:23:00+00:00,3.50,416.5,103570
2026-01-27 08:24:00+00:00,2.91,419.6,106868
2026-01-27 08:25:00+00:00,1.89,402.8,59454
2026-01-27 08:26:00+00:00,2.82,408.8,79298
2026-01-27 08:27:00+00:00,3.26,414.3,97019
2026-01-27 08:28:00+00:00,3.41,415.7,98740
2026-01-27 08:29:00+00:00,2.88,409.0,74932
2026-01-27 08:30:00+00:00,2.89,411.2,83209
2026-01-27 08:31:00+00:00,3.42,420.0,114937
2026-01-27 08:32:00+00:00,2.83,416.2,93638
2026-01-27 08:33:00+00:00,2.01,410.3,55622
2026-01-27 08:34:00+00:00,2.78,416.5,81719
2026-01-27 08:35:00+00:00,3.17,414.5,89284
2026-01-27 08:36:00+00:00,2.99,410.1,81885
2026-01-27 08:37:00+00:00,1.86,403.6,59213
2026-01-27 08:38:00+00:00,3.12,411.5,87149
2026-01-27 08:39:00+00:00,3.42,419.1,113017
2026-01-27 08:40:00+00:00,3.06,415.4,104247
2026-01-27 08:41:00+00:00,2.01,398.8,57824
2026-01-27 08:42:00+00:00,2.79,405.0,80529
2026-01-27 08:43:00+00:00,3.20,410.6,92807
2026-01-27 08:44:00+00:00,3.36,414.7,109945
2026-01-27 08:45:00+00:00,2.92,410.8,88155
2026-01-27 08:46:00+00:00,2.71,409.2,73351
2026-01-27 08:47:00+00:00,3.03,413.2,89006
2026-01-27 08:48:00+00:00,3.15,414.2,93824
2026-01-27 08:49:00+00:00,2.95,412.6,85814
2026-01-27 08:50:00+00:00,3.00,412.5,88709
2026-01-27 08:51:00+00:00,3.05,411.6,94270
2026-01-27 08:52:00+00:00,2.22,407.6,64859
2026-01-27 08:53:00+00:00,1.84,401.3,47472
2026-01-27 08:54:00+00:00,3.05,411.9,77875
2026-01-27 08:55:00+00:00,3.51,418.6,101872
2026-01-27 08:56:00+00:00,2.93,411.1,77238
2026-01-27 08:57:00+00:00,2.13,402.3,50016
2026-01-27 08:58:00+00:00,2.85,408.9,68943
2026-01-27 08:59:00+00:00,3.50,416.2,95993
2026-01-27 09:00:00+00:00,3.32,414.0,99111
2026-01-27 09:01:00+00:00,2.84,411.4,84110
2026-01-27 09:02:00+00:00,2.69,411.5,79856
2026-01-27 09:03:00+00:00,2.70,410.6,81703
2026-01-27 09:04:00+00:00,2.29,406.1,69691
2026-01-27 09:05:00+00:00,2.23,406.2,77390
2026-01-27 09:06:00+00:00,3.40,419.8,120890
2026-01-27 09:07:00+00:00,2.86,413.5,89237
2026-01-27 09:08:00+00:00,2.58,410.7,80496
2026-01-27 09:09:00+00:00,2.15,400.1,57258
2026-01-27 09:10:00+00:00,3.00,413.3,84747
2026-01-27 09:11:00+00:00,3.37,412.9,99551
2026-01-27 09:12:00+00:00,3.20,414.4,99083
2026-01-27 09:13:00+00:00,2.82,410.4,84099
2026-01-27 09:14:00+00:00,2.95,410.8,83241
2026-01-27 09:15:00+00:00,3.12,411.5,97051
2026-01-27 09:16:00+00:00,2.21,402.7,70097
2026-01-27 09:17:00+00:00,2.72,406.7,88694
2026-01-27 09:18:00+00:00,3.51,409.8,111166
2026-01-27 09:19:00+00:00,3.15,408.2,106294
2026-01-27 09:20:00+00:00,2.44,406.4,93003
2026-01-27 09:21:00+00:00,1.69,394.4,54547
2026-01-27 09:22:00+00:00,3.26,404.0,93328
2026-01-27 09:23:00+00:00,3.29,406.5,100287
2026-01-27 09:24:00+00:00,3.48,419.6,137269
2026-01-27 09:25:00+00:00,3.45,411.7,110170
2026-01-27 09:26:00+00:00,3.40,409.2,103745
2026-01-27 09:27:00+00:00,3.64,410.7,116275
2026-01-27 09:28:00+00:00,3.24,407.9,99028
2026-01-27 09:29:00+00:00,3.69,410.8,114643
2026-01-27 09:30:00+00:00,3.68,406.2,111832
2026-01-27 09:31:00+00:00,3.55,407.7,116838
2026-01-27 09:32:00+00:00,2.74,401.5,92873
2026-01-27 09:33:00+00:00,3.50,405.8,109500
2026-01-27 09:34:00+00:00,4.20,410.3,124246
2026-01-27 09:35:00+00:00,3.87,408.3,116691
2026-01-27 09:36:00+00:00,3.33,404.6,102991
2026-01-27 09:37:00+00:00,2.91,400.1,86232
2026-01-27 09:38:00+00:00,4.32,412.3,143425
2026-01-27 09:39:00+00:00,3.91,408.7,126323
2026-01-27 09:40:00+00:00,3.97,408.0,128333
2026-01-27 09:41:00+00:00,3.87,408.8,129768
2026-01-27 09:42:00+00:00,3.80,407.1,120172
2026-01-27 09:43:00+00:00,3.78,410.4,129572
2026-01-27 09:44:00+00:00,2.78,400.0,80290
2026-01-27 09:45:00+00:00,4.13,412.1,137474
2026-01-27 09:46:00+00:00,4.23,412.1,125805
2026-01-27 09:47:00+00:00,3.99,414.3,126415
2026-01-27 09:48:00+00:00,3.19,403.3,83797
2026-01-27 09:49:00+00:00,3.91,410.7,128590
2026-01-27 09:50:00+00:00,4.29,416.9,160333
2026-01-27 09:51:00+00:00,3.72,411.1,133487
2026-01-27 09:52:00+00:00,3.54,410.1,125487
2026-01-27 09:53:00+00:00,3.49,409.1,117364
2026-01-27 09:54:00+00:00,4.52,417.9,160078
2026-01-27 09:55:00+00:00,2.67,397.7,66999
2026-01-27 09:56:00+00:00,2.86,400.0,77872
2026-01-27 09:57:00+00:00,4.92,425.3,196246
2026-01-27 09:58:00+00:00,4.29,413.9,124063
2026-01-27 09:59:00+00:00,5.18,423.5,95820
2026-01-27 10:04:00+00:00,1.84,406.5,75184
2026-01-27 10:05:00+00:00,3.59,413.6,99262
2026-01-27 10:06:00+00:00,5.43,422.2,106609
2026-01-27 10:07:00+00:00,6.03,422.9,122014
2026-01-27 10:08:00+00:00,4.69,419.0,140520
2026-01-27 10:09:00+00:00,4.22,420.0,101674
2026-01-27 10:10:00+00:00,4.04,427.1,114361
2026-01-27 10:11:00+00:00,4.76,427.6,133919
2026-01-27 10:12:00+00:00,5.33,406.5,54996
2026-01-27 10:13:00+00:00,5.24,425.4,156994
2026-01-27 10:14:00+00:00,4.37,421.1,116385
2026-01-27 10:15:00+00:00,4.28,426.4,125322
2026-01-27 10:16:00+00:00,5.47,405.9,70135
2026-01-27 10:17:00+00:00,4.28,425.9,151397
2026-01-27 10:18:00+00:00,4.19,430.8,167753
2026-01-27 10:19:00+00:00,3.76,421.6,131411
2026-01-27 10:20:00+00:00,3.50,416.3,120630
2026-01-27 10:21:00+00:00,3.61,415.4,131254
2026-01-27 10:22:00+00:00,3.56,414.7,130650
2026-01-27 10:23:00+00:00,3.49,416.3,129942
2026-01-27 10:24:00+00:00,3.89,419.9,152659
2026-01-27 10:25:00+00:00,4.09,420.7,165804
2026-01-27 10:26:00+00:00,3.50,420.8,136314
2026-01-27 10:27:00+00:00,3.52,423.4,147145
2026-01-27 10:28:00+00:00,2.03,399.8,72661
2026-01-27 10:29:00+00:00,2.05,400.1,73654
2026-01-27 10:30:00+00:00,3.21,422.7,132238
2026-01-27 10:31:00+00:00,3.45,433.0,156437
2026-01-27 10:32:00+00:00,3.47,415.4,89719
2026-01-27 10:33:00+00:00,3.84,430.0,138269
2026-01-27 10:34:00+00:00,3.44,424.6,121276
2026-01-27 10:35:00+00:00,3.45,423.1,117785
2026-01-27 10:36:00+00:00,3.25,421.4,108347
2026-01-27 10:37:00+00:00,3.63,423.1,105182
2026-01-27 10:38:00+00:00,4.15,426.9,116434
2026-01-27 10:39:00+00:00,3.65,421.8,98187
2026-01-27 10:40:00+00:00,5.39,419.4,68484
2026-01-27 10:41:00+00:00,8.31,430.1,84917
2026-01-27 10:42:00+00:00,3.96,428.3,99023
2026-01-27 10:43:00+00:00,4.05,429.7,107741
2026-01-27 10:44:00+00:00,2.46,402.1,48145
2026-01-27 10:45:00+00:00,4.34,445.9,162073
2026-01-27 10:46:00+00:00,3.93,426.5,96080
2026-01-27 10:47:00+00:00,3.99,430.5,103012
2026-01-27 10:48:00+00:00,2.70,415.7,66564
2026-01-27 10:49:00+00:00,3.45,427.6,105017
2026-01-27 10:50:00+00:00,3.77,430.4,102900
2026-01-27 10:51:00+00:00,3.21,429.7,80486
2026-01-27 10:52:00+00:00,3.70,436.6,98594
2026-01-27 10:53:00+00:00,4.10,436.0,107672
2026-01-27 10:54:00+00:00,4.01,431.9,102728
2026-01-27 10:55:00+00:00,3.28,420.2,76436
2026-01-27 10:56:00+00:00,2.88,419.1,60217
2026-01-27 10:57:00+00:00,3.87,443.2,85927
2026-01-27 10:58:00+00:00,3.81,433.1,49557
2026-01-27 10:59:00+00:00,4.16,435.0,56245
2026-01-27 11:00:00+00:00,1.94,408.5,18812
2026-01-27 11:01:00+00:00,3.39,,
2026-01-27 11:02:00+00:00,3.39,431.0,39450
2026-01-27 11:03:00+00:00,3.17,426.3,40026
2026-01-27 11:04:00+00:00,2.14,421.6,47473
2026-01-27 11:05:00+00:00,11.13,442.7,35979
2026-01-27 11:06:00+00:00,6.52,433.8,37676
2026-01-27 11:07:00+00:00,2.35,411.2,23174
2026-01-27 11:08:00+00:00,3.08,435.5,58858
2026-01-27 11:09:00+00:00,4.90,446.1,79070
2026-01-27 11:10:00+00:00,4.31,437.1,57464
2026-01-27 11:11:00+00:00,2.40,419.6,39708
2026-01-27 11:12:00+00:00,2.27,404.6,68118
2026-01-27 11:13:00+00:00,3.73,423.2,111013
2026-01-27 11:14:00+00:00,4.48,433.3,93216
2026-01-27 11:15:00+00:00,4.97,431.9,117895
2026-01-27 11:16:00+00:00,2.46,411.9,59211
2026-01-27 11:17:00+00:00,4.29,431.9,102616
2026-01-27 11:18:00+00:00,3.29,420.1,85816
2026-01-27 11:19:00+00:00,2.81,410.9,72575
2026-01-27 11:20:00+00:00,3.34,419.9,93274
2026-01-27 11:21:00+00:00,3.71,427.5,105667
2026-01-27 11:22:00+00:00,3.88,429.6,114086
2026-01-27 11:23:00+00:00,2.13,407.5,67937
2026-01-27 11:24:00+00:00,2.89,411.4,86961
2026-01-27 11:25:00+00:00,3.44,416.7,105286
2026-01-27 11:26:00+00:00,3.16,415.2,101926
2026-01-27 11:27:00+00:00,3.04,411.4,94403
2026-01-27 11:28:00+00:00,3.20,409.2,96034
2026-01-27 11:29:00+00:00,3.78,417.2,118628
2026-01-27 11:30:00+00:00,3.03,412.0,98950
2026-01-27 11:31:00+00:00,2.85,411.8,97319
2026-01-27 11:32:00+00:00,3.38,415.0,102650
2026-01-27 11:33:00+00:00,2.89,409.1,92182
2026-01-27 11:35:00+00:00,2.42,395.1,72577
2026-01-27 11:36:00+00:00,3.79,425.2,153832
2026-01-27 11:37:00+00:00,3.44,418.4,126206
2026-01-27 11:38:00+00:00,3.29,422.2,102605
2026-01-27 11:39:00+00:00,3.14,416.9,82056
2026-01-27 11:40:00+00:00,3.64,427.7,104886
2026-01-27 11:41:00+00:00,3.95,431.8,112138
2026-01-27 11:42:00+00:00,4.36,431.7,124398
2026-01-27 11:43:00+00:00,3.99,421.2,105292
2026-01-27 11:44:00+00:00,3.28,417.5,86981
2026-01-27 11:45:00+00:00,4.04,439.8,135633
2026-01-27 11:46:00+00:00,3.39,415.9,61668
2026-01-27 11:47:00+00:00,2.53,409.2,46144
2026-01-27 11:48:00+00:00,4.06,425.2,71987
2026-01-27 11:49:00+00:00,4.23,424.3,79513
2026-01-27 11:50:00+00:00,3.42,425.6,71730
2026-01-27 11:51:00+00:00,2.41,396.1,30526
2026-01-27 11:52:00+00:00,4.13,435.7,105341
2026-01-27 11:53:00+00:00,4.43,431.7,96614
2026-01-27 11:54:00+00:00,3.90,426.6,84048
2026-01-27 11:55:00+00:00,2.96,410.5,51618
2026-01-27 11:56:00+00:00,3.54,421.4,69157
2026-01-27 11:57:00+00:00,4.24,431.6,89426
2026-01-27 11:58:00+00:00,4.06,427.4,82864
2026-01-27 11:59:00+00:00,3.88,425.0,77554
2026-01-27 12:00:00+00:00,4.03,426.2,81101
2026-01-27 12:01:00+00:00,3.85,424.0,77842
2026-01-27 12:02:00+00:00,3.19,415.7,60686
2026-01-27 12:03:00+00:00,2.10,401.2,41745
2026-01-27 12:04:00+00:00,3.80,432.2,101523
2026-01-27 12:05:00+00:00,3.95,425.4,93920
2026-01-27 12:06:00+00:00,2.95,417.5,56472
2026-01-27 12:07:00+00:00,2.95,,
2026-01-27 12:08:00+00:00,1.38,382.5,19770
2026-01-27 12:09:00+00:00,3.78,423.5,94277
2026-01-27 12:10:00+00:00,3.64,418.9,78707
2026-01-27 12:11:00+00:00,4.29,417.4,84587
2026-01-27 12:12:00+00:00,3.45,413.7,74787
2026-01-27 12:13:00+00:00,3.19,415.1,65883
2026-01-27 12:14:00+00:00,3.42,417.2,64018
2026-01-27 12:15:00+00:00,3.45,415.8,63491
2026-01-27 12:16:00+00:00,3.68,416.8,65356
2026-01-27 12:17:00+00:00,3.51,417.9,60183
2026-01-27 12:18:00+00:00,3.12,412.8,53429
2026-01-27 12:19:00+00:00,1.91,398.1,38771
2026-01-27 12:20:00+00:00,3.72,426.5,76892
2026-01-27 12:21:00+00:00,4.07,414.8,64978
2026-01-27 12:22:00+00:00,3.51,409.1,62154
2026-01-27 12:23:00+00:00,3.82,411.6,66159
2026-01-27 12:24:00+00:00,3.86,414.9,64221
2026-01-27 12:25:00+00:00,3.10,411.8,55404
2026-01-27 12:26:00+00:00,3.42,412.1,55358
2026-01-27 12:27:00+00:00,3.23,410.8,54345
2026-01-27 12:28:00+00:00,3.60,413.2,60752
2026-01-27 12:29:00+00:00,3.41,412.4,60091
2026-01-27 12:30:00+00:00,3.26,410.8,53964
2026-01-27 12:31:00+00:00,3.61,412.9,53597
2026-01-27 12:32:00+00:00,3.77,415.3,57963
2026-01-27 12:33:00+00:00,3.78,416.3,61715
2026-01-27 12:34:00+00:00,3.36,416.4,60954
2026-01-27 12:35:00+00:00,3.36,414.7,61091
2026-01-27 12:36:00+00:00,3.90,420.2,79643
2026-01-27 12:37:00+00:00,3.29,408.9,52718
2026-01-27 12:38:00+00:00,3.45,412.1,55639
2026-01-27 12:39:00+00:00,4.27,419.3,77118
2026-01-27 12:40:00+00:00,4.32,419.7,78249
2026-01-27 12:41:00+00:00,2.90,387.2,27095
2026-01-27 12:42:00+00:00,3.57,404.7,47813
2026-01-27 12:43:00+00:00,4.18,417.0,67821
2026-01-27 12:44:00+00:00,4.72,419.4,74856
2026-01-27 12:45:00+00:00,3.85,413.9,66353
2026-01-27 12:46:00+00:00,3.49,410.4,61915
2026-01-27 12:47:00+00:00,4.12,412.4,68312
2026-01-27 12:48:00+00:00,4.18,416.4,79114
2026-01-27 12:49:00+00:00,4.35,419.5,87669
2026-01-27 12:50:00+00:00,4.73,416.3,75916
2026-01-27 12:51:00+00:00,4.09,413.5,63421
2026-01-27 12:52:00+00:00,3.96,410.9,64188
2026-01-27 12:53:00+00:00,2.81,400.8,46265
2026-01-27 12:54:00+00:00,3.03,408.9,61630
2026-01-27 12:55:00+00:00,3.40,411.0,64750
2026-01-27 12:56:00+00:00,3.99,411.6,65460
2026-01-27 12:57:00+00:00,3.64,412.9,63087
2026-01-27 12:58:00+00:00,3.55,410.8,56972
2026-01-27 12:59:00+00:00,3.96,415.9,74971
2026-01-27 13:00:00+00:00,4.11,414.2,69798
2026-01-27 13:01:00+00:00,3.77,412.7,61426
2026-01-27 13:02:00+00:00,3.59,410.6,63898
2026-01-27 13:03:00+00:00,3.85,411.6,75917
2026-01-27 13:04:00+00:00,3.91,415.3,85307
2026-01-27 13:05:00+00:00,3.71,411.0,77135
2026-01-27 13:06:00+00:00,4.00,409.6,75539
2026-01-27 13:07:00+00:00,3.78,406.7,68369
2026-01-27 13:08:00+00:00,3.57,404.8,64215
2026-01-27 13:09:00+00:00,3.76,410.0,77198
2026-01-27 13:10:00+00:00,3.50,407.9,69673
2026-01-27 13:11:00+00:00,3.70,410.7,74956
2026-01-27 13:12:00+00:00,3.77,412.0,80075
2026-01-27 13:13:00+00:00,3.78,412.1,80715
2026-01-27 13:14:00+00:00,3.72,410.7,74112
2026-01-27 13:15:00+00:00,4.15,421.9,104925
2026-01-27 13:16:00+00:00,4.12,419.9,96657
2026-01-27 13:17:00+00:00,4.10,415.5,82310
2026-01-27 13:18:00+00:00,4.02,414.4,75250
2026-01-27 13:19:00+00:00,3.90,414.6,71285
2026-01-27 13:20:00+00:00,3.75,415.2,70353
2026-01-27 13:21:00+00:00,3.58,413.0,63313
2026-01-27 13:22:00+00:00,4.25,415.0,70180
2026-01-27 13:23:00+00:00,4.00,413.9,66200
2026-01-27 13:24:00+00:00,4.52,415.9,69458
2026-01-27 13:25:00+00:00,5.83,418.5,46833
2026-01-27 13:26:00+00:00,2.09,394.0,31582
2026-01-27 13:27:00+00:00,3.86,423.5,71564
2026-01-27 13:28:00+00:00,4.70,425.3,92494
2026-01-27 13:29:00+00:00,4.69,416.9,80207
2026-01-27 13:30:00+00:00,3.87,412.6,64126
2026-01-27 13:31:00+00:00,3.86,420.6,81273
2026-01-27 13:32:00+00:00,4.56,423.6,90101
2026-01-27 13:33:00+00:00,4.67,418.6,80605
2026-01-27 13:34:00+00:00,4.22,414.2,68176
2026-01-27 13:35:00+00:00,4.13,414.0,66089
2026-01-27 13:36:00+00:00,4.44,415.1,70274
2026-01-27 13:37:00+00:00,3.68,409.6,59906
2026-01-27 13:38:00+00:00,2.05,399.5,42525
2026-01-27 13:39:00+00:00,4.05,413.2,65347
2026-01-27 13:40:00+00:00,4.90,419.3,80102
2026-01-27 13:41:00+00:00,3.76,417.3,73556
2026-01-27 13:42:00+00:00,3.84,411.9,62846
2026-01-27 13:43:00+00:00,4.29,421.1,86200
2026-01-27 13:44:00+00:00,4.22,413.8,69956
2026-01-27 13:45:00+00:00,4.11,413.7,73758
2026-01-27 13:46:00+00:00,4.09,413.9,75130
2026-01-27 13:47:00+00:00,2.45,389.0,37183
2026-01-27 13:48:00+00:00,3.72,413.6,93601
2026-01-27 13:49:00+00:00,4.76,429.2,139656
2026-01-27 13:50:00+00:00,4.66,420.0,114165
2026-01-27 13:51:00+00:00,4.27,411.8,80409
2026-01-27 13:52:00+00:00,4.22,414.1,82004
2026-01-27 13:53:00+00:00,3.57,406.3,64276
2026-01-27 13:54:00+00:00,2.35,396.4,46616
2026-01-27 13:55:00+00:00,4.17,424.8,98169
2026-01-27 13:56:00+00:00,4.22,428.6,96384
2026-01-27 13:57:00+00:00,4.95,422.1,83890
2026-01-27 13:58:00+00:00,3.50,399.7,35066
2026-01-27 13:59:00+00:00,2.59,402.2,43771
2026-01-27 14:00:00+00:00,4.76,428.0,107416
2026-01-27 14:01:00+00:00,3.14,416.2,80138
2026-01-27 14:02:00+00:00,3.32,415.5,77934
2026-01-27 14:03:00+00:00,3.35,411.5,80885
2026-01-27 14:04:00+00:00,2.64,416.2,73046
2026-01-27 14:05:00+00:00,2.79,422.1,77865
2026-01-27 14:06:00+00:00,3.48,422.4,87105
2026-01-27 14:07:00+00:00,3.47,418.5,83376
2026-01-27 14:08:00+00:00,3.11,413.9,73554
2026-01-27 14:09:00+00:00,3.27,411.9,65872
2026-01-27 14:10:00+00:00,3.77,414.5,69173
2026-01-27 14:11:00+00:00,4.51,425.1,96631
2026-01-27 14:12:00+00:00,3.17,409.3,73537
2026-01-27 14:13:00+00:00,3.56,410.4,56459
2026-01-27 14:14:00+00:00,3.54,408.5,66007
2026-01-27 14:15:00+00:00,3.50,410.0,57295
2026-01-27 14:40:00+00:00,13.15,434.2,89514
2026-01-27 14:41:00+00:00,14.48,425.2,64680
2026-01-27 14:42:00+00:00,13.58,409.0,33684
2026-01-27 14:43:00+00:00,8.15,424.1,67341
2026-01-27 14:44:00+00:00,7.65,421.4,64446
2026-01-27 14:45:00+00:00,6.92,416.4,51361
2026-01-27 14:46:00+00:00,10.02,423.3,61371
2026-01-27 14:47:00+00:00,9.61,425.2,54485
2026-01-27 14:48:00+00:00,8.17,417.9,52140
2026-01-27 14:49:00+00:00,9.76,420.0,51085
2026-01-27 14:50:00+00:00,10.87,419.7,74262
2026-01-27 14:51:00+00:00,9.77,422.1,62549
2026-01-27 14:52:00+00:00,9.15,423.4,53514
2026-01-27 14:55:00+00:00,7.55,430.5,59790
2026-01-27 14:56:00+00:00,8.60,433.8,48246
2026-01-27 14:57:00+00:00,9.21,434.9,38200
2026-01-27 14:58:00+00:00,6.90,434.6,42251
2026-01-27 14:59:00+00:00,6.93,435.1,36957
2026-01-27 15:00:00+00:00,6.69,433.7,39673
2026-01-27 15:01:00+00:00,9.79,437.7,33368
2026-01-27 15:02:00+00:00,7.47,438.6,37755
2026-01-27 15:03:00+00:00,6.61,439.6,39910
2026-01-27 15:04:00+00:00,4.99,439.7,40608
2026-01-27 15:05:00+00:00,3.09,419.4,21092
2026-01-27 15:06:00+00:00,6.38,432.0,32685
2026-01-27 15:07:00+00:00,8.83,443.4,51899
2026-01-27 15:08:00+00:00,7.99,440.0,48390
2026-01-27 15:09:00+00:00,4.86,419.6,26221
2026-01-27 15:10:00+00:00,4.97,421.8,25542
2026-01-27 15:11:00+00:00,7.15,443.7,49478
2026-01-27 15:12:00+00:00,7.78,447.3,60000
2026-01-27 15:13:00+00:00,8.95,441.6,54642
2026-01-27 15:14:00+00:00,9.10,440.3,58090
2026-01-27 15:15:00+00:00,6.95,429.6,46249
2026-01-27 15:16:00+00:00,5.48,419.6,53258
2026-01-27 15:17:00+00:00,12.61,392.4,15891
2026-01-27 15:18:00+00:00,7.18,445.1,67122
2026-01-27 15:19:00+00:00,6.92,441.6,65555
2026-01-27 15:20:00+00:00,6.28,431.0,39604
2026-01-27 15:21:00+00:00,5.59,420.0,32862
2026-01-27 15:22:00+00:00,6.65,432.4,51800
2026-01-27 15:23:00+00:00,20.75,437.1,42662
2026-01-27 15:24:00+00:00,14.80,435.7,50236
2026-01-27 15:25:00+00:00,7.14,434.9,59467
2026-01-27 15:28:00+00:00,9.58,444.4,60608
2026-01-27 15:29:00+00:00,10.50,428.9,56439
2026-01-27 15:30:00+00:00,10.38,428.0,46018
2026-01-27 15:31:00+00:00,10.63,427.4,34963
2026-01-27 15:32:00+00:00,10.45,421.7,37592
2026-01-27 15:33:00+00:00,12.02,393.0,22114
2026-01-27 15:34:00+00:00,10.51,439.4,62108
2026-01-27 15:35:00+00:00,11.15,427.7,45050
2026-01-27 15:36:00+00:00,11.05,432.3,45877
2026-01-27 15:37:00+00:00,11.78,408.0,30948
2026-01-27 15:38:00+00:00,10.91,433.3,40693
2026-01-27 15:39:00+00:00,11.13,436.8,45845
2026-01-27 15:40:00+00:00,11.29,434.2,45806
2026-01-27 15:41:00+00:00,11.13,432.2,45182
2026-01-27 15:42:00+00:00,10.96,428.8,43969
2026-01-27 15:43:00+00:00,18.19,429.1,41719
2026-01-27 15:44:00+00:00,22.00,421.3,38300
2026-01-27 15:45:00+00:00,10.29,411.9,45092
2026-01-27 15:46:00+00:00,10.86,435.1,67007
2026-01-27 15:47:00+00:00,10.80,423.5,52864
2026-01-27 15:48:00+00:00,10.17,419.8,30812
2026-01-27 15:49:00+00:00,11.84,402.5,24393
2026-01-27 15:50:00+00:00,11.10,438.9,53832
2026-01-27 15:51:00+00:00,11.08,427.6,46886
2026-01-27 15:52:00+00:00,11.38,430.1,52499
2026-01-27 15:53:00+00:00,11.40,430.0,50746
2026-01-27 15:54:00+00:00,11.01,422.9,42193
2026-01-27 15:55:00+00:00,11.24,425.8,49019
2026-01-27 15:56:00+00:00,11.35,412.4,35354
2026-01-27 15:57:00+00:00,20.96,423.4,33577
2026-01-27 16:03:00+00:00,11.75,438.9,50384
2026-01-27 16:04:00+00:00,11.71,431.8,37148
2026-01-27 16:05:00+00:00,12.85,441.0,56139
2026-01-27 16:06:00+00:00,,,
2026-01-27 16:07:00+00:00,,,
2026-01-27 16:09:00+00:00,10.65,434.1,32253
2026-01-27 16:10:00+00:00,8.45,432.4,35058
2026-01-27 16:11:00+00:00,6.38,425.7,51376
2026-01-27 16:12:00+00:00,9.25,427.4,50409
2026-01-27 16:13:00+00:00,11.80,430.7,41057
2026-01-27 16:14:00+00:00,10.68,431.0,42133
2026-01-27 16:15:00+00:00,7.83,430.1,48579
2026-01-27 16:16:00+00:00,6.31,426.7,53468
2026-01-27 16:17:00+00:00,6.93,422.2,58709
2026-01-27 16:18:00+00:00,6.70,422.0,59095
2026-01-27 16:19:00+00:00,5.70,421.2,60992
2026-01-27 16:20:00+00:00,5.92,418.5,69081
2026-01-27 16:21:00+00:00,5.12,421.8,67127
2026-01-27 16:22:00+00:00,5.33,419.0,63572
2026-01-27 16:23:00+00:00,4.74,418.9,68492
2026-01-27 16:24:00+00:00,4.72,415.2,69132
2026-01-27 16:25:00+00:00,4.29,414.6,72795
2026-01-27 16:26:00+00:00,4.11,412.9,71771
2026-01-27 16:27:00+00:00,4.08,412.4,71160
2026-01-27 16:28:00+00:00,5.25,417.8,76101
2026-01-27 16:29:00+00:00,5.06,416.4,77209
2026-01-27 16:30:00+00:00,4.90,415.2,78115
2026-01-27 16:32:00+00:00,3.94,409.1,83852
2026-01-27 16:33:00+00:00,3.99,409.2,79632
2026-01-27 16:34:00+00:00,4.16,409.9,72407
2026-01-27 16:35:00+00:00,4.35,411.7,83143
2026-01-27 16:36:00+00:00,4.67,412.2,73262
2026-01-27 16:37:00+00:00,5.56,419.8,72480
2026-01-27 16:38:00+00:00,4.96,414.8,78813
2026-01-27 16:39:00+00:00,4.45,411.8,78124
2026-01-27 16:40:00+00:00,4.30,413.6,77480
2026-01-27 16:41:00+00:00,4.78,415.8,77013
2026-01-27 16:42:00+00:00,4.66,415.1,74640
2026-01-27 16:43:00+00:00,4.50,409.1,72059
2026-01-27 16:44:00+00:00,4.15,408.3,69697
2026-01-27 16:45:00+00:00,3.97,409.9,70265
2026-01-27 16:46:00+00:00,3.79,412.0,72234
2026-01-27 16:47:00+00:00,3.79,413.1,75719
2026-01-27 16:48:00+00:00,3.96,410.9,79249
2026-01-27 16:49:00+00:00,3.84,408.1,78455
2026-01-27 16:50:00+00:00,3.94,406.5,75688
2026-01-27 16:51:00+00:00,3.55,404.6,68792
2026-01-27 16:52:00+00:00,3.89,407.8,69511
2026-01-27 16:53:00+00:00,3.84,407.2,69915
2026-01-27 16:54:00+00:00,3.81,406.8,76010
2026-01-27 16:55:00+00:00,3.75,411.6,74942
2026-01-27 16:56:00+00:00,4.39,415.4,76805
2026-01-27 16:57:00+00:00,4.90,413.9,76016
2026-01-27 16:58:00+00:00,4.50,409.2,73630
2026-01-27 16:59:00+00:00,4.33,408.4,71703
2026-01-27 17:00:00+00:00,4.64,408.7,71860
2026-01-27 17:01:00+00:00,5.11,407.2,70132
2026-01-27 17:02:00+00:00,5.45,404.2,71392
2026-01-27 17:03:00+00:00,5.57,402.4,74640
2026-01-27 17:05:00+00:00,4.93,405.8,73550
2026-01-27 17:06:00+00:00,4.58,406.7,74188
2026-01-27 17:07:00+00:00,3.40,410.3,76687
2026-01-27 17:08:00+00:00,3.85,412.3,77319
2026-01-27 17:09:00+00:00,4.21,411.5,72394
2026-01-27 17:10:00+00:00,4.67,414.7,78333
2026-01-27 17:11:00+00:00,5.36,415.5,68356
2026-01-27 17:12:00+00:00,5.66,415.4,63945
2026-01-27 17:13:00+00:00,5.34,415.5,66378
2026-01-27 17:14:00+00:00,5.55,414.2,69369
2026-01-27 17:15:00+00:00,5.59,413.9,70658
2026-01-27 17:16:00+00:00,5.16,411.9,70109
2026-01-27 17:17:00+00:00,5.37,415.2,68763
2026-01-27 17:18:00+00:00,5.87,416.1,67573
2026-01-27 17:19:00+00:00,5.87,414.1,67008
2026-01-27 17:20:00+00:00,5.64,415.8,67654
2026-01-27 17:21:00+00:00,5.48,416.2,69409
2026-01-27 17:22:00+00:00,5.36,415.4,71065
2026-01-27 17:23:00+00:00,5.36,416.1,72592
2026-01-27 17:24:00+00:00,5.69,413.5,70906
2026-01-27 17:25:00+00:00,5.56,412.6,75321
2026-01-27 17:26:00+00:00,4.87,412.0,66085
2026-01-27 17:27:00+00:00,4.45,409.4,74450
2026-01-27 17:28:00+00:00,4.03,408.8,82216
2026-01-27 17:29:00+00:00,5.18,410.8,76917
2026-01-27 17:30:00+00:00,4.57,409.4,75008
2026-01-27 17:31:00+00:00,4.36,409.4,73201
2026-01-27 17:32:00+00:00,4.21,409.7,71739
2026-01-27 17:33:00+00:00,4.16,412.2,76246
2026-01-27 17:34:00+00:00,3.85,413.7,82331
2026-01-27 17:35:00+00:00,3.67,412.3,83891
2026-01-27 17:36:00+00:00,3.96,411.3,83021
2026-01-27 17:38:00+00:00,4.34,415.7,103398
2026-01-27 17:39:00+00:00,4.35,415.6,102560
2026-01-27 17:40:00+00:00,4.38,415.0,97752
2026-01-27 17:41:00+00:00,4.42,413.0,97019
2026-01-27 17:42:00+00:00,4.75,413.3,93542
2026-01-27 17:43:00+00:00,4.53,412.7,91733
2026-01-27 17:44:00+00:00,4.66,410.8,86097
2026-01-27 17:45:00+00:00,4.11,414.9,105308
2026-01-27 17:46:00+00:00,3.89,413.2,90908
2026-01-27 17:47:00+00:00,4.68,413.0,101525
2026-01-27 17:48:00+00:00,4.98,413.0,110970
2026-01-27 17:49:00+00:00,4.70,412.1,111317
2026-01-27 17:50:00+00:00,4.31,411.9,103154
2026-01-27 17:51:00+00:00,4.37,413.5,94115
2026-01-27 17:52:00+00:00,4.80,412.7,96692
2026-01-27 17:53:00+00:00,5.05,407.4,98474
2026-01-27 17:54:00+00:00,5.39,405.0,88938
2026-01-27 17:55:00+00:00,4.84,406.9,100639
2026-01-27 17:56:00+00:00,4.18,416.8,85880
2026-01-27 17:57:00+00:00,3.47,420.5,65896
2026-01-27 17:58:00+00:00,3.76,418.4,53341
2026-01-27 17:59:00+00:00,3.47,417.9,58007
2026-01-27 18:00:00+00:00,3.56,420.2,58658
2026-01-27 18:01:00+00:00,3.60,418.9,59355
2026-01-27 18:02:00+00:00,3.31,419.7,60219
2026-01-27 18:03:00+00:00,3.50,419.5,63694
2026-01-27 18:04:00+00:00,3.70,418.7,58324
2026-01-27 18:05:00+00:00,3.72,418.9,55091
2026-01-27 18:06:00+00:00,3.76,419.0,56460
2026-01-27 18:07:00+00:00,3.80,419.5,61146
2026-01-27 18:08:00+00:00,3.61,419.7,64976
2026-01-27 18:09:00+00:00,3.31,417.9,61352
2026-01-27 18:11:00+00:00,3.56,416.4,56904
2026-01-27 18:12:00+00:00,3.56,416.5,56979
2026-01-27 18:13:00+00:00,3.50,417.0,57865
2026-01-27 18:14:00+00:00,3.17,415.9,61177
2026-01-27 18:15:00+00:00,3.46,415.7,65049
2026-01-27 18:16:00+00:00,3.81,416.6,63625
2026-01-27 18:17:00+00:00,3.85,417.1,63935
2026-01-27 18:18:00+00:00,3.74,419.5,56260
2026-01-27 18:19:00+00:00,3.91,419.3,67301
2026-01-27 18:20:00+00:00,3.98,418.3,64997
2026-01-27 18:21:00+00:00,4.21,416.4,59719
2026-01-27 18:22:00+00:00,3.99,415.7,60827
2026-01-27 18:23:00+00:00,3.46,416.5,63529
2026-01-27 18:24:00+00:00,3.39,416.1,64355
2026-01-27 18:25:00+00:00,3.40,415.4,63706
2026-01-27 18:26:00+00:00,3.35,416.8,67893
2026-01-27 18:27:00+00:00,3.69,417.9,65252
2026-01-27 18:28:00+00:00,3.69,417.8,65709
2026-01-27 18:29:00+00:00,3.81,417.3,66406
2026-01-27 18:30:00+00:00,3.38,415.7,65215
2026-01-27 18:31:00+00:00,4.16,413.0,63687
2026-01-27 18:32:00+00:00,5.27,413.4,59961
2026-01-27 18:33:00+00:00,4.34,413.2,59638
2026-01-27 18:34:00+00:00,3.92,414.1,60398
2026-01-27 18:35:00+00:00,3.78,415.1,68108
2026-01-27 18:36:00+00:00,3.71,416.6,67616
2026-01-27 18:37:00+00:00,3.62,415.4,63285
2026-01-27 18:38:00+00:00,3.60,414.5,64278
2026-01-27 18:39:00+00:00,3.71,414.9,65736
2026-01-27 18:40:00+00:00,3.86,414.7,64548
2026-01-27 18:41:00+00:00,3.83,415.3,65566
2026-01-27 18:42:00+00:00,3.54,416.1,65545
2026-01-27 18:44:00+00:00,3.98,417.8,81627
2026-01-27 18:45:00+00:00,3.98,417.7,81624
2026-01-27 18:46:00+00:00,4.11,412.6,81480
2026-01-27 18:47:00+00:00,4.35,412.6,84381
2026-01-27 18:48:00+00:00,4.25,416.5,82038
2026-01-27 18:49:00+00:00,4.02,418.3,71490
2026-01-27 18:50:00+00:00,3.62,418.4,74111
2026-01-27 18:51:00+00:00,3.71,420.6,78908
2026-01-27 18:52:00+00:00,4.21,415.1,76521
2026-01-27 18:53:00+00:00,4.31,412.2,81799
2026-01-27 18:54:00+00:00,4.25,412.4,92297
2026-01-27 18:55:00+00:00,4.40,410.4,95710
2026-01-27 18:56:00+00:00,4.58,411.1,96531
2026-01-27 18:57:00+00:00,4.51,419.6,99783
2026-01-27 18:58:00+00:00,4.27,430.3,95350
2026-01-27 18:59:00+00:00,5.00,430.6,89406
2026-01-27 19:00:00+00:00,4.84,428.2,87563
2026-01-27 19:01:00+00:00,4.59,428.3,85807
2026-01-27 19:02:00+00:00,5.72,438.1,95130
2026-01-27 19:03:00+00:00,5.29,440.2,97827
2026-01-27 19:04:00+00:00,5.42,440.0,97530
2026-01-27 19:05:00+00:00,5.45,440.0,97472
2026-01-27 19:06:00+00:00,6.31,439.1,96617
2026-01-27 19:07:00+00:00,5.99,439.7,92511
2026-01-27 19:08:00+00:00,5.98,440.5,90024
2026-01-27 19:09:00+00:00,5.50,439.8,100049
2026-01-27 19:10:00+00:00,5.64,443.8,97891
2026-01-27 19:11:00+00:00,6.08,445.4,87981
2026-01-27 19:12:00+00:00,5.36,441.3,100601
2026-01-27 19:13:00+00:00,4.78,443.7,116418
2026-01-27 19:14:00+00:00,5.45,445.6,104410
2026-01-27 19:15:00+00:00,5.91,443.8,95403
2026-01-27 19:17:00+00:00,4.20,,
2026-01-27 19:18:00+00:00,4.20,447.4,132097
2026-01-27 19:19:00+00:00,4.26,447.8,135622
2026-01-27 19:20:00+00:00,4.31,447.0,126888
2026-01-27 19:21:00+00:00,4.12,453.9,99232
2026-01-27 19:22:00+00:00,4.25,452.8,130726
2026-01-27 19:23:00+00:00,4.34,450.4,139896
2026-01-27 19:24:00+00:00,4.48,450.3,136687
2026-01-27 19:25:00+00:00,4.08,448.9,130226
2026-01-27 19:26:00+00:00,4.21,448.8,130265
2026-01-27 19:27:00+00:00,4.64,448.9,140384
2026-01-27 19:28:00+00:00,4.90,447.8,139613
2026-01-27 19:29:00+00:00,5.65,449.3,124308
2026-01-27 19:31:00+00:00,6.95,421.0,73332
2026-01-27 19:32:00+00:00,4.06,444.7,118819
2026-01-27 19:33:00+00:00,4.35,446.6,133514
2026-01-27 19:34:00+00:00,4.34,443.9,134185
2026-01-27 19:35:00+00:00,4.75,458.8,182806
2026-01-27 19:36:00+00:00,4.69,458.0,165470
2026-01-27 19:37:00+00:00,4.90,445.5,126422
2026-01-27 19:38:00+00:00,4.05,420.4,79394
2026-01-27 19:39:00+00:00,4.82,447.4,120257
2026-01-27 19:40:00+00:00,5.45,458.6,146407
2026-01-27 19:41:00+00:00,5.71,459.3,152459
2026-01-27 19:42:00+00:00,5.34,441.2,113534
2026-01-27 19:43:00+00:00,5.11,432.3,89504
2026-01-27 19:44:00+00:00,5.46,453.2,124844
2026-01-27 19:45:00+00:00,5.43,458.3,139954
2026-01-27 19:46:00+00:00,5.63,458.1,149163
2026-01-27 19:47:00+00:00,5.26,446.2,117336
2026-01-27 19:48:00+00:00,5.59,450.2,126499
2026-01-27 19:49:00+00:00,5.60,462.8,161186
2026-01-27 19:52:00+00:00,5.22,462.6,128983
2026-01-27 19:53:00+00:00,5.58,466.0,143897
2026-01-27 19:54:00+00:00,5.03,435.1,93649
2026-01-27 19:55:00+00:00,5.33,449.3,119296
2026-01-27 19:56:00+00:00,6.05,463.3,176535
2026-01-27 19:57:00+00:00,6.55,458.5,166011
2026-01-27 19:58:00+00:00,5.16,435.7,98849
2026-01-27 19:59:00+00:00,4.58,435.1,95246
2026-01-27 20:00:00+00:00,6.12,460.6,159053
2026-01-27 20:01:00+00:00,5.77,454.1,153876
2026-01-27 20:02:00+00:00,5.08,443.8,111919
2026-01-27 20:03:00+00:00,5.75,460.6,163877
2026-01-27 20:04:00+00:00,5.52,452.1,139368
2026-01-27 20:05:00+00:00,5.46,453.1,123347
2026-01-27 20:06:00+00:00,2.97,419.4,54156
2026-01-27 20:07:00+00:00,5.42,459.3,161836
2026-01-27 20:08:00+00:00,5.86,458.5,163007
2026-01-27 20:09:00+00:00,5.40,453.5,139873
2026-01-27 20:10:00+00:00,4.17,424.2,77928
2026-01-27 20:11:00+00:00,4.99,452.5,150667
2026-01-27 20:12:00+00:00,5.92,462.1,174170
2026-01-27 20:13:00+00:00,5.36,446.9,126235
2026-01-27 20:14:00+00:00,5.03,440.9,107436
2026-01-27 20:15:00+00:00,5.47,445.0,127565
2026-01-27 20:16:00+00:00,5.70,448.5,140151
2026-01-27 20:17:00+00:00,5.49,444.1,123104
2026-01-27 20:18:00+00:00,4.93,434.7,95857
2026-01-27 20:19:00+00:00,6.01,460.8,155116
2026-01-27 20:20:00+00:00,5.62,449.0,115382
2026-01-27 20:21:00+00:00,5.38,448.0,101242
2026-01-27 20:22:00+00:00,4.21,411.8,65754
2026-01-27 20:23:00+00:00,4.21,,
2026-01-27 20:25:00+00:00,5.11,445.0,108502
2026-01-27 20:26:00+00:00,3.81,423.2,69713
2026-01-27 20:27:00+00:00,5.07,444.7,122665
2026-01-27 20:28:00+00:00,5.78,456.5,152714
2026-01-27 20:29:00+00:00,5.42,448.8,117051
2026-01-27 20:30:00+00:00,5.12,452.3,128282
2026-01-27 20:31:00+00:00,4.80,461.7,153656
2026-01-27 20:32:00+00:00,4.69,463.2,141452
2026-01-27 20:33:00+00:00,4.48,454.3,137131
2026-01-27 20:34:00+00:00,2.91,430.8,71937
2026-01-27 20:35:00+00:00,3.81,453.4,93206
2026-01-27 20:36:00+00:00,4.69,460.3,137227
2026-01-27 20:37:00+00:00,4.86,470.6,172616
2026-01-27 20:38:00+00:00,4.16,419.4,67401
2026-01-27 20:39:00+00:00,4.73,472.7,167637
2026-01-27 20:40:00+00:00,5.09,461.5,132205
2026-01-27 20:41:00+00:00,5.02,464.0,140193
2026-01-27 20:42:00+00:00,4.94,451.4,108379
2026-01-27 20:43:00+00:00,5.01,462.9,171876
2026-01-27 20:44:00+00:00,5.81,464.6,181660
2026-01-27 20:45:00+00:00,4.83,438.5,115349
2026-01-27 20:46:00+00:00,4.36,442.3,125165
2026-01-27 20:47:00+00:00,5.15,460.0,162453
2026-01-27 20:48:00+00:00,5.27,453.3,139830
2026-01-27 20:49:00+00:00,5.05,443.8,123269
2026-01-27 20:50:00+00:00,4.34,424.6,89762
2026-01-27 20:51:00+00:00,5.12,466.4,153121
2026-01-27 20:52:00+00:00,4.71,457.1,146924
2026-01-27 20:53:00+00:00,4.91,460.1,151998
2026-01-27 20:54:00+00:00,4.31,425.5,94336
2026-01-27 20:55:00+00:00,4.64,477.9,199179
2026-01-27 20:56:00+00:00,4.66,480.7,204697
2026-01-27 20:57:00+00:00,4.39,444.2,118783
2026-01-27 20:58:00+00:00,4.69,463.0,160398
2026-01-27 20:59:00+00:00,4.78,463.4,157808
2026-01-27 21:00:00+00:00,4.90,464.6,170877
2026-01-27 21:01:00+00:00,4.18,444.8,129640
2026-01-27 21:02:00+00:00,3.97,446.8,130656
2026-01-27 21:03:00+00:00,4.61,461.7,165414
2026-01-27 21:04:00+00:00,4.88,454.1,147922
2026-01-27 21:05:00+00:00,4.71,445.7,131220
2026-01-27 21:06:00+00:00,4.12,428.7,102082
2026-01-27 21:07:00+00:00,4.37,469.6,171716
2026-01-27 21:08:00+00:00,4.37,458.0,143187
2026-01-27 21:09:00+00:00,4.65,460.2,150776
2026-01-27 21:10:00+00:00,4.22,427.3,82814
2026-01-27 21:11:00+00:00,5.13,464.7,133048
2026-01-27 21:12:00+00:00,4.83,452.1,96103
2026-01-27 21:13:00+00:00,4.71,439.4,75352
2026-01-27 21:14:00+00:00,4.80,449.1,93417
2026-01-27 21:15:00+00:00,4.76,456.6,109030
2026-01-27 21:16:00+00:00,4.12,455.9,114046
2026-01-27 21:17:00+00:00,3.55,441.7,100968
2026-01-27 21:18:00+00:00,3.46,457.7,120145
2026-01-27 21:19:00+00:00,3.86,477.3,147223
2026-01-27 21:20:00+00:00,4.28,467.4,141949
2026-01-27 21:21:00+00:00,4.18,463.0,134475
2026-01-27 21:22:00+00:00,4.22,447.8,115263
2026-01-27 21:23:00+00:00,4.21,470.8,150964
2026-01-27 21:24:00+00:00,4.15,464.3,133298
2026-01-27 21:25:00+00:00,4.16,466.9,156791
2026-01-27 21:26:00+00:00,3.98,447.6,84408
2026-01-27 21:27:00+00:00,3.95,472.6,121451
2026-01-27 21:28:00+00:00,3.64,461.1,91001
2026-01-27 21:29:00+00:00,3.60,459.4,86721
2026-01-27 21:30:00+00:00,5.66,482.5,182232
2026-01-27 21:31:00+00:00,4.21,466.8,109607
2026-01-27 21:32:00+00:00,2.90,456.8,72046
2026-01-27 21:33:00+00:00,3.03,439.4,63910
2026-01-27 21:34:00+00:00,3.57,452.5,81922
2026-01-27 21:35:00+00:00,3.77,483.4,129203
2026-01-27 21:36:00+00:00,3.81,482.0,135946
2026-01-27 21:37:00+00:00,3.71,467.1,91820
2026-01-27 21:38:00+00:00,3.79,461.4,105614
2026-01-27 21:39:00+00:00,4.21,473.5,119669
2026-01-27 21:40:00+00:00,3.60,460.9,81724
2026-01-27 21:41:00+00:00,3.14,444.6,48519
2026-01-27 21:42:00+00:00,9.76,479.6,83251
2026-01-27 21:43:00+00:00,3.76,475.0,141410
2026-01-27 21:44:00+00:00,3.41,469.1,122553
2026-01-27 21:45:00+00:00,6.41,435.8,77810
2026-01-27 21:46:00+00:00,4.25,482.5,176096
2026-01-27 21:47:00+00:00,3.79,483.5,169160
2026-01-27 21:48:00+00:00,3.81,464.8,117397
2026-01-27 21:49:00+00:00,7.01,459.0,92302
2026-01-27 21:50:00+00:00,6.94,469.2,111437
2026-01-27 21:51:00+00:00,3.88,474.8,121813
2026-01-27 21:52:00+00:00,3.89,472.9,108126
2026-01-27 21:53:00+00:00,3.57,471.3,101266
2026-01-27 21:54:00+00:00,2.45,454.5,67434
2026-01-27 21:55:00+00:00,3.69,479.2,118601
2026-01-27 21:56:00+00:00,3.14,467.1,83346
2026-01-27 21:57:00+00:00,2.21,444.2,53726
2026-01-27 21:58:00+00:00,4.15,485.3,160340
2026-01-27 21:59:00+00:00,5.02,473.6,141742
2026-01-27 22:00:00+00:00,3.42,466.6,103720
2026-01-27 22:01:00+00:00,3.66,467.1,99035
2026-01-27 22:02:00+00:00,3.72,467.2,97983
2026-01-27 22:03:00+00:00,5.89,502.9,296144
2026-01-27 22:04:00+00:00,4.78,480.5,166568
2026-01-27 22:05:00+00:00,4.11,465.1,86910
2026-01-27 22:06:00+00:00,4.12,470.7,103268
2026-01-27 22:07:00+00:00,4.41,476.6,125071
2026-01-27 22:08:00+00:00,4.15,459.0,101336
2026-01-27 22:09:00+00:00,3.22,440.1,55766
2026-01-27 22:10:00+00:00,4.07,469.0,91695
2026-01-27 22:11:00+00:00,4.08,480.0,115396
2026-01-27 22:12:00+00:00,4.51,471.3,115720
2026-01-27 22:13:00+00:00,2.58,428.7,40889
2026-01-27 22:14:00+00:00,3.90,465.8,87845
2026-01-27 22:15:00+00:00,3.97,477.7,128151
2026-01-27 22:16:00+00:00,3.82,470.8,96516
2026-01-27 22:17:00+00:00,3.35,441.5,52952
2026-01-27 22:18:00+00:00,3.80,461.0,76101
2026-01-27 22:19:00+00:00,3.92,483.0,127552
2026-01-27 22:20:00+00:00,4.24,480.3,125290
2026-01-27 22:21:00+00:00,4.00,467.0,93214
2026-01-27 22:22:00+00:00,4.34,465.1,92155
2026-01-27 22:23:00+00:00,4.49,464.7,96405
2026-01-27 22:24:00+00:00,3.13,446.5,64029
2026-01-27 22:25:00+00:00,2.42,438.3,55201
2026-01-27 22:26:00+00:00,3.30,469.4,128489
2026-01-27 22:27:00+00:00,4.08,469.2,174949
2026-01-27 22:28:00+00:00,3.47,455.2,91318
2026-01-27 22:29:00+00:00,3.47,434.0,88007
2026-01-27 22:30:00+00:00,4.09,463.6,119549
2026-01-27 22:31:00+00:00,4.63,473.5,152683
2026-01-27 22:32:00+00:00,4.70,473.8,140958
2026-01-27 22:33:00+00:00,3.19,452.7,87219
2026-01-27 22:34:00+00:00,4.12,468.5,131994
2026-01-27 22:35:00+00:00,4.54,475.4,150807
2026-01-27 22:36:00+00:00,3.59,442.6,79743
2026-01-27 22:37:00+00:00,3.93,453.5,122038
2026-01-27 22:38:00+00:00,4.11,463.3,148792
2026-01-27 22:39:00+00:00,3.58,466.1,128486
2026-01-27 22:40:00+00:00,3.21,467.7,104926
2026-01-27 22:41:00+00:00,3.51,467.5,95055
2026-01-27 22:42:00+00:00,3.37,470.3,106100
2026-01-27 22:43:00+00:00,3.87,468.7,117170
2026-01-27 22:44:00+00:00,3.44,466.7,104878
2026-01-27 22:45:00+00:00,4.02,463.1,110132
2026-01-27 22:46:00+00:00,4.06,461.6,130533
2026-01-27 22:47:00+00:00,4.00,461.3,117963
2026-01-27 22:48:00+00:00,4.14,460.2,139118
2026-01-27 22:49:00+00:00,4.04,465.5,145047
2026-01-27 22:50:00+00:00,3.87,467.4,163740
2026-01-27 22:51:00+00:00,3.97,463.6,173103
2026-01-27 22:52:00+00:00,4.02,465.2,170806
2026-01-27 22:53:00+00:00,3.91,468.8,163813
2026-01-27 22:54:00+00:00,3.44,473.8,165832
2026-01-27 22:55:00+00:00,3.15,475.7,172841
2026-01-27 22:56:00+00:00,3.39,472.3,177054
2026-01-27 22:57:00+00:00,3.53,471.1,179344
2026-01-27 22:58:00+00:00,3.65,470.4,169694
2026-01-27 22:59:00+00:00,3.60,471.2,163700
2026-01-27 23:00:00+00:00,3.69,471.5,152423
2026-01-27 23:01:00+00:00,3.37,473.6,149931
2026-01-27 23:02:00+00:00,3.24,476.7,156299
2026-01-27 23:03:00+00:00,3.36,469.3,145660
2026-01-27 23:04:00+00:00,3.53,468.9,145885
2026-01-27 23:05:00+00:00,3.44,468.4,157871
2026-01-27 23:06:00+00:00,3.60,469.2,161246
2026-01-27 23:07:00+00:00,3.36,467.0,163435
2026-01-27 23:08:00+00:00,3.21,465.9,164340
2026-01-27 23:09:00+00:00,3.69,468.7,162286
2026-01-27 23:10:00+00:00,3.70,468.0,163159
2026-01-27 23:11:00+00:00,3.71,468.5,168326
2026-01-27 23:12:00+00:00,3.72,469.1,174700
2026-01-27 23:13:00+00:00,3.83,467.2,173349
2026-01-27 23:14:00+00:00,4.07,467.4,167403
2026-01-27 23:15:00+00:00,3.85,467.7,166828
2026-01-27 23:16:00+00:00,3.98,468.4,171527
2026-01-27 23:17:00+00:00,3.95,467.8,162776
2026-01-27 23:18:00+00:00,3.95,467.1,153583
2026-01-27 23:19:00+00:00,3.51,466.3,164678
2026-01-27 23:20:00+00:00,3.98,467.7,159707
2026-01-27 23:21:00+00:00,3.86,468.5,169435
2026-01-27 23:22:00+00:00,3.90,468.9,167372
2026-01-27 23:23:00+00:00,3.43,470.2,181588
2026-01-27 23:24:00+00:00,3.49,470.0,178029
2026-01-27 23:25:00+00:00,3.55,468.6,166977
2026-01-27 23:26:00+00:00,3.56,468.3,167669
2026-01-27 23:27:00+00:00,3.71,469.7,166221
2026-01-27 23:28:00+00:00,3.79,470.3,150037
2026-01-27 23:29:00+00:00,3.97,465.9,130286
2026-01-27 23:30:00+00:00,4.30,457.7,117703
2026-01-27 23:31:00+00:00,4.34,459.0,122450
2026-01-27 23:32:00+00:00,4.42,459.4,137281
2026-01-27 23:33:00+00:00,4.59,459.8,138492
2026-01-27 23:34:00+00:00,4.38,460.8,132645
2026-01-27 23:35:00+00:00,3.77,460.3,112475
2026-01-27 23:36:00+00:00,3.91,460.6,103004
2026-01-27 23:37:00+00:00,4.05,459.4,106482
2026-01-27 23:38:00+00:00,4.06,460.7,109957
2026-01-27 23:39:00+00:00,4.17,461.6,116300
2026-01-27 23:40:00+00:00,4.25,461.5,121507
2026-01-27 23:41:00+00:00,4.27,461.4,123152
2026-01-27 23:42:00+00:00,4.46,458.6,111943
2026-01-27 23:43:00+00:00,4.47,458.4,112596
2026-01-27 23:44:00+00:00,4.39,459.0,113155
2026-01-27 23:45:00+00:00,4.16,461.0,115063
2026-01-27 23:46:00+00:00,4.00,461.3,117339
2026-01-27 23:47:00+00:00,4.04,461.3,103523
2026-01-27 23:48:00+00:00,4.00,462.7,112520
2026-01-27 23:49:00+00:00,4.13,462.9,121840
2026-01-27 23:50:00+00:00,3.76,463.0,126585
2026-01-27 23:51:00+00:00,3.65,463.1,128113
2026-01-27 23:52:00+00:00,3.98,462.9,131486
2026-01-27 23:53:00+00:00,4.13,462.3,126678
2026-01-27 23:54:00+00:00,3.86,459.5,107755
2026-01-27 23:55:00+00:00,4.05,459.9,111039
2026-01-27 23:56:00+00:00,4.10,457.3,115815
2026-01-27 23:57:00+00:00,4.08,457.9,112555
2026-01-27 23:58:00+00:00,4.02,460.5,111655
2026-01-27 23:59:00+00:00,4.11,459.8,121655
2026-01-28 00:00:00+00:00,4.35,457.8,134290
2026-01-28 00:01:00+00:00,4.29,458.0,135581
2026-01-28 00:02:00+00:00,4.25,457.9,129282
2026-01-28 00:03:00+00:00,4.14,452.4,125847
2026-01-28 00:04:00+00:00,4.54,454.6,141751
2026-01-28 00:05:00+00:00,4.53,454.8,147637
2026-01-28 00:06:00+00:00,4.37,460.8,133065
2026-01-28 00:07:00+00:00,4.14,454.9,135196
2026-01-28 00:08:00+00:00,4.79,454.3,140277
2026-01-28 00:09:00+00:00,4.87,454.0,141478
2026-01-28 00:10:00+00:00,4.71,453.8,136850
2026-01-28 00:11:00+00:00,4.38,455.1,145765
2026-01-28 00:12:00+00:00,4.59,457.1,147845
2026-01-28 00:13:00+00:00,4.57,456.8,144545
2026-01-28 00:14:00+00:00,4.39,455.9,143261
2026-01-28 00:15:00+00:00,4.84,449.2,104854
2026-01-28 00:16:00+00:00,4.94,449.5,101132
2026-01-28 00:17:00+00:00,5.10,450.0,97628
2026-01-28 00:18:00+00:00,5.02,450.0,102534
2026-01-28 00:19:00+00:00,4.94,450.2,89491
2026-01-28 00:20:00+00:00,5.10,450.5,92292
2026-01-28 00:21:00+00:00,5.38,451.8,99865
2026-01-28 00:22:00+00:00,5.27,451.4,96766
2026-01-28 00:23:00+00:00,5.23,452.2,108366
2026-01-28 00:24:00+00:00,4.98,449.3,95681
2026-01-28 00:25:00+00:00,5.22,449.5,90135
2026-01-28 00:26:00+00:00,4.77,448.1,87346
2026-01-28 00:27:00+00:00,4.89,448.8,88687
2026-01-28 00:28:00+00:00,4.94,449.5,90536
2026-01-28 00:29:00+00:00,4.98,449.2,90074
2026-01-28 00:30:00+00:00,4.67,447.7,89556
2026-01-28 00:31:00+00:00,4.57,447.4,91869
2026-01-28 00:32:00+00:00,5.12,449.3,98414
2026-01-28 00:33:00+00:00,5.29,450.4,102122
2026-01-28 00:34:00+00:00,5.19,450.3,94273
2026-01-28 00:35:00+00:00,4.79,448.7,95393
2026-01-28 00:36:00+00:00,5.02,449.5,89333
2026-01-28 00:37:00+00:00,4.72,448.3,97623
2026-01-28 00:38:00+00:00,4.77,449.3,100130
2026-01-28 00:39:00+00:00,4.81,448.0,98885
2026-01-28 00:40:00+00:00,5.12,448.5,96940
2026-01-28 00:41:00+00:00,4.71,447.7,103494
2026-01-28 00:42:00+00:00,4.59,447.8,98816
2026-01-28 00:43:00+00:00,4.53,448.1,105094
2026-01-28 00:44:00+00:00,4.89,448.3,99905
2026-01-28 00:45:00+00:00,4.92,448.6,96140
2026-01-28 00:46:00+00:00,4.64,448.7,98121
2026-01-28 00:47:00+00:00,4.53,448.6,98608
2026-01-28 00:48:00+00:00,4.84,447.5,98126
2026-01-28 00:49:00+00:00,4.86,447.5,98773
2026-01-28 00:50:00+00:00,4.83,447.2,98552
2026-01-28 00:51:00+00:00,4.55,446.4,93396
2026-01-28 00:52:00+00:00,4.84,447.0,102146
2026-01-28 00:53:00+00:00,4.69,447.0,100940
2026-01-28 00:54:00+00:00,5.05,447.0,88489
2026-01-28 00:55:00+00:00,4.65,446.4,101234
2026-01-28 00:56:00+00:00,4.64,446.5,101330
2026-01-28 00:57:00+00:00,4.56,447.0,103771
2026-01-28 00:58:00+00:00,4.49,446.8,103164
2026-01-28 00:59:00+00:00,4.75,447.9,99156
2026-01-28 01:00:00+00:00,4.90,449.2,97534
2026-01-28 01:01:00+00:00,4.81,448.7,95517
2026-01-28 01:02:00+00:00,4.70,448.9,93560
2026-01-28 01:03:00+00:00,4.67,448.9,92259
2026-01-28 01:04:00+00:00,4.78,447.5,89432
2026-01-28 01:05:00+00:00,4.93,447.7,85625
2026-01-28 01:06:00+00:00,4.79,447.1,83121
2026-01-28 01:07:00+00:00,4.86,447.0,84758
2026-01-28 01:08:00+00:00,4.83,446.8,85272
2026-01-28 01:09:00+00:00,5.17,447.5,84983
2026-01-28 01:10:00+00:00,4.68,446.3,82385
2026-01-28 01:11:00+00:00,5.06,448.7,83978
2026-01-28 01:12:00+00:00,5.15,448.9,91963
2026-01-28 01:13:00+00:00,5.03,447.7,89512
2026-01-28 01:14:00+00:00,4.31,449.7,87448
2026-01-28 01:15:00+00:00,4.69,450.4,81878
2026-01-28 01:16:00+00:00,4.90,450.0,81973
2026-01-28 01:17:00+00:00,4.93,449.5,82396
2026-01-28 01:18:00+00:00,4.88,449.1,83443
2026-01-28 01:19:00+00:00,4.83,449.9,83837
2026-01-28 01:20:00+00:00,4.93,451.2,81452
2026-01-28 01:21:00+00:00,4.91,451.0,79554
2026-01-28 01:22:00+00:00,4.91,451.6,81610
2026-01-28 01:23:00+00:00,4.88,453.8,89452
2026-01-28 01:24:00+00:00,4.76,454.1,91390
2026-01-28 01:25:00+00:00,4.78,453.0,87977
2026-01-28 01:26:00+00:00,3.63,454.8,125747
2026-01-28 01:27:00+00:00,4.04,456.1,123224
2026-01-28 01:28:00+00:00,4.14,454.2,122352
2026-01-28 01:29:00+00:00,4.45,453.6,119632
2026-01-28 01:30:00+00:00,4.11,453.7,111865
2026-01-28 01:31:00+00:00,4.37,453.3,97128
2026-01-28 01:32:00+00:00,4.40,451.9,93982
2026-01-28 01:33:00+00:00,4.37,451.6,95108
2026-01-28 01:34:00+00:00,4.61,449.1,101855
2026-01-28 01:35:00+00:00,4.83,446.6,112040
2026-01-28 01:36:00+00:00,4.91,447.0,112842
2026-01-28 01:37:00+00:00,4.89,447.1,111391
2026-01-28 01:38:00+00:00,4.59,450.5,118286
2026-01-28 01:39:00+00:00,4.45,453.3,109769
2026-01-28 01:40:00+00:00,4.49,452.9,112652
2026-01-28 01:41:00+00:00,4.38,452.9,113415
2026-01-28 01:42:00+00:00,3.98,452.0,111803
2026-01-28 01:43:00+00:00,4.27,452.3,104450
2026-01-28 01:44:00+00:00,4.39,455.6,117609
2026-01-28 01:45:00+00:00,4.19,454.7,116473
2026-01-28 01:46:00+00:00,4.39,455.2,110054
2026-01-28 01:47:00+00:00,4.39,456.3,121121
2026-01-28 01:48:00+00:00,4.40,456.8,125639
2026-01-28 01:49:00+00:00,4.33,456.0,125919
2026-01-28 01:50:00+00:00,4.30,455.9,126885
2026-01-28 01:51:00+00:00,4.30,457.1,128400
2026-01-28 01:52:00+00:00,4.26,457.7,129660
2026-01-28 01:53:00+00:00,4.31,457.7,127987
2026-01-28 01:54:00+00:00,3.98,463.1,129519
2026-01-28 01:55:00+00:00,3.99,463.0,129416
2026-01-28 01:56:00+00:00,4.04,462.7,128418
2026-01-28 01:57:00+00:00,4.02,461.6,123950
2026-01-28 01:58:00+00:00,3.70,462.3,128332
2026-01-28 01:59:00+00:00,4.12,466.9,164775
2026-01-28 02:00:00+00:00,4.06,467.6,169768
2026-01-28 02:01:00+00:00,3.99,466.6,154679
2026-01-28 02:02:00+00:00,4.06,464.5,148200
2026-01-28 02:03:00+00:00,4.27,466.3,152781
2026-01-28 02:04:00+00:00,4.20,466.6,151953
2026-01-28 02:05:00+00:00,3.98,466.6,156001
2026-01-28 02:06:00+00:00,4.05,465.2,155841
2026-01-28 02:07:00+00:00,4.39,460.5,135419
2026-01-28 02:08:00+00:00,4.71,456.1,123614
2026-01-28 02:09:00+00:00,4.52,463.2,132468
2026-01-28 02:10:00+00:00,3.57,484.9,104436
2026-01-28 02:11:00+00:00,3.58,491.6,76059
2026-01-28 02:12:00+00:00,3.36,496.7,83692
2026-01-28 02:13:00+00:00,3.88,482.8,89335
2026-01-28 02:14:00+00:00,4.19,467.7,88889
2026-01-28 02:15:00+00:00,3.92,471.4,83026
2026-01-28 02:16:00+00:00,4.20,467.4,91889
2026-01-28 02:17:00+00:00,3.85,462.8,84259
2026-01-28 02:18:00+00:00,4.19,460.9,86643
2026-01-28 02:19:00+00:00,4.12,465.0,90600
2026-01-28 02:20:00+00:00,4.24,465.0,95858
2026-01-28 02:21:00+00:00,4.38,461.3,105606
2026-01-28 02:22:00+00:00,4.61,459.5,110364
2026-01-28 02:23:00+00:00,4.69,459.6,114057
2026-01-28 02:24:00+00:00,4.54,461.3,127469
2026-01-28 02:25:00+00:00,4.50,465.5,143779
2026-01-28 02:26:00+00:00,4.11,467.1,154278
2026-01-28 02:27:00+00:00,4.42,471.9,114673
2026-01-28 02:28:00+00:00,4.40,471.8,114225
2026-01-28 02:29:00+00:00,4.21,470.7,109428
2026-01-28 02:30:00+00:00,4.64,472.5,117139
2026-01-28 02:31:00+00:00,4.03,471.0,102004
2026-01-28 02:32:00+00:00,3.86,472.4,100074
2026-01-28 02:33:00+00:00,4.22,465.6,92198
2026-01-28 02:34:00+00:00,4.45,463.3,109725
2026-01-28 02:35:00+00:00,4.39,462.3,115074
2026-01-28 02:36:00+00:00,4.16,463.2,108044
2026-01-28 02:37:00+00:00,3.71,463.0,116465
2026-01-28 02:38:00+00:00,3.94,460.3,121384
2026-01-28 02:39:00+00:00,4.34,459.1,118232
2026-01-28 02:40:00+00:00,4.19,460.0,125080
2026-01-28 02:41:00+00:00,4.26,459.7,135091
2026-01-28 02:42:00+00:00,4.26,460.5,144241
2026-01-28 02:43:00+00:00,4.47,460.8,142571
2026-01-28 02:44:00+00:00,4.24,461.8,142657
2026-01-28 02:45:00+00:00,4.16,459.4,135914
2026-01-28 02:46:00+00:00,4.35,459.7,123850
2026-01-28 02:47:00+00:00,4.31,458.5,110908
2026-01-28 02:48:00+00:00,4.20,459.7,128180
2026-01-28 02:49:00+00:00,3.82,461.6,137208
2026-01-28 02:50:00+00:00,4.00,461.5,144679
2026-01-28 02:51:00+00:00,4.21,461.9,137095
2026-01-28 02:52:00+00:00,4.10,462.9,133433
2026-01-28 02:53:00+00:00,4.04,463.2,128082
2026-01-28 02:54:00+00:00,4.04,463.3,129407
2026-01-28 02:55:00+00:00,4.02,461.9,128389
2026-01-28 02:56:00+00:00,3.98,459.6,125136
2026-01-28 02:57:00+00:00,3.89,459.7,135005
2026-01-28 02:58:00+00:00,4.03,458.3,122376
2026-01-28 02:59:00+00:00,3.93,454.9,110384
2026-01-28 03:00:00+00:00,3.63,456.1,76669
2026-01-28 03:01:00+00:00,3.63,456.2,77603
2026-01-28 03:02:00+00:00,3.72,460.3,132755
2026-01-28 03:03:00+00:00,4.48,460.4,137708
2026-01-28 03:04:00+00:00,4.51,459.6,149776
2026-01-28 03:05:00+00:00,4.49,459.9,142090
2026-01-28 03:06:00+00:00,4.41,458.6,146855
2026-01-28 03:07:00+00:00,4.58,459.6,139457
2026-01-28 03:08:00+00:00,4.30,463.3,128526
2026-01-28 03:09:00+00:00,4.18,465.8,124619
2026-01-28 03:10:00+00:00,4.27,465.5,127170
2026-01-28 03:11:00+00:00,4.31,465.5,134030
2026-01-28 03:12:00+00:00,4.20,466.1,129933
2026-01-28 03:13:00+00:00,4.00,464.4,113499
2026-01-28 03:14:00+00:00,4.28,462.5,120700
2026-01-28 03:15:00+00:00,4.27,461.7,125795
2026-01-28 03:16:00+00:00,4.19,462.2,119054
2026-01-28 03:17:00+00:00,3.44,465.1,127531
2026-01-28 03:18:00+00:00,4.16,466.1,99469
2026-01-28 03:19:00+00:00,4.22,462.0,127650
2026-01-28 03:20:00+00:00,4.33,463.3,126759
2026-01-28 03:21:00+00:00,4.10,463.8,130458
2026-01-28 03:22:00+00:00,4.22,463.2,127779
2026-01-28 03:23:00+00:00,4.15,464.6,128216
2026-01-28 03:24:00+00:00,4.21,465.6,126801
2026-01-28 03:25:00+00:00,4.17,467.7,121714
2026-01-28 03:26:00+00:00,4.15,469.0,115100
2026-01-28 03:27:00+00:00,4.13,469.7,111026
2026-01-28 03:28:00+00:00,4.02,470.1,107947
2026-01-28 03:29:00+00:00,4.05,469.4,105513
2026-01-28 03:30:00+00:00,4.00,471.7,111461
2026-01-28 03:31:00+00:00,3.96,472.5,110843
2026-01-28 03:32:00+00:00,3.83,473.2,119043
2026-01-28 03:33:00+00:00,4.00,,
2026-01-28 03:34:00+00:00,4.00,474.6,118038
2026-01-28 03:35:00+00:00,4.28,471.7,114862
2026-01-28 03:36:00+00:00,3.95,474.1,110303
2026-01-28 03:37:00+00:00,4.42,469.5,116494
2026-01-28 03:38:00+00:00,4.33,469.3,121514
2026-01-28 03:39:00+00:00,4.38,467.6,119654
2026-01-28 03:40:00+00:00,4.20,468.9,114100
2026-01-28 03:41:00+00:00,4.17,472.4,116422
2026-01-28 03:42:00+00:00,4.20,474.6,116246
2026-01-28 03:43:00+00:00,4.15,475.2,112305
2026-01-28 03:44:00+00:00,4.17,478.6,113531
2026-01-28 03:45:00+00:00,4.23,485.7,115894
2026-01-28 03:46:00+00:00,4.41,488.4,119104
2026-01-28 03:47:00+00:00,4.18,490.1,119341
2026-01-28 03:48:00+00:00,3.75,491.6,133825
2026-01-28 03:49:00+00:00,3.56,490.2,157762
2026-01-28 03:50:00+00:00,4.59,483.4,150864
2026-01-28 03:51:00+00:00,4.64,482.2,163846
2026-01-28 03:52:00+00:00,4.83,481.2,154848
2026-01-28 03:53:00+00:00,3.95,484.9,144097
2026-01-28 03:54:00+00:00,4.23,482.8,141576
2026-01-28 03:55:00+00:00,4.25,476.4,125955
2026-01-28 03:56:00+00:00,4.21,473.0,113887
2026-01-28 03:57:00+00:00,4.37,473.2,114677
2026-01-28 04:00:00+00:00,4.19,472.2,136297
2026-01-28 04:01:00+00:00,4.31,472.6,137034
2026-01-28 04:02:00+00:00,4.63,473.6,135365
2026-01-28 04:03:00+00:00,4.62,473.0,121025
2026-01-28 04:04:00+00:00,4.51,472.4,112136
2026-01-28 04:05:00+00:00,4.62,471.8,111640
2026-01-28 04:07:00+00:00,4.40,473.2,86941
2026-01-28 04:08:00+00:00,4.75,469.0,95462
2026-01-28 04:09:00+00:00,4.61,469.1,100753
2026-01-28 04:10:00+00:00,4.78,467.7,110867
2026-01-28 04:11:00+00:00,4.63,467.7,112873
2026-01-28 04:12:00+00:00,4.38,466.3,105575
2026-01-28 04:13:00+00:00,4.57,466.7,102955
2026-01-28 04:14:00+00:00,4.87,467.2,104635
2026-01-28 04:15:00+00:00,4.89,466.5,103869
2026-01-28 04:16:00+00:00,4.80,466.5,99672
2026-01-28 04:17:00+00:00,4.76,466.8,98228
2026-01-28 04:18:00+00:00,4.67,467.3,104089
2026-01-28 04:19:00+00:00,4.63,469.0,94635
2026-01-28 04:20:00+00:00,4.49,469.7,94640
2026-01-28 04:21:00+00:00,4.52,470.1,92504
2026-01-28 04:22:00+00:00,4.55,469.7,101709
2026-01-28 04:23:00+00:00,4.72,468.9,88286
2026-01-28 04:24:00+00:00,4.39,469.4,87678
2026-01-28 04:25:00+00:00,4.61,469.0,89036
2026-01-28 04:26:00+00:00,4.46,469.4,87924
2026-01-28 04:27:00+00:00,4.47,470.1,83494
2026-01-28 04:28:00+00:00,4.16,469.2,93157
2026-01-28 04:29:00+00:00,4.52,466.7,98195
2026-01-28 04:30:00+00:00,4.79,465.0,89236
2026-01-28 04:31:00+00:00,4.70,464.9,83295
2026-01-28 04:32:00+00:00,4.82,465.4,91575
2026-01-28 04:33:00+00:00,4.90,465.1,99920
2026-01-28 04:34:00+00:00,5.16,463.7,95167
2026-01-28 04:35:00+00:00,4.95,464.7,98217
2026-01-28 04:36:00+00:00,5.08,465.3,92756
2026-01-28 04:37:00+00:00,4.92,469.0,123188
2026-01-28 04:38:00+00:00,5.01,468.0,109312
2026-01-28 04:39:00+00:00,5.01,,
2026-01-28 04:40:00+00:00,5.23,469.4,115917
2026-01-28 04:41:00+00:00,5.09,473.5,129261
2026-01-28 04:42:00+00:00,5.26,473.4,128033
2026-01-28 04:43:00+00:00,4.97,472.7,118708
2026-01-28 04:44:00+00:00,4.75,473.8,127370
2026-01-28 04:45:00+00:00,4.90,472.5,125120
