time_tag,bx_gsm,by_gsm,bz_gsm,lon_gsm,lat_gsm,bt
2026-01-06 17:15:00+00:00,-0.37,-4.24,3.15,264.96,36.48,5.29
2026-01-06 17:16:00+00:00,-0.24,-4.36,2.81,266.90,32.77,5.19
2026-01-06 17:17:00+00:00,-0.17,-4.50,2.51,267.86,29.11,5.15
2026-01-06 17:20:00+00:00,-0.34,-4.15,2.81,265.29,33.96,5.02
2026-01-06 17:21:00+00:00,-0.28,-4.26,2.71,266.19,32.46,5.06
2026-01-06 17:24:00+00:00,-0.36,-4.44,2.43,265.31,28.61,5.08
2026-01-06 17:25:00+00:00,-0.25,-4.38,2.46,266.76,29.33,5.03
2026-01-06 17:28:00+00:00,-0.30,-4.52,2.70,266.18,30.82,5.27
2026-01-06 17:29:00+00:00,-0.24,-4.35,2.71,266.87,31.86,5.13
2026-01-06 17:31:00+00:00,-0.20,-3.99,3.15,267.11,38.22,5.09
2026-01-06 17:32:00+00:00,-0.19,-4.23,2.66,267.44,32.18,5.00
2026-01-06 17:33:00+00:00,-0.23,-4.29,2.61,266.92,31.28,5.03
2026-01-06 17:36:00+00:00,0.02,-4.18,2.88,270.22,34.61,5.08
2026-01-06 17:37:00+00:00,-0.05,-4.18,2.94,269.27,35.14,5.11
2026-01-06 17:40:00+00:00,-0.07,-3.92,3.19,269.04,39.10,5.05
2026-01-06 17:41:00+00:00,0.07,-3.81,3.43,271.00,41.96,5.13
2026-01-06 17:44:00+00:00,-0.34,-4.19,2.98,265.32,35.31,5.15
2026-01-06 17:45:00+00:00,-0.39,-3.98,3.16,264.44,38.33,5.09
2026-01-06 17:46:00+00:00,-0.19,-4.58,2.16,267.62,25.22,5.06
2026-01-06 17:47:00+00:00,-0.22,-4.10,2.90,266.87,35.20,5.02
2026-01-06 17:48:00+00:00,-0.13,-3.96,2.88,268.15,36.06,4.90
2026-01-06 17:49:00+00:00,-0.03,-3.93,2.91,269.53,36.47,4.89
2026-01-06 17:52:00+00:00,-0.86,-4.03,2.84,258.00,34.63,5.00
2026-01-06 17:53:00+00:00,-1.01,-4.04,2.87,255.92,34.56,5.06
2026-01-06 17:55:00+00:00,-0.96,-4.11,1.93,256.81,24.62,4.64
2026-01-06 17:56:00+00:00,-0.87,-4.05,2.70,257.82,33.12,4.95
2026-01-06 17:57:00+00:00,-0.86,-4.05,2.64,258.00,32.55,4.91
2026-01-06 17:59:00+00:00,-0.83,-4.10,2.25,258.63,28.28,4.75
2026-01-06 18:00:00+00:00,-0.73,-3.97,2.57,259.58,32.49,4.79
2026-01-06 18:01:00+00:00,-0.55,-3.87,2.64,261.98,34.09,4.72
2026-01-06 18:04:00+00:00,-0.76,-3.64,2.95,258.19,38.49,4.75
2026-01-06 18:05:00+00:00,-0.73,-3.40,3.13,257.89,41.98,4.68
2026-01-06 18:06:00+00:00,-0.35,-4.05,3.46,265.08,40.40,5.33
2026-01-06 18:08:00+00:00,-0.64,-3.16,3.21,258.63,44.89,4.55
2026-01-06 18:09:00+00:00,-0.43,-3.05,3.22,262.07,46.25,4.46
2026-01-06 18:11:00+00:00,0.02,-2.19,3.79,270.53,59.91,4.38
2026-01-06 18:12:00+00:00,0.07,-2.19,3.88,271.88,60.50,4.46
2026-01-06 18:13:00+00:00,-0.12,-2.32,3.55,266.97,56.85,4.24
2026-01-06 18:16:00+00:00,0.03,-2.23,3.47,270.83,57.25,4.12
2026-01-06 18:17:00+00:00,0.09,-2.19,3.62,272.25,58.85,4.23
2026-01-06 18:20:00+00:00,0.04,-2.03,3.66,270.99,60.95,4.18
2026-01-06 18:21:00+00:00,-0.09,-2.29,3.49,267.76,56.71,4.17
2026-01-06 18:22:00+00:00,0.72,-2.60,3.36,285.49,51.20,4.31
2026-01-06 18:24:00+00:00,0.99,-1.32,3.63,306.69,65.52,3.98
2026-01-06 18:25:00+00:00,0.91,-1.29,3.54,305.08,65.93,3.88
2026-01-06 18:28:00+00:00,1.08,-0.65,3.55,329.11,70.43,3.77
2026-01-06 18:29:00+00:00,1.96,2.02,0.27,45.78,5.50,2.83
2026-01-06 18:31:00+00:00,2.45,2.41,1.54,44.59,24.08,3.76
2026-01-06 18:32:00+00:00,2.54,2.55,0.28,45.03,4.37,3.61
2026-01-06 18:33:00+00:00,2.55,2.55,-0.64,44.94,-10.03,3.66
2026-01-06 18:35:00+00:00,2.22,2.88,1.74,52.44,25.52,4.03
2026-01-06 18:36:00+00:00,2.24,3.02,1.19,53.48,17.54,3.94
2026-01-06 18:37:00+00:00,3.41,1.52,0.19,24.01,2.99,3.74
2026-01-06 18:40:00+00:00,2.59,2.33,0.96,41.97,15.48,3.61
2026-01-06 18:41:00+00:00,1.45,3.55,1.51,67.75,21.54,4.13
2026-01-06 18:44:00+00:00,3.31,1.69,0.66,27.01,10.15,3.77
2026-01-06 18:45:00+00:00,2.43,2.70,1.45,48.03,21.78,3.91
2026-01-06 18:47:00+00:00,1.72,2.80,-2.48,58.43,-37.06,4.12
2026-01-06 18:48:00+00:00,1.73,3.02,-1.96,60.21,-29.36,3.99
2026-01-06 18:49:00+00:00,2.11,2.95,-1.78,54.44,-26.09,4.04
2026-01-06 18:50:00+00:00,2.45,3.24,-2.26,52.84,-29.07,4.65
2026-01-06 18:51:00+00:00,1.59,3.04,-2.34,62.39,-34.33,4.16
2026-01-06 18:52:00+00:00,2.18,3.00,-1.51,54.00,-22.16,4.01
2026-01-06 18:53:00+00:00,2.21,3.19,0.12,55.27,1.76,3.89
2026-01-06 18:56:00+00:00,1.05,3.11,-2.55,71.38,-37.88,4.15
2026-01-06 18:57:00+00:00,3.02,1.53,-1.69,26.88,-26.46,3.78
2026-01-06 19:00:00+00:00,3.71,0.53,-0.91,8.06,-13.66,3.86
2026-01-06 19:01:00+00:00,3.51,-0.10,-0.95,358.32,-15.10,3.64
2026-01-06 19:04:00+00:00,3.42,-0.67,1.92,348.96,28.89,3.98
2026-01-06 19:05:00+00:00,2.34,1.04,1.76,23.97,34.47,3.11
2026-01-06 19:06:00+00:00,3.07,2.25,1.67,36.29,23.65,4.15
2026-01-06 19:08:00+00:00,3.27,0.03,2.61,0.47,38.68,4.18
2026-01-06 19:09:00+00:00,3.33,0.22,2.51,3.82,36.99,4.17
2026-01-06 19:10:00+00:00,3.36,0.57,1.14,9.62,18.45,3.59
2026-01-06 19:12:00+00:00,3.43,0.22,2.45,3.71,35.54,4.22
2026-01-06 19:13:00+00:00,3.49,0.31,2.29,5.16,33.19,4.18
2026-01-06 19:14:00+00:00,3.91,-0.10,1.70,358.52,23.48,4.27
2026-01-06 19:16:00+00:00,2.85,-0.48,3.37,350.53,49.40,4.44
2026-01-06 19:17:00+00:00,2.84,-0.90,3.26,342.34,47.56,4.41
2026-01-06 19:20:00+00:00,2.77,-1.28,3.42,335.15,48.26,4.58
2026-01-06 19:21:00+00:00,2.79,-1.64,3.30,329.64,45.53,4.62
2026-01-06 19:23:00+00:00,3.02,-1.37,3.05,335.62,42.63,4.50
2026-01-06 19:24:00+00:00,2.83,-1.42,3.22,333.35,45.42,4.52
2026-01-06 19:25:00+00:00,2.80,-2.08,2.88,323.48,39.55,4.53
2026-01-06 19:28:00+00:00,2.99,-1.78,3.17,329.29,42.37,4.71
2026-01-06 19:29:00+00:00,2.55,-2.44,3.21,316.20,42.27,4.77
2026-01-06 19:30:00+00:00,2.50,-3.37,3.12,306.60,36.61,5.23
2026-01-06 19:32:00+00:00,1.47,-3.43,3.32,293.26,41.70,4.99
2026-01-06 19:33:00+00:00,1.21,-3.58,3.35,288.61,41.54,5.05
2026-01-06 19:36:00+00:00,2.23,-2.93,3.02,307.36,39.33,4.76
2026-01-06 19:37:00+00:00,2.12,-3.04,3.05,304.86,39.40,4.80
2026-01-06 19:38:00+00:00,1.95,-2.12,3.56,312.56,51.05,4.58
2026-01-06 19:39:00+00:00,1.68,-4.01,2.14,292.73,26.15,4.85
2026-01-06 19:40:00+00:00,1.64,-3.63,2.68,294.36,33.91,4.80
2026-01-06 19:41:00+00:00,1.59,-3.45,3.14,294.70,39.57,4.93
2026-01-06 19:42:00+00:00,1.80,-2.89,2.11,301.83,31.74,4.00
2026-01-06 19:44:00+00:00,1.79,-3.07,3.39,300.33,43.66,4.91
2026-01-06 19:45:00+00:00,1.68,-3.17,3.35,297.97,43.00,4.91
2026-01-06 19:46:00+00:00,2.09,-3.17,3.02,303.38,38.55,4.85
2026-01-06 19:48:00+00:00,2.37,-2.36,3.38,315.07,45.32,4.76
2026-01-06 19:49:00+00:00,2.43,-2.39,3.12,315.57,42.48,4.62
2026-01-06 19:52:00+00:00,2.61,-1.60,3.53,328.45,49.02,4.67
2026-01-06 19:53:00+00:00,2.82,-1.39,3.46,333.72,47.76,4.67
2026-01-06 19:54:00+00:00,2.70,-0.58,4.29,347.88,57.19,5.10
2026-01-06 19:56:00+00:00,2.99,-0.85,3.40,344.07,47.56,4.60
2026-01-06 19:57:00+00:00,3.14,-0.76,3.51,346.38,47.38,4.78
2026-01-06 19:58:00+00:00,2.75,0.16,3.07,3.38,48.05,4.13
2026-01-06 19:59:00+00:00,3.08,-1.52,3.71,333.78,47.17,5.06
2026-01-06 20:00:00+00:00,2.97,-0.83,3.65,344.34,49.86,4.78
2026-01-06 20:01:00+00:00,2.78,-1.19,3.62,336.90,50.06,4.72
2026-01-06 20:04:00+00:00,2.79,-1.43,3.53,332.89,48.33,4.72
2026-01-06 20:05:00+00:00,2.51,-1.72,3.60,325.55,49.74,4.72
2026-01-06 20:07:00+00:00,2.37,-1.83,3.25,322.42,47.36,4.42
2026-01-06 20:08:00+00:00,2.31,-2.16,3.71,316.90,49.56,4.87
2026-01-06 20:09:00+00:00,2.30,-2.02,3.74,318.61,50.71,4.84
2026-01-06 20:12:00+00:00,2.63,-1.63,3.72,328.29,50.27,4.84
2026-01-06 20:13:00+00:00,2.60,-1.47,3.75,330.54,51.54,4.79
2026-01-06 20:14:00+00:00,2.46,-0.79,3.35,342.27,52.36,4.22
2026-01-06 20:16:00+00:00,2.75,-1.26,3.66,335.45,50.39,4.75
2026-01-06 20:17:00+00:00,2.91,-1.47,3.38,333.16,45.99,4.70
2026-01-06 20:18:00+00:00,2.54,-1.93,2.69,322.80,40.13,4.17
2026-01-06 20:20:00+00:00,2.23,-1.82,3.86,320.76,53.29,4.81
2026-01-06 20:21:00+00:00,2.39,-1.77,3.60,323.44,50.51,4.67
2026-01-06 20:24:00+00:00,1.51,-2.32,4.13,303.07,56.16,4.98
2026-01-06 20:25:00+00:00,1.38,-1.92,4.42,305.76,61.80,5.01
2026-01-06 20:26:00+00:00,1.53,-1.46,5.49,316.34,68.98,5.88
2026-01-06 20:28:00+00:00,2.37,-1.91,3.68,321.17,50.41,4.77
2026-01-06 20:29:00+00:00,2.36,-2.46,3.63,313.87,46.78,4.98
2026-01-06 20:30:00+00:00,2.02,-1.76,3.66,319.00,53.80,4.54
2026-01-06 20:32:00+00:00,1.74,-3.36,3.55,297.35,43.13,5.19
2026-01-06 20:33:00+00:00,1.78,-3.14,3.47,299.58,43.85,5.01
2026-01-06 20:36:00+00:00,1.25,-3.65,3.28,288.96,40.35,5.06
2026-01-06 20:37:00+00:00,1.62,-3.19,3.44,296.88,43.96,4.96
2026-01-06 20:38:00+00:00,1.74,-3.70,3.53,295.25,40.84,5.40
2026-01-06 20:39:00+00:00,1.69,-3.05,3.33,299.07,43.66,4.82
2026-01-06 20:40:00+00:00,1.81,-3.28,3.19,298.93,40.40,4.92
2026-01-06 20:41:00+00:00,2.57,-1.05,3.69,337.76,53.05,4.62
2026-01-06 20:42:00+00:00,2.62,-1.22,4.76,335.11,58.75,5.57
2026-01-06 20:44:00+00:00,2.61,-0.88,3.59,341.38,52.49,4.52
2026-01-06 20:45:00+00:00,2.55,-1.25,3.70,333.83,52.45,4.66
2026-01-06 20:46:00+00:00,2.22,-0.60,4.20,344.84,61.37,4.79
2026-01-06 20:48:00+00:00,2.20,-2.09,3.56,316.52,49.61,4.68
2026-01-06 20:49:00+00:00,2.26,-1.65,3.97,323.90,54.85,4.86
2026-01-06 20:50:00+00:00,2.02,-1.18,3.26,329.79,54.34,4.01
2026-01-06 20:52:00+00:00,2.27,-2.18,3.96,316.13,51.53,5.06
2026-01-06 20:53:00+00:00,2.36,-1.80,3.78,322.68,51.82,4.81
2026-01-06 20:54:00+00:00,2.45,-2.03,3.38,320.41,46.74,4.64
2026-01-06 20:56:00+00:00,2.05,-2.38,3.61,310.69,48.97,4.78
2026-01-06 20:57:00+00:00,2.02,-3.06,3.25,303.46,41.56,4.90
2026-01-06 21:00:00+00:00,1.82,-2.53,3.40,305.77,47.44,4.61
2026-01-06 21:01:00+00:00,2.01,-2.79,3.32,305.80,43.97,4.78
2026-01-06 21:02:00+00:00,1.86,-2.12,4.13,311.32,55.72,5.00
2026-01-06 21:04:00+00:00,2.04,-3.27,2.98,302.02,37.75,4.87
2026-01-06 21:05:00+00:00,2.13,-2.99,3.24,305.37,41.44,4.90
2026-01-06 21:06:00+00:00,1.87,-2.36,2.58,308.38,40.60,3.96
2026-01-06 21:08:00+00:00,2.38,-2.47,3.71,314.01,47.24,5.05
2026-01-06 21:09:00+00:00,2.38,-1.93,3.71,321.05,50.45,4.81
2026-01-06 21:10:00+00:00,2.15,-3.00,2.84,305.63,37.57,4.66
2026-01-06 21:12:00+00:00,2.44,-1.62,3.83,326.46,52.61,4.82
2026-01-06 21:13:00+00:00,2.38,-1.86,3.75,321.99,51.13,4.82
2026-01-06 21:14:00+00:00,2.58,-2.31,4.34,318.14,51.43,5.56
2026-01-06 21:16:00+00:00,1.16,-3.92,2.65,286.52,32.89,4.87
2026-01-06 21:17:00+00:00,1.27,-3.91,2.75,288.02,33.76,4.94
2026-01-06 21:18:00+00:00,1.54,-2.94,4.21,297.71,51.74,5.36
2026-01-06 21:20:00+00:00,1.47,-3.63,3.06,291.99,38.03,4.97
2026-01-06 21:21:00+00:00,1.60,-3.36,3.26,295.44,41.24,4.95
2026-01-06 21:22:00+00:00,1.16,-2.27,3.28,297.06,52.11,4.16
2026-01-06 21:24:00+00:00,1.82,-2.83,3.62,302.76,47.04,4.95
2026-01-06 21:25:00+00:00,1.82,-2.53,3.74,305.66,50.19,4.87
2026-01-06 21:26:00+00:00,1.73,-2.26,3.10,307.46,47.41,4.21
2026-01-06 21:28:00+00:00,1.77,-2.56,3.86,304.72,51.11,4.96
2026-01-06 21:29:00+00:00,1.89,-2.15,3.98,311.33,54.30,4.90
2026-01-06 21:30:00+00:00,1.94,-3.22,4.13,301.09,47.67,5.59
2026-01-06 21:32:00+00:00,1.80,-2.59,3.69,304.74,49.50,4.85
2026-01-06 21:33:00+00:00,1.57,-2.61,3.85,301.06,51.61,4.91
2026-01-06 21:34:00+00:00,1.73,-2.46,4.82,305.09,58.02,5.68
2026-01-06 21:36:00+00:00,1.54,-3.46,3.31,294.08,41.14,5.03
2026-01-06 21:37:00+00:00,1.37,-3.38,3.57,292.03,44.43,5.10
2026-01-06 21:38:00+00:00,1.11,-2.23,3.76,296.48,56.53,4.51
2026-01-06 21:40:00+00:00,1.25,-1.56,4.42,308.61,65.61,4.85
2026-01-06 21:41:00+00:00,1.10,-1.45,4.49,307.10,68.00,4.85
2026-01-06 21:42:00+00:00,0.75,-0.76,3.89,314.63,74.69,4.04
2026-01-06 21:44:00+00:00,1.45,-1.48,4.56,314.38,65.60,5.01
2026-01-06 21:45:00+00:00,1.49,-1.35,4.57,317.65,66.26,4.99
2026-01-06 21:48:00+00:00,1.53,-2.03,4.29,307.11,59.37,4.99
2026-01-06 21:49:00+00:00,1.49,-2.29,4.22,303.02,57.08,5.03
2026-01-06 21:50:00+00:00,1.61,-2.43,5.19,303.55,60.65,5.95
2026-01-06 21:52:00+00:00,1.87,-1.30,4.27,325.10,61.92,4.84
2026-01-06 21:53:00+00:00,2.04,-1.64,4.33,321.18,58.81,5.07
2026-01-06 21:54:00+00:00,1.85,-0.89,4.68,334.32,66.35,5.11
2026-01-06 21:56:00+00:00,2.10,-1.77,4.17,319.77,56.62,4.99
2026-01-06 21:57:00+00:00,2.13,-1.29,4.34,328.74,60.11,5.00
2026-01-06 22:00:00+00:00,2.63,-1.66,4.07,327.68,52.66,5.13
2026-01-06 22:01:00+00:00,2.34,-0.97,4.24,337.57,59.12,4.94
2026-01-06 22:05:00+00:00,2.73,-1.37,3.96,333.37,52.42,5.00
2026-01-06 22:09:00+00:00,3.13,-2.14,3.41,325.66,41.97,5.09
2026-01-06 22:13:00+00:00,3.43,-2.11,2.63,328.42,33.16,4.81
2026-01-06 22:17:00+00:00,2.35,-1.38,4.31,329.59,57.63,5.10
2026-01-06 22:21:00+00:00,2.96,-1.05,3.93,340.55,51.39,5.03
2026-01-06 22:25:00+00:00,2.59,-2.40,3.69,317.20,46.28,5.10
2026-01-06 22:29:00+00:00,2.40,-1.70,4.33,324.63,55.79,5.24
2026-01-06 22:33:00+00:00,3.23,-2.43,3.11,323.04,37.59,5.10
2026-01-06 22:37:00+00:00,3.20,-2.62,3.06,320.75,36.45,5.14
2026-01-06 22:41:00+00:00,3.39,-1.83,3.47,331.61,42.04,5.19
2026-01-06 22:45:00+00:00,4.27,-0.18,2.13,357.57,26.45,4.77
2026-01-06 22:49:00+00:00,4.38,-0.84,1.69,349.14,20.69,4.77
2026-01-06 22:53:00+00:00,4.27,-1.69,1.49,338.38,17.96,4.83
2026-01-06 22:57:00+00:00,4.17,-2.53,1.01,328.81,11.74,4.98
2026-01-06 23:01:00+00:00,3.91,-3.28,1.27,320.00,14.01,5.26
2026-01-06 23:05:00+00:00,3.03,-2.86,3.54,316.66,40.36,5.47
2026-01-06 23:09:00+00:00,3.43,-3.93,-0.64,311.11,-7.04,5.25
2026-01-06 23:13:00+00:00,3.89,-3.34,0.15,319.32,1.67,5.13
2026-01-06 23:17:00+00:00,3.72,-3.46,-0.10,317.11,-1.12,5.08
2026-01-06 23:21:00+00:00,2.11,-2.54,4.35,309.70,52.83,5.45
2026-01-06 23:25:00+00:00,-0.07,-3.46,4.48,268.79,52.34,5.66
2026-01-06 23:29:00+00:00,2.46,-3.78,2.84,303.05,32.20,5.33
2026-01-06 23:33:00+00:00,2.22,-3.93,3.07,299.47,34.23,5.45
2026-01-06 23:37:00+00:00,2.39,-3.64,3.06,303.28,35.15,5.32
2026-01-06 23:41:00+00:00,1.80,-4.68,1.89,291.08,20.64,5.36
2026-01-06 23:45:00+00:00,1.15,-5.20,0.94,282.48,9.95,5.41
2026-01-06 23:49:00+00:00,0.76,-5.51,0.50,277.83,5.17,5.58
2026-01-06 23:53:00+00:00,1.10,-5.32,0.74,281.68,7.75,5.48
2026-01-06 23:57:00+00:00,-0.13,-5.17,-1.75,268.51,-18.64,5.46
2026-01-07 00:01:00+00:00,-0.60,2.68,5.25,102.68,62.40,5.92
2026-01-07 00:05:00+00:00,0.82,2.59,4.85,72.51,60.72,5.56
2026-01-07 00:06:00+00:00,1.76,3.46,4.64,63.09,50.07,6.04
2026-01-07 00:09:00+00:00,1.88,1.92,4.95,45.69,61.51,5.63
2026-01-07 00:13:00+00:00,1.67,1.96,5.02,49.44,62.84,5.64
2026-01-07 00:17:00+00:00,2.02,0.94,5.20,24.91,66.84,5.65
2026-01-07 00:21:00+00:00,1.65,0.09,5.41,3.10,73.07,5.66
2026-01-07 00:25:00+00:00,2.28,0.02,5.01,0.59,65.48,5.50
2026-01-07 00:29:00+00:00,1.86,-0.63,5.24,341.45,69.44,5.60
2026-01-07 00:33:00+00:00,3.36,-0.71,4.05,348.09,49.70,5.31
2026-01-07 00:37:00+00:00,3.25,-0.82,4.13,345.89,50.96,5.32
2026-01-07 00:41:00+00:00,2.89,-1.66,4.30,330.08,52.20,5.44
2026-01-07 00:45:00+00:00,2.89,-1.70,4.43,329.50,52.84,5.56
2026-01-07 00:49:00+00:00,2.48,1.46,4.22,30.44,55.70,5.11
2026-01-07 00:53:00+00:00,3.49,-0.57,3.79,350.70,47.00,5.18
2026-01-07 00:57:00+00:00,3.27,0.70,4.10,12.11,50.76,5.29
2026-01-07 01:01:00+00:00,3.29,1.26,4.03,20.98,48.80,5.35
2026-01-07 01:05:00+00:00,3.94,-0.72,3.53,349.59,41.41,5.34
2026-01-07 01:09:00+00:00,4.06,-0.07,3.19,359.07,38.15,5.16
2026-01-07 01:13:00+00:00,4.11,-1.20,3.23,343.71,37.03,5.37
2026-01-07 01:17:00+00:00,4.65,-0.79,2.29,350.34,25.88,5.24
2026-01-07 01:18:00+00:00,3.93,-0.43,3.32,353.79,40.06,5.16
2026-01-07 01:21:00+00:00,3.63,-2.13,3.37,329.61,38.67,5.39
2026-01-07 01:25:00+00:00,3.55,-2.43,3.11,325.63,35.90,5.31
2026-01-07 01:29:00+00:00,3.54,-2.87,2.73,320.91,30.93,5.31
2026-01-07 01:33:00+00:00,3.79,-3.17,1.67,320.11,18.72,5.21
2026-01-07 01:37:00+00:00,3.86,-3.31,1.07,319.44,11.84,5.20
2026-01-07 01:38:00+00:00,3.65,-2.69,0.42,323.56,5.33,4.56
2026-01-07 01:41:00+00:00,4.07,-2.27,2.62,330.85,29.38,5.35
2026-01-07 01:45:00+00:00,3.92,-3.48,1.17,318.42,12.61,5.38
2026-01-07 01:49:00+00:00,4.30,-3.14,0.11,323.90,1.15,5.33
2026-01-07 01:53:00+00:00,3.98,-3.57,-0.85,318.07,-9.01,5.41
2026-01-07 01:54:00+00:00,3.77,-2.80,-1.94,323.42,-22.42,5.08
2026-01-07 01:57:00+00:00,4.12,-3.00,-1.17,323.95,-12.98,5.23
2026-01-07 02:01:00+00:00,4.40,-2.30,-1.45,332.38,-16.29,5.18
2026-01-07 02:05:00+00:00,4.33,-2.56,-1.56,329.44,-17.28,5.26
2026-01-07 02:09:00+00:00,4.20,-2.66,-1.01,327.62,-11.46,5.07
2026-01-07 02:13:00+00:00,3.56,-2.35,-2.28,326.56,-28.12,4.84
2026-01-07 02:14:00+00:00,3.66,-2.69,-2.78,323.65,-31.41,5.33
2026-01-07 02:17:00+00:00,4.00,-1.92,-1.87,334.38,-22.82,4.81
2026-01-07 02:22:00+00:00,3.43,-2.28,-1.45,326.40,-19.33,4.37
2026-01-07 02:25:00+00:00,3.28,-3.12,-1.69,316.39,-20.50,4.83
2026-01-07 02:26:00+00:00,3.47,-2.33,-1.20,326.12,-15.99,4.35
2026-01-07 02:29:00+00:00,-1.88,-1.83,5.87,224.30,65.90,6.43
2026-01-07 02:33:00+00:00,-1.26,-2.02,5.81,238.05,67.76,6.28
2026-01-07 02:34:00+00:00,-1.23,-2.56,5.76,244.34,63.80,6.42
2026-01-07 02:37:00+00:00,-1.15,-2.16,5.72,241.95,66.88,6.22
2026-01-07 02:41:00+00:00,-1.23,-2.31,5.71,241.99,65.36,6.28
2026-01-07 02:42:00+00:00,-1.23,-1.07,6.04,221.04,74.90,6.25
2026-01-07 02:45:00+00:00,-0.92,-2.11,5.73,246.38,68.09,6.18
2026-01-07 02:46:00+00:00,-1.65,-1.64,4.85,224.99,64.38,5.38
2026-01-07 02:50:00+00:00,-2.35,-2.47,5.35,226.47,57.51,6.35
2026-01-07 02:53:00+00:00,-2.54,-1.61,5.80,212.41,62.61,6.53
2026-01-07 02:54:00+00:00,-1.75,-1.98,6.78,228.61,68.71,7.28
2026-01-07 03:01:00+00:00,-0.29,-2.01,5.92,261.83,71.06,6.26
2026-01-07 03:02:00+00:00,-0.80,-1.11,5.34,234.12,75.67,5.52
2026-01-07 03:05:00+00:00,2.70,-3.62,2.35,306.74,27.51,5.10
2026-01-07 03:09:00+00:00,3.14,-3.24,2.25,314.11,26.58,5.04
2026-01-07 03:10:00+00:00,3.08,-3.69,3.50,309.92,36.03,5.94
2026-01-07 03:13:00+00:00,0.75,-2.67,4.82,285.71,60.07,5.56
2026-01-07 03:14:00+00:00,0.95,-2.03,5.67,295.16,68.40,6.10
2026-01-07 03:18:00+00:00,-0.27,-2.87,4.20,264.72,55.54,5.09
2026-01-07 03:21:00+00:00,0.52,-3.25,4.97,279.13,56.49,5.96
2026-01-07 03:22:00+00:00,0.20,-3.74,4.28,273.13,48.83,5.69
2026-01-07 03:29:00+00:00,-0.19,-3.40,5.30,266.76,57.24,6.30
2026-01-07 03:30:00+00:00,-0.03,-2.76,6.40,269.34,66.65,6.97
2026-01-07 03:33:00+00:00,2.07,-4.19,3.46,296.36,36.49,5.81
2026-01-07 03:34:00+00:00,2.70,-3.55,1.99,307.30,24.08,4.89
2026-01-07 03:38:00+00:00,3.05,-4.79,-0.44,302.49,-4.38,5.70
2026-01-07 03:41:00+00:00,3.96,-3.91,-0.48,315.38,-4.94,5.59
2026-01-07 03:42:00+00:00,4.22,-4.66,-0.28,312.15,-2.54,6.30
2026-01-07 03:46:00+00:00,-0.05,-2.38,6.85,268.81,70.84,7.25
2026-01-07 03:49:00+00:00,0.20,-4.12,4.81,272.77,49.40,6.34
2026-01-07 03:50:00+00:00,0.68,-2.63,5.17,284.46,62.33,5.84
2026-01-07 03:57:00+00:00,2.04,-5.26,2.29,291.17,22.12,6.09
2026-01-07 04:05:00+00:00,2.57,-4.77,2.79,298.28,27.27,6.10
2026-01-07 04:09:00+00:00,-0.08,-2.52,5.87,268.28,66.74,6.39
2026-01-07 04:13:00+00:00,-0.32,-3.87,5.02,265.31,52.32,6.35
2026-01-07 04:16:00+00:00,1.16,-2.85,6.54,292.22,64.80,7.23
2026-01-07 04:17:00+00:00,0.40,-2.93,5.65,277.70,62.37,6.38
2026-01-07 04:21:00+00:00,1.82,-4.93,3.87,290.20,36.38,6.53
2026-01-07 04:24:00+00:00,2.21,-4.66,2.04,295.36,21.56,5.55
2026-01-07 04:25:00+00:00,3.05,-4.59,2.29,303.61,22.58,5.96
2026-01-07 04:29:00+00:00,3.84,-4.14,1.37,312.89,13.67,5.81
2026-01-07 04:32:00+00:00,1.27,-5.68,4.30,282.60,36.46,7.24
2026-01-07 04:33:00+00:00,1.42,-4.94,3.70,285.98,35.71,6.33
2026-01-07 04:41:00+00:00,1.27,-5.13,3.97,283.91,36.95,6.61
2026-01-07 04:45:00+00:00,0.60,-3.96,5.10,278.65,51.80,6.48
2026-01-07 04:49:00+00:00,0.31,-4.53,4.59,273.88,45.34,6.45
2026-01-07 04:52:00+00:00,0.69,-4.54,4.69,278.59,45.60,6.57
2026-01-07 04:53:00+00:00,0.51,-5.23,4.09,275.55,37.92,6.66
2026-01-07 04:57:00+00:00,0.50,-4.25,5.34,276.72,51.29,6.85
2026-01-07 05:00:00+00:00,-0.29,-3.97,5.10,265.82,52.04,6.47
2026-01-07 05:01:00+00:00,-0.40,-3.01,6.08,262.33,63.48,6.79
2026-01-07 05:05:00+00:00,-0.12,-3.80,5.32,268.13,54.42,6.54
2026-01-07 05:09:00+00:00,-0.20,-3.90,5.47,267.10,54.48,6.72
2026-01-07 05:13:00+00:00,0.01,-3.02,6.18,270.22,63.94,6.88
2026-01-07 05:17:00+00:00,-1.34,-3.48,5.93,248.93,57.83,7.00
2026-01-07 05:20:00+00:00,1.51,-4.88,5.18,287.21,45.37,7.27
2026-01-07 05:21:00+00:00,1.21,-3.67,5.31,288.18,53.97,6.57
2026-01-07 05:25:00+00:00,1.59,-3.61,5.20,293.83,52.83,6.52
2026-01-07 05:29:00+00:00,1.35,-3.58,5.64,290.72,55.87,6.81
2026-01-07 05:33:00+00:00,1.36,-2.81,5.99,295.76,62.46,6.75
2026-01-07 05:37:00+00:00,-1.95,-4.25,4.91,245.36,46.41,6.78
2026-01-07 05:41:00+00:00,0.29,-3.88,5.26,274.29,53.49,6.55
2026-01-07 05:45:00+00:00,2.24,-3.46,5.19,302.93,51.52,6.63
2026-01-07 05:49:00+00:00,2.74,-1.93,5.57,324.83,59.01,6.50
2026-01-07 05:57:00+00:00,2.78,-2.15,5.26,322.29,56.29,6.32
2026-01-07 06:01:00+00:00,2.02,-3.90,5.01,297.37,48.76,6.67
2026-01-07 06:05:00+00:00,1.90,-4.46,4.62,293.09,43.63,6.70
2026-01-07 06:09:00+00:00,0.99,-3.86,5.11,284.33,52.08,6.48
2026-01-07 06:13:00+00:00,1.75,-3.17,5.37,298.88,56.06,6.48
2026-01-07 06:17:00+00:00,1.31,-3.39,5.66,291.12,57.29,6.73
2026-01-07 06:21:00+00:00,1.52,-2.44,6.18,301.96,65.06,6.81
2026-01-07 06:25:00+00:00,0.77,-2.10,6.48,290.01,70.92,6.85
2026-01-07 06:33:00+00:00,-1.09,-1.08,6.73,224.83,77.13,6.91
2026-01-07 06:45:00+00:00,-2.84,-2.77,5.99,224.32,56.48,7.18
2026-01-07 06:53:00+00:00,-0.25,-2.44,6.55,264.10,69.43,6.99
2026-01-07 07:01:00+00:00,3.70,-4.49,3.16,309.45,28.49,6.62
2026-01-07 07:17:00+00:00,3.87,-4.35,2.53,311.70,23.48,6.35
2026-01-07 08:33:00+00:00,3.39,-2.58,4.05,322.73,43.55,5.87
2026-01-07 08:41:00+00:00,2.90,-4.66,3.70,301.83,33.99,6.62
2026-01-07 08:45:00+00:00,2.82,-4.27,3.71,303.39,35.98,6.32
2026-01-07 08:51:00+00:00,3.40,-4.78,2.64,305.44,24.24,6.43
2026-01-07 09:18:00+00:00,2.98,-4.55,3.53,303.21,32.96,6.48
2026-01-07 09:22:00+00:00,2.33,-3.33,2.72,305.00,33.77,4.90
2026-01-07 09:23:00+00:00,1.65,-2.37,0.84,304.94,16.25,3.01
2026-01-07 09:24:00+00:00,0.72,-1.35,-2.13,297.95,-54.29,2.62
2026-01-07 09:25:00+00:00,0.20,-0.23,-4.06,310.62,-85.71,4.07
2026-01-07 09:26:00+00:00,0.62,-0.11,-3.20,350.14,-78.93,3.26
2026-01-07 09:27:00+00:00,0.87,-0.48,-3.65,331.05,-74.79,3.78
2026-01-07 09:28:00+00:00,1.48,-1.41,-3.12,316.30,-56.75,3.73
2026-01-07 09:29:00+00:00,1.25,-0.50,-4.57,338.31,-73.55,4.77
2026-01-07 09:30:00+00:00,1.32,0.47,-3.83,19.82,-69.93,4.08
2026-01-07 09:31:00+00:00,1.50,-0.11,-3.62,355.80,-67.40,3.92
2026-01-07 09:32:00+00:00,1.69,-0.73,-3.54,336.70,-62.55,3.99
2026-01-07 09:33:00+00:00,1.92,-2.52,-3.82,307.31,-50.31,4.96
2026-01-07 09:34:00+00:00,1.95,-2.84,-4.11,304.46,-50.08,5.36
2026-01-07 09:35:00+00:00,1.95,-2.04,-3.30,313.77,-49.51,4.35
2026-01-07 09:36:00+00:00,1.73,-1.89,-3.37,312.58,-52.80,4.24
2026-01-07 09:37:00+00:00,1.60,-1.88,-3.83,310.33,-57.23,4.56
2026-01-07 09:38:00+00:00,1.58,-2.68,-4.30,300.57,-54.12,5.31
2026-01-07 09:39:00+00:00,1.53,-1.98,-3.90,307.62,-57.28,4.63
2026-01-07 09:40:00+00:00,1.65,-1.21,-3.47,323.71,-59.42,4.03
2026-01-07 09:41:00+00:00,1.38,0.59,-3.79,22.96,-68.39,4.08
2026-01-07 09:42:00+00:00,1.40,0.87,-3.70,31.80,-65.99,4.05
2026-01-07 09:43:00+00:00,1.27,0.21,-4.75,9.35,-74.81,4.92
2026-01-07 09:44:00+00:00,1.65,-0.99,-3.38,328.95,-60.32,3.89
2026-01-07 09:45:00+00:00,1.61,-0.11,-2.71,356.09,-59.25,3.16
2026-01-07 09:46:00+00:00,1.65,-0.14,-2.37,355.04,-55.03,2.90
2026-01-07 09:47:00+00:00,1.53,-0.38,-3.60,345.99,-66.31,3.93
2026-01-07 09:48:00+00:00,1.33,-0.37,-5.02,344.50,-74.63,5.21
2026-01-07 09:49:00+00:00,1.67,-0.30,-3.80,349.89,-65.97,4.16
2026-01-07 09:50:00+00:00,1.91,0.08,-2.75,2.53,-55.19,3.35
2026-01-07 09:51:00+00:00,2.09,-0.17,-2.81,355.36,-53.30,3.51
2026-01-07 09:52:00+00:00,2.11,-0.29,-2.95,352.23,-54.12,3.64
2026-01-07 09:53:00+00:00,2.09,-0.99,-3.94,334.53,-59.61,4.57
2026-01-07 09:54:00+00:00,2.10,-0.77,-3.19,339.88,-55.05,3.90
2026-01-07 09:55:00+00:00,2.16,-0.76,-2.24,340.57,-44.36,3.21
2026-01-07 09:56:00+00:00,2.23,-0.42,-1.52,349.30,-33.76,2.73
2026-01-07 09:57:00+00:00,2.53,-0.68,-0.24,345.04,-5.14,2.63
2026-01-07 09:58:00+00:00,2.48,-0.80,-0.89,342.10,-18.94,2.75
2026-01-07 10:00:00+00:00,3.76,-3.61,2.09,316.18,21.86,5.61
2026-01-07 10:01:00+00:00,3.55,-3.76,1.91,313.30,20.30,5.51
2026-01-07 10:02:00+00:00,3.31,-3.93,1.68,310.14,18.16,5.40
2026-01-07 10:03:00+00:00,3.42,-3.76,1.93,312.26,20.76,5.44
2026-01-07 10:04:00+00:00,3.69,-3.12,2.29,319.76,25.31,5.35
2026-01-07 10:05:00+00:00,3.85,-2.92,2.49,322.88,27.23,5.43
2026-01-07 10:06:00+00:00,3.60,-3.30,2.10,317.56,23.28,5.32
2026-01-07 10:07:00+00:00,3.72,-3.27,2.60,318.72,27.70,5.59
2026-01-07 10:08:00+00:00,2.92,-3.72,2.67,308.16,29.43,5.43
2026-01-07 10:13:00+00:00,4.08,-2.94,2.81,324.16,29.19,5.76
2026-01-07 10:14:00+00:00,3.94,-3.20,2.18,320.92,23.27,5.53
2026-01-07 10:15:00+00:00,4.11,-3.29,1.85,321.32,19.40,5.58
2026-01-07 10:16:00+00:00,4.13,-3.51,1.70,319.67,17.40,5.68
2026-01-07 10:17:00+00:00,4.11,-3.10,2.10,322.96,22.16,5.56
2026-01-07 10:18:00+00:00,4.63,-2.44,2.51,332.22,25.64,5.81
2026-01-07 10:19:00+00:00,4.47,-2.84,2.09,327.51,21.53,5.69
2026-01-07 10:20:00+00:00,4.39,-2.64,1.88,328.95,20.15,5.46
2026-01-07 10:21:00+00:00,4.43,-3.23,2.22,323.88,22.07,5.92
2026-01-07 10:22:00+00:00,4.43,-3.18,2.64,324.33,25.81,6.06
2026-01-07 10:23:00+00:00,4.26,-3.30,1.98,322.30,20.14,5.74
2026-01-07 10:24:00+00:00,4.22,-3.41,2.51,321.04,24.84,5.98
2026-01-07 10:25:00+00:00,4.21,-3.52,2.21,320.09,21.91,5.92
2026-01-07 10:26:00+00:00,4.22,-3.50,2.12,320.31,21.14,5.87
2026-01-07 10:27:00+00:00,4.03,-3.19,1.94,321.67,20.71,5.50
2026-01-07 10:28:00+00:00,4.13,-3.30,2.77,321.37,27.64,5.97
2026-01-07 10:29:00+00:00,4.09,-3.69,2.57,317.89,25.05,6.08
2026-01-07 10:30:00+00:00,4.14,-2.96,2.10,324.44,22.42,5.51
2026-01-07 10:31:00+00:00,4.28,-2.94,2.72,325.54,27.59,5.86
2026-01-07 10:32:00+00:00,4.19,-3.31,2.42,321.74,24.42,5.86
2026-01-07 10:33:00+00:00,4.18,-3.20,2.57,322.51,26.03,5.86
2026-01-07 10:34:00+00:00,4.23,-3.17,2.60,323.16,26.17,5.89
2026-01-07 10:35:00+00:00,4.22,-3.20,2.33,322.81,23.77,5.79
2026-01-07 10:36:00+00:00,4.42,-3.29,2.90,323.31,27.74,6.23
2026-01-07 10:37:00+00:00,4.29,-3.09,1.89,324.20,19.71,5.61
2026-01-07 10:38:00+00:00,4.59,-3.13,2.56,325.69,24.77,6.12
2026-01-07 10:39:00+00:00,4.55,-3.11,2.52,325.69,24.52,6.06
2026-01-07 10:40:00+00:00,4.39,-3.02,2.41,325.43,24.29,5.85
2026-01-07 10:41:00+00:00,4.42,-3.27,2.24,323.52,22.16,5.94
2026-01-07 10:42:00+00:00,4.47,-3.85,2.52,319.26,23.12,6.42
2026-01-07 10:43:00+00:00,4.52,-3.34,2.28,323.58,22.08,6.06
2026-01-07 10:44:00+00:00,4.60,-3.93,2.64,319.48,23.55,6.60
2026-01-07 10:45:00+00:00,4.49,-3.81,2.48,319.66,22.87,6.39
2026-01-07 10:46:00+00:00,4.55,-3.82,2.76,319.99,24.91,6.55
2026-01-07 10:47:00+00:00,4.54,-3.40,2.73,323.18,25.77,6.29
2026-01-07 10:48:00+00:00,4.91,-3.48,2.28,324.71,20.74,6.44
2026-01-07 10:49:00+00:00,5.25,-3.04,1.59,329.98,14.66,6.27
2026-01-07 10:50:00+00:00,5.20,-3.04,1.70,329.68,15.73,6.26
2026-01-07 10:51:00+00:00,5.13,-3.04,1.89,329.34,17.61,6.25
2026-01-07 10:52:00+00:00,5.06,-3.10,1.72,328.53,16.11,6.18
2026-01-07 10:53:00+00:00,5.20,-3.34,1.92,327.32,17.27,6.47
2026-01-07 10:54:00+00:00,5.12,-3.32,1.82,327.05,16.65,6.37
2026-01-07 10:55:00+00:00,4.96,-3.15,2.07,327.57,19.42,6.23
2026-01-07 10:56:00+00:00,4.90,-2.88,2.39,329.56,22.81,6.17
2026-01-07 10:57:00+00:00,5.06,-3.21,2.56,327.59,23.15,6.51
2026-01-07 10:58:00+00:00,4.91,-2.90,2.87,329.42,26.71,6.38
2026-01-07 10:59:00+00:00,4.72,-3.34,2.30,324.78,21.65,6.22
2026-01-07 11:00:00+00:00,4.74,-3.16,2.21,326.29,21.18,6.10
2026-01-07 11:01:00+00:00,4.73,-3.21,2.64,325.81,24.77,6.29
2026-01-07 11:02:00+00:00,4.68,-3.22,2.78,325.47,26.12,6.33
2026-01-07 11:03:00+00:00,4.79,-3.12,2.80,326.90,26.09,6.37
2026-01-07 11:04:00+00:00,4.86,-2.61,3.20,331.79,30.12,6.38
2026-01-07 11:05:00+00:00,4.83,-3.02,2.99,327.96,27.71,6.43
2026-01-07 11:06:00+00:00,4.83,-3.05,3.33,327.71,30.21,6.61
2026-01-07 11:07:00+00:00,4.98,-3.00,3.17,328.97,28.62,6.63
2026-01-07 11:08:00+00:00,4.97,-2.91,3.61,329.61,32.09,6.80
2026-01-07 11:09:00+00:00,4.88,-2.60,3.39,331.96,31.52,6.49
2026-01-07 11:10:00+00:00,5.04,-3.01,3.41,329.14,30.15,6.79
2026-01-07 11:11:00+00:00,5.06,-3.08,2.87,328.69,25.89,6.58
2026-01-07 11:12:00+00:00,5.11,-3.39,2.37,326.44,21.11,6.58
2026-01-07 11:13:00+00:00,5.00,-3.50,2.88,325.06,25.22,6.75
2026-01-07 11:14:00+00:00,4.84,-3.91,2.76,321.09,23.97,6.80
2026-01-07 11:15:00+00:00,4.91,-3.88,2.64,321.65,22.86,6.79
2026-01-07 11:16:00+00:00,4.88,-3.63,2.61,323.37,23.21,6.62
2026-01-07 11:17:00+00:00,4.94,-3.35,2.34,325.90,21.42,6.41
2026-01-07 11:18:00+00:00,5.00,-3.64,2.74,323.92,23.93,6.77
2026-01-07 11:19:00+00:00,4.90,-3.54,3.02,324.17,26.50,6.76
2026-01-07 11:20:00+00:00,4.94,-3.61,2.85,323.81,24.98,6.75
2026-01-07 11:21:00+00:00,4.86,-3.75,2.81,322.35,24.59,6.74
2026-01-07 11:22:00+00:00,4.69,-3.98,2.89,319.65,25.13,6.79
2026-01-07 11:23:00+00:00,4.45,-3.59,2.44,321.13,23.09,6.21
2026-01-07 11:24:00+00:00,4.21,-1.93,1.42,335.41,17.04,4.85
2026-01-07 11:25:00+00:00,3.62,-0.14,-0.45,357.73,-7.04,3.65
2026-01-07 11:26:00+00:00,4.65,-3.03,2.03,326.91,20.07,5.90
2026-01-07 11:27:00+00:00,4.25,-2.29,1.51,331.67,17.36,5.06
2026-01-07 11:28:00+00:00,3.92,-0.97,-0.06,346.15,-0.81,4.04
2026-01-07 11:29:00+00:00,3.93,-0.88,-0.26,347.39,-3.67,4.04
2026-01-07 11:30:00+00:00,4.36,-1.25,1.70,344.07,20.50,4.85
2026-01-07 11:32:00+00:00,4.68,-2.45,1.83,332.42,19.16,5.59
2026-01-07 11:33:00+00:00,4.21,-1.11,0.44,345.22,5.73,4.38
2026-01-07 11:34:00+00:00,4.29,-1.52,0.43,340.46,5.45,4.58
2026-01-07 11:35:00+00:00,4.23,-1.07,0.47,345.82,6.14,4.38
2026-01-07 11:36:00+00:00,4.39,-1.10,0.53,345.95,6.63,4.55
2026-01-07 11:37:00+00:00,4.49,-0.56,1.31,352.90,16.13,4.71
2026-01-07 11:38:00+00:00,4.07,-0.95,1.06,346.86,14.22,4.31
2026-01-07 11:39:00+00:00,3.93,-0.96,0.64,346.22,8.97,4.10
2026-01-07 11:40:00+00:00,4.74,-1.65,1.05,340.78,11.77,5.12
2026-01-07 11:42:00+00:00,4.69,-1.73,0.91,339.77,10.34,5.08
2026-01-07 11:43:00+00:00,4.92,-1.80,1.16,339.90,12.46,5.37
2026-01-07 11:44:00+00:00,5.17,-1.63,1.38,342.45,14.27,5.59
2026-01-07 11:45:00+00:00,5.26,-1.29,1.87,346.22,19.03,5.72
2026-01-07 11:46:00+00:00,4.82,-1.04,-0.08,347.86,-0.93,4.93
2026-01-07 11:47:00+00:00,5.94,-1.04,0.52,350.05,4.96,6.05
2026-01-07 11:48:00+00:00,5.83,-0.75,0.23,352.67,2.25,5.89
2026-01-07 11:49:00+00:00,5.28,-0.72,0.02,352.22,0.21,5.33
2026-01-07 11:50:00+00:00,5.01,-1.41,1.01,344.23,11.04,5.30
2026-01-07 11:51:00+00:00,5.12,-1.42,-0.02,344.53,-0.18,5.31
2026-01-07 11:52:00+00:00,5.34,-1.09,1.46,348.49,15.05,5.64
2026-01-07 11:53:00+00:00,4.86,-1.25,0.44,345.57,5.04,5.04
2026-01-07 11:54:00+00:00,4.81,-1.09,0.76,347.23,8.76,4.99
2026-01-07 11:55:00+00:00,4.30,-0.72,0.60,350.50,7.78,4.40
2026-01-07 11:56:00+00:00,3.70,-1.48,0.39,338.22,5.59,4.00
2026-01-07 11:57:00+00:00,3.53,-0.53,0.22,351.41,3.58,3.58
2026-01-07 11:58:00+00:00,3.73,-1.74,0.81,334.96,11.06,4.20
2026-01-07 11:59:00+00:00,3.75,-1.56,-0.08,337.37,-1.08,4.07
2026-01-07 12:01:00+00:00,3.78,-2.17,-0.26,330.14,-3.47,4.37
2026-01-07 12:02:00+00:00,4.17,-1.65,1.14,338.39,14.30,4.63
2026-01-07 12:03:00+00:00,3.69,-2.37,0.59,327.31,7.71,4.42
2026-01-07 12:06:00+00:00,4.76,-3.23,1.48,325.83,14.41,5.94
2026-01-07 12:07:00+00:00,4.35,-2.82,0.64,327.01,7.05,5.22
2026-01-07 12:08:00+00:00,4.15,-2.37,1.15,330.24,13.55,4.92
2026-01-07 12:10:00+00:00,3.87,-2.33,0.66,328.94,8.29,4.56
2026-01-07 12:11:00+00:00,3.67,-1.20,-0.03,341.91,-0.44,3.86
2026-01-07 12:13:00+00:00,3.67,-1.18,-0.52,342.14,-7.69,3.89
2026-01-07 12:14:00+00:00,4.01,-1.68,0.51,337.25,6.66,4.38
2026-01-07 12:15:00+00:00,4.71,-2.89,1.42,328.51,14.40,5.71
2026-01-07 12:18:00+00:00,4.52,-0.89,-0.82,348.90,-10.04,4.68
2026-01-07 12:19:00+00:00,4.97,-1.95,0.49,338.58,5.24,5.36
2026-01-07 12:20:00+00:00,5.16,-1.60,0.73,342.76,7.71,5.46
2026-01-07 12:21:00+00:00,4.96,-2.43,-0.17,333.85,-1.75,5.52
2026-01-07 12:22:00+00:00,4.61,-1.35,0.43,343.75,5.14,4.83
2026-01-07 12:23:00+00:00,4.26,-0.24,0.19,356.73,2.57,4.27
2026-01-07 12:24:00+00:00,4.60,-1.10,0.54,346.60,6.49,4.76
2026-01-07 12:25:00+00:00,4.17,-0.50,0.37,353.10,4.97,4.22
2026-01-07 12:26:00+00:00,4.36,-1.17,1.02,344.96,12.77,4.63
2026-01-07 12:27:00+00:00,4.25,-1.92,0.66,335.71,8.11,4.71
2026-01-07 12:28:00+00:00,4.05,-0.96,-0.18,346.59,-2.52,4.16
2026-01-07 12:30:00+00:00,4.04,-0.54,-0.01,352.41,-0.14,4.07
2026-01-07 12:31:00+00:00,3.90,-0.67,-0.50,350.26,-7.27,3.99
2026-01-07 12:32:00+00:00,4.07,-2.17,0.38,331.91,4.68,4.62
2026-01-07 12:33:00+00:00,3.83,-1.90,-0.68,333.70,-9.01,4.33
2026-01-07 12:34:00+00:00,3.81,-0.51,0.68,352.44,9.99,3.90
2026-01-07 12:35:00+00:00,3.85,-2.64,0.24,325.58,2.95,4.67
2026-01-07 12:36:00+00:00,3.68,-1.13,1.10,342.85,15.90,4.00
2026-01-07 12:38:00+00:00,3.28,-1.22,0.27,339.60,4.46,3.51
2026-01-07 12:39:00+00:00,3.88,-3.62,1.62,317.01,17.00,5.55
2026-01-07 12:46:00+00:00,4.50,-6.48,2.68,304.79,18.79,8.34
2026-01-07 12:49:00+00:00,4.83,-6.40,2.18,307.01,15.18,8.31
2026-01-07 12:50:00+00:00,4.98,-5.52,3.13,312.06,22.83,8.07
2026-01-07 12:54:00+00:00,5.16,-6.94,0.34,306.64,2.28,8.66
2026-01-07 12:57:00+00:00,4.76,-7.40,0.52,302.75,3.38,8.81
2026-01-07 12:58:00+00:00,4.98,-7.15,0.01,304.85,0.07,8.72
2026-01-07 12:59:00+00:00,4.54,-7.37,0.54,301.63,3.57,8.68
2026-01-07 13:05:00+00:00,4.29,-7.79,0.59,298.85,3.81,8.91
2026-01-07 13:06:00+00:00,4.75,-7.65,0.18,301.87,1.15,9.01
2026-01-07 13:07:00+00:00,4.92,-7.37,-0.08,303.72,-0.51,8.86
2026-01-07 13:10:00+00:00,4.95,-7.22,0.41,304.45,2.65,8.76
2026-01-07 13:11:00+00:00,4.69,-7.18,0.86,303.16,5.72,8.62
2026-01-07 13:13:00+00:00,4.80,-7.34,0.20,303.17,1.32,8.77
2026-01-07 13:14:00+00:00,5.17,-7.07,0.01,306.17,0.08,8.75
2026-01-07 13:15:00+00:00,5.08,-7.27,-0.03,304.91,-0.19,8.87
2026-01-07 13:16:00+00:00,5.06,-7.14,0.47,305.29,3.10,8.76
2026-01-07 13:18:00+00:00,4.65,-8.48,1.36,298.73,8.03,9.76
2026-01-07 13:21:00+00:00,1.58,-8.67,1.58,280.30,10.14,8.96
2026-01-07 13:22:00+00:00,2.52,-8.27,0.69,286.95,4.54,8.68
2026-01-07 13:23:00+00:00,4.77,-6.99,1.82,304.32,12.15,8.66
2026-01-07 13:25:00+00:00,6.12,-5.91,-0.87,316.00,-5.83,8.56
2026-01-07 13:27:00+00:00,-0.97,-9.07,2.19,263.87,13.52,9.39
2026-01-07 13:28:00+00:00,-1.22,-9.00,2.42,262.30,14.90,9.40
2026-01-07 13:29:00+00:00,-0.96,-8.77,3.09,263.75,19.30,9.35
2026-01-07 13:32:00+00:00,-1.03,-8.73,2.68,263.25,16.93,9.19
2026-01-07 13:33:00+00:00,-0.88,-8.92,1.91,264.34,12.04,9.17
2026-01-07 13:36:00+00:00,0.40,-8.57,1.91,272.65,12.53,8.79
2026-01-07 13:37:00+00:00,0.30,-8.63,2.30,271.98,14.93,8.93
2026-01-07 13:38:00+00:00,-0.08,-8.64,2.44,269.49,15.75,8.98
2026-01-07 13:40:00+00:00,2.34,-8.32,-0.78,285.70,-5.18,8.67
2026-01-07 13:41:00+00:00,2.31,-8.35,-0.61,285.48,-4.02,8.69
2026-01-07 13:43:00+00:00,-0.12,-8.71,2.49,269.23,15.98,9.06
2026-01-07 13:44:00+00:00,0.24,-8.97,0.84,271.55,5.37,9.01
2026-01-07 13:45:00+00:00,1.93,-7.99,3.00,283.59,20.03,8.75
2026-01-07 13:46:00+00:00,2.43,-6.23,5.61,291.32,40.01,8.73
2026-01-07 13:47:00+00:00,0.99,-7.30,3.60,277.76,26.04,8.20
2026-01-07 13:48:00+00:00,-0.20,-8.73,2.68,268.66,17.08,9.13
2026-01-07 13:50:00+00:00,-0.33,-9.28,0.52,267.97,3.23,9.30
2026-01-07 13:51:00+00:00,0.27,-9.22,-0.46,271.69,-2.84,9.24
2026-01-07 13:52:00+00:00,0.97,-9.13,-1.05,276.04,-6.52,9.24
2026-01-07 13:53:00+00:00,0.86,-9.11,-0.91,275.38,-5.68,9.20
2026-01-07 13:54:00+00:00,0.27,-9.00,-1.64,271.74,-10.33,9.15
2026-01-07 13:55:00+00:00,0.06,-9.18,-1.16,270.36,-7.21,9.25
2026-01-07 13:56:00+00:00,0.00,-9.22,-0.93,270.01,-5.74,9.27
2026-01-07 13:57:00+00:00,0.02,-9.22,-1.00,270.15,-6.17,9.28
2026-01-07 13:59:00+00:00,-0.09,-9.10,-0.89,269.43,-5.59,9.15
2026-01-07 14:01:00+00:00,0.21,-9.05,-1.07,271.33,-6.74,9.11
2026-01-07 14:04:00+00:00,-0.08,-9.15,-1.02,269.50,-6.36,9.21
2026-01-07 14:05:00+00:00,-0.15,-9.10,-0.96,269.07,-6.00,9.16
2026-01-07 14:09:00+00:00,-0.76,-8.98,-0.85,265.16,-5.37,9.05
2026-01-07 14:10:00+00:00,-0.67,-8.95,-0.95,265.74,-6.04,9.03
2026-01-07 14:11:00+00:00,-0.54,-8.98,-0.69,266.58,-4.42,9.02
2026-01-07 14:12:00+00:00,-1.12,-8.96,-0.63,262.87,-3.98,9.06
2026-01-07 14:13:00+00:00,-1.54,-7.98,-0.66,259.08,-4.61,8.16
2026-01-07 14:14:00+00:00,-0.96,-9.09,-0.28,264.00,-1.72,9.15
2026-01-07 14:15:00+00:00,-0.51,-9.07,-0.47,266.78,-2.96,9.09
2026-01-07 14:16:00+00:00,1.51,-8.64,-1.26,279.91,-8.15,8.86
2026-01-07 14:17:00+00:00,1.00,-8.68,-1.11,276.55,-7.22,8.81
2026-01-07 14:18:00+00:00,1.05,-8.78,-1.00,276.81,-6.44,8.90
2026-01-07 14:20:00+00:00,3.99,-6.61,-2.75,301.11,-19.62,8.19
2026-01-07 14:21:00+00:00,4.70,-6.17,-2.59,307.30,-18.46,8.18
2026-01-07 14:22:00+00:00,4.22,-6.46,-2.88,303.14,-20.47,8.23
2026-01-07 14:23:00+00:00,4.31,-6.27,-3.02,304.47,-21.64,8.19
2026-01-07 14:24:00+00:00,4.62,-5.96,-2.92,307.80,-21.20,8.09
2026-01-07 14:25:00+00:00,4.64,-5.89,-2.68,308.23,-19.64,7.96
2026-01-07 14:26:00+00:00,3.83,-6.78,-2.14,299.47,-15.39,8.08
2026-01-07 14:27:00+00:00,3.32,-7.79,-1.73,293.10,-11.55,8.64
2026-01-07 14:32:00+00:00,2.13,-8.67,-0.30,283.81,-1.93,8.93
2026-01-07 14:34:00+00:00,2.48,-8.37,-0.65,286.48,-4.23,8.76
2026-01-07 14:40:00+00:00,2.96,-7.97,-1.53,290.36,-10.21,8.63
2026-01-07 14:41:00+00:00,2.67,-7.98,-1.13,288.49,-7.66,8.49
2026-01-07 14:45:00+00:00,3.14,-8.30,-1.26,290.76,-8.11,8.96
2026-01-07 14:49:00+00:00,2.65,-8.28,-1.62,287.72,-10.57,8.84
2026-01-07 14:52:00+00:00,3.08,-8.29,-0.74,290.40,-4.80,8.88
2026-01-07 14:55:00+00:00,3.30,-8.07,-0.89,292.23,-5.82,8.76
2026-01-07 14:59:00+00:00,3.43,-8.02,-1.01,293.17,-6.57,8.78
2026-01-07 15:00:00+00:00,3.53,-7.97,-1.48,293.89,-9.64,8.85
2026-01-07 15:01:00+00:00,4.02,-8.03,-2.22,296.58,-13.88,9.25
2026-01-07 15:04:00+00:00,4.06,-7.14,-1.87,299.64,-12.83,8.43
2026-01-07 15:05:00+00:00,4.07,-7.21,-1.90,299.46,-12.91,8.50
2026-01-07 15:07:00+00:00,3.95,-7.13,-1.67,299.00,-11.55,8.32
2026-01-07 15:12:00+00:00,2.42,-7.92,-1.99,287.00,-13.51,8.51
2026-01-07 15:13:00+00:00,4.00,-7.05,-1.74,299.58,-12.10,8.30
2026-01-07 15:14:00+00:00,4.74,-6.52,-1.52,306.02,-10.67,8.20
2026-01-07 15:19:00+00:00,4.31,-5.39,-1.36,308.69,-11.18,7.03
2026-01-07 15:20:00+00:00,4.39,-7.11,-1.69,301.71,-11.40,8.53
2026-01-07 15:22:00+00:00,5.18,-6.12,-1.73,310.24,-12.14,8.20
2026-01-07 15:24:00+00:00,4.60,-6.65,-1.73,304.68,-12.08,8.27
2026-01-07 15:26:00+00:00,4.26,-6.82,-1.91,301.96,-13.37,8.27
2026-01-07 15:27:00+00:00,4.53,-6.47,-1.75,305.04,-12.50,8.09
2026-01-07 15:28:00+00:00,4.53,-6.48,-1.46,304.95,-10.46,8.04
2026-01-07 15:29:00+00:00,4.79,-6.41,-1.29,306.77,-9.17,8.11
2026-01-07 15:32:00+00:00,5.55,-5.73,-0.94,314.12,-6.75,8.03
2026-01-07 15:37:00+00:00,5.35,-5.82,-1.20,312.58,-8.65,7.99
2026-01-07 15:40:00+00:00,4.68,-6.59,-1.04,305.35,-7.35,8.15
2026-01-07 15:42:00+00:00,4.54,-6.64,-1.15,304.36,-8.11,8.13
2026-01-07 15:43:00+00:00,5.16,-5.94,-1.77,311.00,-12.65,8.07
2026-01-07 15:45:00+00:00,5.09,-5.97,-1.88,310.42,-13.44,8.07
2026-01-07 15:46:00+00:00,5.26,-5.92,-1.70,311.63,-12.13,8.10
2026-01-07 15:49:00+00:00,4.97,-6.27,-1.19,308.41,-8.45,8.08
2026-01-07 15:51:00+00:00,3.83,-7.42,-0.75,297.31,-5.11,8.39
2026-01-07 15:52:00+00:00,3.66,-7.37,-1.28,296.44,-8.83,8.33
2026-01-07 15:53:00+00:00,3.81,-7.43,-1.18,297.17,-8.03,8.43
2026-01-07 16:00:00+00:00,3.58,-7.54,-1.36,295.39,-9.22,8.46
2026-01-07 16:01:00+00:00,3.54,-7.25,-1.47,296.02,-10.35,8.20
2026-01-07 16:02:00+00:00,3.59,-7.33,-1.17,296.08,-8.17,8.24
2026-01-07 16:03:00+00:00,3.65,-7.22,-1.04,296.84,-7.33,8.16
2026-01-07 16:04:00+00:00,3.67,-7.26,-0.91,296.80,-6.40,8.19
2026-01-07 16:05:00+00:00,3.60,-7.06,-1.96,297.04,-13.89,8.16
2026-01-07 16:07:00+00:00,3.68,-6.57,-2.63,299.27,-19.28,7.98
2026-01-07 16:08:00+00:00,3.52,-7.11,-1.72,296.36,-12.21,8.12
2026-01-07 16:09:00+00:00,4.09,-6.96,-1.35,300.42,-9.47,8.19
2026-01-07 16:10:00+00:00,3.56,-7.19,-1.37,296.32,-9.66,8.14
2026-01-07 16:11:00+00:00,2.47,-7.57,-2.10,288.09,-14.80,8.24
2026-01-07 16:12:00+00:00,2.59,-7.59,-1.85,288.83,-13.02,8.23
2026-01-07 16:13:00+00:00,2.41,-7.79,-1.75,287.16,-12.14,8.34
2026-01-07 16:15:00+00:00,2.74,-7.66,-1.53,289.66,-10.64,8.28
2026-01-07 16:16:00+00:00,2.96,-7.54,-1.49,291.42,-10.46,8.23
2026-01-07 16:17:00+00:00,3.02,-7.48,-1.37,292.02,-9.66,8.18
2026-01-07 16:19:00+00:00,3.47,-7.33,-1.30,295.34,-9.11,8.21
2026-01-07 16:20:00+00:00,3.25,-7.39,-1.50,293.73,-10.51,8.21
2026-01-07 16:21:00+00:00,3.40,-7.26,-1.39,295.11,-9.81,8.13
2026-01-07 16:23:00+00:00,3.36,-7.30,-1.56,294.73,-10.98,8.19
2026-01-07 16:24:00+00:00,3.72,-7.02,-1.76,297.93,-12.47,8.14
2026-01-07 16:25:00+00:00,3.80,-7.02,-1.62,298.41,-11.48,8.15
2026-01-07 16:26:00+00:00,3.45,-7.29,-1.58,295.30,-11.10,8.22
2026-01-07 16:27:00+00:00,3.30,-7.39,-1.52,294.04,-10.66,8.23
2026-01-07 16:28:00+00:00,3.20,-7.47,-1.56,293.21,-10.85,8.28
2026-01-07 16:29:00+00:00,3.23,-7.39,-1.65,293.59,-11.54,8.23
2026-01-07 16:30:00+00:00,3.31,-7.45,-1.64,293.96,-11.37,8.32
2026-01-07 16:31:00+00:00,3.29,-7.48,-1.64,293.72,-11.33,8.33
2026-01-07 16:32:00+00:00,3.39,-7.40,-1.67,294.63,-11.60,8.31
2026-01-07 16:33:00+00:00,3.46,-7.36,-1.71,295.15,-11.84,8.31
2026-01-07 16:34:00+00:00,3.45,-7.40,-1.76,294.98,-12.14,8.35
2026-01-07 16:35:00+00:00,3.27,-7.27,-2.22,294.23,-15.59,8.28
2026-01-07 16:36:00+00:00,3.24,-7.33,-2.11,293.84,-14.72,8.28
2026-01-07 16:37:00+00:00,3.09,-7.31,-1.74,292.94,-12.37,8.13
2026-01-07 16:39:00+00:00,3.09,-7.27,-1.54,293.05,-11.00,8.05
2026-01-07 16:40:00+00:00,3.03,-7.54,-1.38,291.88,-9.64,8.24
2026-01-07 16:41:00+00:00,3.77,-7.02,-1.03,298.28,-7.34,8.03
2026-01-07 16:43:00+00:00,3.42,-7.33,-0.54,295.03,-3.79,8.11
2026-01-07 16:44:00+00:00,3.08,-7.80,-0.05,291.57,-0.37,8.39
2026-01-07 16:45:00+00:00,3.09,-7.72,-0.66,291.79,-4.54,8.34
2026-01-07 16:47:00+00:00,2.73,-7.48,-2.34,290.06,-16.35,8.30
2026-01-07 16:48:00+00:00,2.93,-7.41,-2.40,291.57,-16.74,8.32
2026-01-07 16:49:00+00:00,2.94,-7.39,-2.62,291.71,-18.22,8.38
2026-01-07 16:50:00+00:00,3.03,-7.32,-2.61,292.45,-18.22,8.34
2026-01-07 16:51:00+00:00,2.55,-6.73,-4.25,290.78,-30.58,8.36
2026-01-07 16:52:00+00:00,2.59,-6.48,-4.65,291.80,-33.70,8.38
2026-01-07 16:53:00+00:00,2.79,-6.16,-4.81,294.39,-35.43,8.30
2026-01-07 16:54:00+00:00,2.77,-5.95,-5.12,294.94,-37.99,8.32
2026-01-07 16:55:00+00:00,2.90,-6.28,-4.36,294.75,-32.18,8.18
2026-01-07 16:56:00+00:00,2.93,-6.24,-4.43,295.14,-32.69,8.19
2026-01-07 16:57:00+00:00,2.80,-6.12,-4.72,294.57,-35.07,8.22
2026-01-07 16:58:00+00:00,2.81,-6.01,-4.88,295.09,-36.30,8.23
2026-01-07 16:59:00+00:00,2.87,-6.14,-4.62,295.08,-34.27,8.21
2026-01-07 17:00:00+00:00,2.82,-6.23,-4.52,294.37,-33.49,8.20
2026-01-07 17:01:00+00:00,2.92,-6.11,-4.69,295.52,-34.71,8.24
2026-01-07 17:03:00+00:00,2.97,-5.56,-4.99,298.15,-38.38,8.04
2026-01-07 17:04:00+00:00,2.30,-5.49,-5.46,292.72,-42.55,8.08
2026-01-07 17:05:00+00:00,2.53,-5.34,-5.26,295.40,-41.69,7.91
2026-01-07 17:06:00+00:00,2.67,-5.35,-5.12,296.55,-40.54,7.87
2026-01-07 17:07:00+00:00,2.75,-5.43,-5.05,296.88,-39.70,7.91
2026-01-07 17:08:00+00:00,2.45,-5.38,-5.20,294.48,-41.33,7.87
2026-01-07 17:09:00+00:00,2.34,-5.38,-5.27,293.46,-41.92,7.89
2026-01-07 17:11:00+00:00,2.23,-5.42,-5.39,292.37,-42.59,7.96
2026-01-07 17:12:00+00:00,2.41,-5.09,-5.59,295.31,-44.78,7.94
2026-01-07 17:13:00+00:00,2.62,-4.95,-5.62,297.92,-45.10,7.94
2026-01-07 17:15:00+00:00,2.09,-5.90,-4.89,289.48,-38.00,7.94
2026-01-07 17:16:00+00:00,2.12,-5.21,-5.64,292.18,-45.07,7.97
2026-01-07 17:17:00+00:00,2.25,-6.32,-4.79,289.57,-35.50,8.24
2026-01-07 17:18:00+00:00,2.44,-6.49,-4.42,290.66,-32.51,8.22
2026-01-07 17:19:00+00:00,2.11,-6.12,-5.12,289.06,-38.32,8.25
2026-01-07 17:20:00+00:00,2.16,-6.20,-4.90,289.21,-36.74,8.19
2026-01-07 17:21:00+00:00,2.09,-6.58,-4.49,287.63,-33.08,8.23
2026-01-07 17:22:00+00:00,1.97,-6.56,-4.57,286.70,-33.73,8.23
2026-01-07 17:23:00+00:00,1.96,-6.10,-4.99,287.77,-37.90,8.12
2026-01-07 17:24:00+00:00,1.88,-5.54,-5.55,288.71,-43.51,8.07
2026-01-07 17:25:00+00:00,2.29,-5.96,-5.02,290.98,-38.15,8.12
2026-01-07 17:26:00+00:00,2.35,-5.67,-5.15,292.55,-39.98,8.01
2026-01-07 17:27:00+00:00,2.15,-5.66,-5.23,290.79,-40.80,8.00
2026-01-07 17:28:00+00:00,2.04,-5.62,-5.31,290.00,-41.63,7.99
2026-01-07 17:29:00+00:00,1.92,-5.62,-5.37,288.90,-42.09,8.01
2026-01-07 17:31:00+00:00,1.44,-5.84,-5.33,283.88,-41.50,8.04
2026-01-07 17:32:00+00:00,1.63,-5.88,-5.21,285.50,-40.49,8.02
2026-01-07 17:33:00+00:00,1.50,-5.98,-5.14,284.06,-39.84,8.03
2026-01-07 17:34:00+00:00,1.67,-5.68,-5.24,286.40,-41.48,7.90
2026-01-07 17:35:00+00:00,1.85,-5.66,-5.32,288.13,-41.80,7.99
2026-01-07 17:36:00+00:00,1.88,-5.57,-5.43,288.68,-42.71,8.00
2026-01-07 17:37:00+00:00,1.90,-5.18,-5.86,290.14,-46.71,8.05
2026-01-07 17:38:00+00:00,2.03,-5.92,-5.17,288.96,-39.56,8.12
2026-01-07 17:39:00+00:00,1.34,-7.13,-3.28,280.63,-24.31,7.96
2026-01-07 17:40:00+00:00,1.70,-6.56,-4.35,284.55,-32.71,8.06
2026-01-07 17:41:00+00:00,1.49,-6.54,-4.50,282.86,-33.85,8.08
2026-01-07 17:42:00+00:00,1.52,-6.32,-4.86,283.55,-36.78,8.12
2026-01-07 17:43:00+00:00,1.58,-6.41,-4.61,283.85,-34.97,8.05
2026-01-07 17:44:00+00:00,1.42,-6.48,-4.48,282.38,-34.06,8.01
2026-01-07 17:45:00+00:00,1.85,-6.12,-4.72,286.85,-36.43,7.95
2026-01-07 17:46:00+00:00,2.02,-6.01,-4.85,288.61,-37.39,7.98
2026-01-07 17:47:00+00:00,2.11,-5.89,-4.74,289.69,-37.13,7.85
2026-01-07 17:48:00+00:00,2.11,-5.83,-4.77,289.87,-37.54,7.82
2026-01-07 17:49:00+00:00,2.42,-5.74,-4.64,292.85,-36.68,7.77
2026-01-07 17:50:00+00:00,2.52,-5.78,-4.47,293.58,-35.32,7.73
2026-01-07 17:51:00+00:00,2.48,-5.83,-4.53,293.01,-35.55,7.79
2026-01-07 17:52:00+00:00,2.37,-5.97,-4.45,291.68,-34.73,7.82
2026-01-07 17:53:00+00:00,1.24,-5.76,-5.34,282.19,-42.19,7.95
2026-01-07 17:54:00+00:00,1.11,-5.77,-5.36,280.86,-42.35,7.96
2026-01-07 17:55:00+00:00,2.41,-5.96,-4.37,292.02,-34.19,7.78
2026-01-07 17:56:00+00:00,2.01,-5.88,-4.76,288.88,-37.48,7.83
2026-01-07 17:57:00+00:00,2.04,-5.98,-4.58,288.83,-35.96,7.80
2026-01-07 17:58:00+00:00,0.86,-5.99,-5.00,278.21,-39.56,7.84
2026-01-07 17:59:00+00:00,1.07,-6.10,-4.75,279.91,-37.47,7.80
2026-01-07 18:00:00+00:00,0.96,-6.17,-4.66,278.84,-36.70,7.79
2026-01-07 18:01:00+00:00,1.18,-6.17,-4.53,280.86,-35.78,7.75
2026-01-07 18:02:00+00:00,1.33,-6.27,-4.54,281.99,-35.30,7.86
2026-01-07 18:03:00+00:00,1.90,-6.01,-4.58,287.51,-35.99,7.79
2026-01-07 18:04:00+00:00,2.11,-5.96,-4.44,289.51,-35.10,7.73
2026-01-07 18:05:00+00:00,1.70,-6.29,-4.28,285.15,-33.33,7.80
2026-01-07 18:06:00+00:00,1.98,-6.31,-4.36,287.39,-33.40,7.92
2026-01-07 18:07:00+00:00,2.06,-6.17,-4.43,288.47,-34.23,7.87
2026-01-07 18:08:00+00:00,2.23,-6.42,-3.81,289.17,-29.25,7.79
2026-01-07 18:09:00+00:00,2.40,-6.32,-3.92,290.82,-30.12,7.82
2026-01-07 18:10:00+00:00,2.54,-5.55,-4.06,294.58,-33.67,7.33
2026-01-07 18:11:00+00:00,2.20,-5.14,-4.70,293.21,-40.02,7.31
2026-01-07 18:12:00+00:00,2.98,-6.03,-3.06,296.33,-24.45,7.39
2026-01-07 18:13:00+00:00,2.67,-6.16,-3.39,293.43,-26.83,7.52
2026-01-07 18:14:00+00:00,2.98,-6.14,-2.71,295.90,-21.67,7.34
2026-01-07 18:15:00+00:00,2.74,-6.11,-2.70,294.14,-21.99,7.22
2026-01-07 18:16:00+00:00,2.56,-6.02,-3.21,292.99,-26.17,7.29
2026-01-07 18:17:00+00:00,2.71,-5.92,-3.51,294.60,-28.31,7.39
2026-01-07 18:18:00+00:00,2.61,-6.50,-3.53,291.92,-26.76,7.84
2026-01-07 18:19:00+00:00,2.70,-6.65,-3.20,292.06,-24.03,7.86
2026-01-07 18:20:00+00:00,2.90,-6.56,-3.21,293.84,-24.10,7.86
2026-01-07 18:21:00+00:00,2.23,-6.47,-3.80,289.06,-29.04,7.82
2026-01-07 18:22:00+00:00,1.91,-6.69,-3.74,285.91,-28.28,7.90
2026-01-07 18:23:00+00:00,1.97,-6.45,-4.02,286.95,-30.82,7.86
2026-01-07 18:24:00+00:00,2.08,-6.29,-4.16,288.33,-32.12,7.83
2026-01-07 18:25:00+00:00,2.10,-6.41,-3.96,288.11,-30.46,7.82
2026-01-07 18:26:00+00:00,1.74,-6.18,-4.53,285.69,-35.21,7.86
2026-01-07 18:27:00+00:00,1.93,-6.63,-3.42,286.23,-26.38,7.71
2026-01-07 18:28:00+00:00,2.10,-6.20,-3.93,288.71,-31.00,7.64
2026-01-07 18:29:00+00:00,2.23,-6.00,-4.38,290.41,-34.41,7.75
2026-01-07 18:30:00+00:00,2.46,-5.19,-5.13,295.35,-41.79,7.70
2026-01-07 18:31:00+00:00,2.63,-4.93,-5.26,298.11,-43.24,7.68
2026-01-07 18:32:00+00:00,2.67,-4.70,-5.38,299.59,-44.87,7.63
2026-01-07 18:33:00+00:00,2.35,-5.07,-5.28,294.86,-43.36,7.68
2026-01-07 18:34:00+00:00,2.38,-5.05,-5.36,295.21,-43.86,7.73
2026-01-07 18:35:00+00:00,2.75,-4.89,-5.17,299.38,-42.65,7.63
2026-01-07 18:36:00+00:00,2.41,-5.71,-4.42,292.90,-35.53,7.61
2026-01-07 18:37:00+00:00,2.08,-5.31,-4.83,291.34,-40.26,7.47
2026-01-07 18:38:00+00:00,2.35,-5.24,-4.62,294.15,-38.83,7.37
2026-01-07 18:39:00+00:00,1.67,-5.29,-5.01,287.51,-42.07,7.47
2026-01-07 18:40:00+00:00,1.62,-5.76,-4.54,285.66,-37.20,7.51
2026-01-07 18:41:00+00:00,1.79,-5.92,-4.38,286.77,-35.30,7.58
2026-01-07 18:42:00+00:00,1.85,-5.78,-4.54,287.72,-36.78,7.58
2026-01-07 18:43:00+00:00,1.70,-5.89,-4.53,286.10,-36.42,7.62
2026-01-07 18:44:00+00:00,1.78,-5.94,-4.49,286.68,-35.90,7.65
2026-01-07 18:45:00+00:00,1.71,-6.00,-4.48,285.91,-35.69,7.68
2026-01-07 18:46:00+00:00,1.52,-5.94,-4.54,284.34,-36.50,7.63
2026-01-07 18:47:00+00:00,1.45,-6.21,-4.24,283.16,-33.65,7.66
2026-01-07 18:48:00+00:00,1.31,-6.34,-4.21,281.68,-33.06,7.72
2026-01-07 18:49:00+00:00,1.26,-6.46,-4.13,281.06,-32.15,7.77
2026-01-07 18:50:00+00:00,1.32,-6.62,-3.85,281.27,-29.70,7.77
2026-01-07 18:51:00+00:00,1.18,-6.90,-3.34,279.69,-25.49,7.76
2026-01-07 18:52:00+00:00,1.02,-7.18,-3.01,278.09,-22.59,7.85
2026-01-07 18:53:00+00:00,0.97,-7.36,-2.73,277.51,-20.22,7.91
2026-01-07 18:54:00+00:00,1.22,-7.53,-2.56,279.23,-18.53,8.04
2026-01-07 18:55:00+00:00,1.27,-7.49,-2.31,279.59,-16.94,7.94
2026-01-07 18:56:00+00:00,0.59,-7.70,-1.86,274.38,-13.56,7.95
2026-01-07 18:57:00+00:00,0.85,-7.86,-1.12,276.21,-8.09,7.98
2026-01-07 18:58:00+00:00,0.70,-7.86,-1.27,275.05,-9.12,7.99
2026-01-07 18:59:00+00:00,1.20,-7.55,-1.83,279.06,-13.49,7.86
2026-01-07 19:00:00+00:00,0.59,-7.62,-1.96,274.43,-14.39,7.89
2026-01-07 19:01:00+00:00,0.44,-7.64,-2.25,273.30,-16.40,7.98
2026-01-07 19:02:00+00:00,0.40,-7.66,-2.33,272.95,-16.87,8.02
2026-01-07 19:03:00+00:00,0.68,-7.55,-2.42,275.15,-17.73,7.96
2026-01-07 19:04:00+00:00,0.45,-7.62,-2.12,273.41,-15.55,7.92
2026-01-07 19:05:00+00:00,0.27,-7.54,-2.33,272.06,-17.20,7.90
2026-01-07 19:06:00+00:00,-0.93,-7.64,-0.95,263.05,-7.02,7.76
2026-01-07 19:07:00+00:00,-2.76,-7.37,1.52,249.46,10.91,8.01
2026-01-07 19:08:00+00:00,-3.14,-7.37,1.56,246.92,11.02,8.16
2026-01-07 19:09:00+00:00,-3.37,-7.45,1.54,245.66,10.65,8.32
2026-01-07 19:10:00+00:00,-2.86,-7.79,1.16,249.86,7.95,8.38
2026-01-07 19:11:00+00:00,-2.62,-7.89,1.02,251.64,6.99,8.38
2026-01-07 19:12:00+00:00,-2.39,-7.88,0.89,253.10,6.19,8.28
2026-01-07 19:13:00+00:00,-2.31,-7.87,0.75,253.67,5.24,8.24
2026-01-07 19:14:00+00:00,-1.92,-7.95,0.34,256.44,2.41,8.18
2026-01-07 19:15:00+00:00,-1.27,-7.99,-0.38,260.99,-2.68,8.10
2026-01-07 19:16:00+00:00,0.82,-7.47,-2.80,276.27,-20.45,8.02
2026-01-07 19:17:00+00:00,2.00,-7.40,-2.26,285.12,-16.45,7.99
2026-01-07 19:18:00+00:00,2.67,-7.15,-2.08,290.46,-15.27,7.91
2026-01-07 19:19:00+00:00,2.44,-6.94,-3.04,289.42,-22.48,7.96
2026-01-07 19:20:00+00:00,1.69,-6.99,-3.46,283.59,-25.70,7.98
2026-01-07 19:21:00+00:00,2.08,-6.84,-3.60,286.94,-26.72,8.01
2026-01-07 19:22:00+00:00,1.81,-6.80,-3.85,284.87,-28.65,8.02
2026-01-07 19:23:00+00:00,1.54,-6.94,-3.76,282.51,-27.85,8.04
2026-01-07 19:24:00+00:00,1.62,-7.19,-3.56,282.66,-25.79,8.18
2026-01-07 19:25:00+00:00,1.66,-7.35,-3.48,282.73,-24.79,8.30
2026-01-07 19:26:00+00:00,1.55,-7.43,-3.61,281.77,-25.44,8.40
2026-01-07 19:27:00+00:00,1.75,-7.45,-3.28,283.25,-23.21,8.33
2026-01-07 19:28:00+00:00,1.64,-7.52,-3.16,282.34,-22.34,8.32
2026-01-07 19:29:00+00:00,1.35,-7.69,-2.93,279.97,-20.55,8.34
2026-01-07 19:30:00+00:00,1.37,-7.45,-3.60,280.39,-25.41,8.39
2026-01-07 19:31:00+00:00,1.32,-7.45,-3.55,280.06,-25.11,8.36
2026-01-07 19:32:00+00:00,1.94,-7.62,-2.76,284.25,-19.37,8.34
2026-01-07 19:33:00+00:00,1.94,-7.68,-2.70,284.20,-18.83,8.37
2026-01-07 19:34:00+00:00,1.34,-7.31,-3.82,280.36,-27.17,8.36
2026-01-07 19:35:00+00:00,1.30,-7.21,-4.01,280.24,-28.68,8.35
2026-01-07 19:36:00+00:00,1.54,-7.22,-3.97,282.08,-28.26,8.38
2026-01-07 19:37:00+00:00,1.55,-7.48,-3.66,281.70,-25.60,8.46
2026-01-07 19:38:00+00:00,1.25,-7.41,-3.89,279.58,-27.36,8.46
2026-01-07 19:39:00+00:00,1.22,-7.43,-4.02,279.29,-28.12,8.53
2026-01-07 19:40:00+00:00,1.19,-7.44,-4.04,279.08,-28.20,8.55
2026-01-07 19:41:00+00:00,1.17,-7.46,-4.04,278.92,-28.18,8.56
2026-01-07 19:42:00+00:00,1.34,-7.56,-3.75,280.08,-26.00,8.54
2026-01-07 19:43:00+00:00,1.29,-7.56,-3.84,279.69,-26.60,8.57
2026-01-07 19:44:00+00:00,1.40,-7.60,-3.69,280.43,-25.54,8.56
2026-01-07 19:45:00+00:00,1.34,-7.63,-3.68,279.93,-25.40,8.58
2026-01-07 19:46:00+00:00,1.28,-7.79,-3.52,279.32,-24.03,8.64
2026-01-07 19:47:00+00:00,1.39,-7.74,-3.45,280.21,-23.66,8.59
2026-01-07 19:48:00+00:00,1.26,-7.77,-3.48,279.23,-23.83,8.60
2026-01-07 19:49:00+00:00,1.22,-7.75,-3.65,278.94,-24.95,8.66
2026-01-07 19:50:00+00:00,1.10,-7.80,-3.60,278.00,-24.55,8.66
2026-01-07 19:51:00+00:00,1.21,-7.88,-3.40,278.73,-23.12,8.67
2026-01-07 19:52:00+00:00,1.16,-7.93,-3.35,278.33,-22.69,8.69
2026-01-07 19:53:00+00:00,1.30,-7.74,-3.72,279.54,-25.35,8.69
2026-01-07 19:54:00+00:00,1.27,-7.95,-3.00,279.05,-20.47,8.59
2026-01-07 19:55:00+00:00,1.72,-7.89,-2.71,282.29,-18.56,8.52
2026-01-07 19:56:00+00:00,1.70,-7.86,-2.84,282.21,-19.41,8.53
2026-01-07 19:57:00+00:00,1.68,-7.83,-3.00,282.13,-20.56,8.55
2026-01-07 19:58:00+00:00,1.67,-7.69,-3.21,282.26,-22.20,8.50
2026-01-07 19:59:00+00:00,1.72,-7.74,-3.26,282.53,-22.36,8.58
2026-01-07 20:00:00+00:00,1.73,-7.63,-3.49,282.76,-24.05,8.56
2026-01-07 20:01:00+00:00,1.75,-7.65,-3.47,282.88,-23.88,8.58
2026-01-07 20:02:00+00:00,1.65,-7.71,-3.45,282.05,-23.65,8.61
2026-01-07 20:03:00+00:00,1.75,-7.77,-3.41,282.71,-23.14,8.67
2026-01-07 20:04:00+00:00,1.50,-7.78,-3.54,280.90,-24.05,8.68
2026-01-07 20:05:00+00:00,1.19,-7.80,-3.73,278.68,-25.34,8.73
2026-01-07 20:06:00+00:00,1.33,-7.85,-3.63,279.58,-24.54,8.75
2026-01-07 20:07:00+00:00,1.21,-7.88,-3.79,278.76,-25.41,8.83
2026-01-07 20:08:00+00:00,1.23,-7.94,-3.69,278.84,-24.66,8.84
2026-01-07 20:09:00+00:00,1.22,-7.95,-3.72,278.75,-24.79,8.86
2026-01-07 20:10:00+00:00,1.26,-7.89,-3.71,279.09,-24.88,8.81
2026-01-07 20:11:00+00:00,1.46,-7.81,-3.86,280.56,-25.88,8.83
2026-01-07 20:12:00+00:00,1.54,-7.83,-3.86,281.15,-25.80,8.87
2026-01-07 20:13:00+00:00,1.48,-7.73,-4.05,280.82,-27.21,8.85
2026-01-07 20:14:00+00:00,1.24,-7.76,-4.04,279.05,-27.20,8.84
2026-01-07 20:15:00+00:00,1.21,-7.75,-3.95,278.89,-26.69,8.79
2026-01-07 20:16:00+00:00,1.74,-7.87,-3.80,282.45,-25.26,8.91
2026-01-07 20:17:00+00:00,1.63,-7.86,-3.99,281.70,-26.44,8.96
2026-01-07 20:18:00+00:00,1.72,-7.91,-4.06,282.30,-26.63,9.05
2026-01-07 20:19:00+00:00,1.78,-7.86,-3.90,282.76,-25.80,8.96
2026-01-07 20:20:00+00:00,1.53,-7.88,-3.99,280.99,-26.42,8.96
2026-01-07 20:21:00+00:00,1.79,-7.70,-4.16,283.06,-27.75,8.93
2026-01-07 20:22:00+00:00,1.80,-7.66,-4.18,283.19,-27.97,8.91
2026-01-07 20:23:00+00:00,1.81,-7.57,-4.11,283.42,-27.86,8.80
2026-01-07 20:24:00+00:00,1.43,-7.83,-4.08,280.38,-27.15,8.94
2026-01-07 20:25:00+00:00,1.79,-7.34,-4.96,283.66,-33.26,9.04
2026-01-07 20:26:00+00:00,1.63,-7.36,-4.81,282.48,-32.56,8.94
2026-01-07 20:27:00+00:00,1.75,-7.36,-4.85,283.37,-32.65,8.98
2026-01-07 20:28:00+00:00,1.79,-7.42,-4.81,283.58,-32.23,9.02
2026-01-07 20:29:00+00:00,1.56,-7.28,-5.06,282.12,-34.21,9.01
2026-01-07 20:30:00+00:00,1.40,-7.44,-5.04,280.67,-33.66,9.10
2026-01-07 20:31:00+00:00,1.28,-7.53,-4.95,279.68,-32.93,9.10
2026-01-07 20:32:00+00:00,1.34,-7.21,-5.31,280.53,-35.91,9.05
2026-01-07 20:33:00+00:00,1.25,-7.28,-5.24,279.76,-35.32,9.06
2026-01-07 20:34:00+00:00,1.47,-7.06,-5.46,281.77,-37.15,9.05
2026-01-07 20:35:00+00:00,1.30,-7.23,-5.30,280.15,-35.80,9.06
2026-01-07 20:36:00+00:00,1.38,-7.21,-5.32,280.82,-35.95,9.07
2026-01-07 20:37:00+00:00,0.98,-7.42,-5.15,277.55,-34.54,9.09
2026-01-07 20:38:00+00:00,1.04,-7.45,-5.21,277.97,-34.73,9.15
2026-01-07 20:39:00+00:00,0.96,-7.44,-5.23,277.35,-34.89,9.14
2026-01-07 20:40:00+00:00,0.90,-7.34,-5.45,276.98,-36.39,9.18
2026-01-07 20:41:00+00:00,0.84,-7.24,-5.61,276.64,-37.58,9.19
2026-01-07 20:42:00+00:00,0.78,-7.06,-5.65,276.29,-38.51,9.08
2026-01-07 20:43:00+00:00,0.52,-7.10,-5.61,274.15,-38.23,9.06
2026-01-07 20:44:00+00:00,0.88,-7.26,-5.35,276.89,-36.19,9.06
2026-01-07 20:45:00+00:00,0.90,-7.01,-5.63,277.29,-38.53,9.04
2026-01-07 20:46:00+00:00,0.62,-6.76,-6.00,275.28,-41.49,9.06
2026-01-07 20:47:00+00:00,0.59,-6.72,-6.03,274.98,-41.81,9.05
2026-01-07 20:48:00+00:00,0.53,-6.73,-6.03,274.50,-41.74,9.05
2026-01-07 20:49:00+00:00,0.86,-6.85,-5.79,277.12,-40.00,9.02
2026-01-07 20:50:00+00:00,0.70,-6.87,-5.87,275.79,-40.36,9.06
2026-01-07 20:51:00+00:00,0.81,-6.93,-5.72,276.66,-39.35,9.02
2026-01-07 20:52:00+00:00,1.03,-7.57,-4.86,277.73,-32.48,9.06
2026-01-07 20:53:00+00:00,1.26,-7.68,-4.75,279.30,-31.41,9.12
2026-01-07 20:54:00+00:00,1.47,-8.02,-4.19,280.37,-27.23,9.17
2026-01-07 20:55:00+00:00,1.43,-8.05,-4.02,280.07,-26.17,9.11
2026-01-07 20:56:00+00:00,1.11,-7.69,-4.36,278.24,-29.29,8.90
2026-01-07 20:57:00+00:00,0.89,-6.92,-4.48,277.33,-32.73,8.29
2026-01-07 20:58:00+00:00,0.41,-6.37,-5.53,273.71,-40.87,8.44
2026-01-07 20:59:00+00:00,0.50,-5.92,-5.98,274.86,-45.18,8.43
2026-01-07 21:00:00+00:00,0.62,-5.70,-6.03,276.25,-46.44,8.32
2026-01-07 21:01:00+00:00,0.76,-5.84,-5.91,277.39,-45.09,8.34
2026-01-07 21:02:00+00:00,0.65,-6.25,-5.51,275.94,-41.25,8.36
2026-01-07 21:03:00+00:00,0.55,-6.07,-5.77,275.16,-43.42,8.39
2026-01-07 21:04:00+00:00,0.55,-6.31,-5.80,274.99,-42.50,8.58
2026-01-07 21:05:00+00:00,0.51,-6.20,-5.81,274.74,-43.08,8.51
2026-01-07 21:06:00+00:00,0.06,-7.00,-5.18,270.47,-36.51,8.71
2026-01-07 21:07:00+00:00,-0.22,-7.37,-4.84,268.29,-33.28,8.83
2026-01-07 21:08:00+00:00,0.25,-7.40,-4.92,271.90,-33.62,8.89
2026-01-07 21:09:00+00:00,0.22,-7.43,-4.95,271.72,-33.68,8.93
2026-01-07 21:10:00+00:00,0.27,-7.36,-4.95,272.11,-33.91,8.87
2026-01-07 21:11:00+00:00,0.41,-7.31,-4.89,273.23,-33.75,8.81
2026-01-07 21:12:00+00:00,0.42,-7.10,-5.28,273.37,-36.57,8.86
2026-01-07 21:13:00+00:00,0.42,-7.34,-5.11,273.27,-34.80,8.95
2026-01-07 21:14:00+00:00,0.54,-6.92,-5.26,274.44,-37.13,8.71
2026-01-07 21:15:00+00:00,0.40,-6.55,-5.48,273.51,-39.83,8.55
2026-01-07 21:16:00+00:00,0.63,-6.11,-5.89,275.90,-43.78,8.51
2026-01-07 21:17:00+00:00,0.94,-4.53,-6.93,281.76,-56.28,8.34
2026-01-07 21:18:00+00:00,0.87,-5.35,-6.68,279.27,-50.97,8.60
2026-01-07 21:19:00+00:00,1.13,-4.85,-7.02,283.10,-54.63,8.61
2026-01-07 21:20:00+00:00,1.25,-4.67,-6.78,284.96,-54.49,8.33
2026-01-07 21:21:00+00:00,1.23,-4.63,-6.85,284.81,-55.02,8.36
2026-01-07 21:22:00+00:00,1.50,-5.24,-6.10,286.01,-48.20,8.18
2026-01-07 21:23:00+00:00,1.40,-5.18,-6.45,285.09,-50.25,8.39
2026-01-07 21:24:00+00:00,1.29,-5.00,-6.43,284.51,-51.23,8.24
2026-01-07 21:25:00+00:00,1.12,-4.59,-6.65,283.72,-54.60,8.15
2026-01-07 21:26:00+00:00,0.97,-4.57,-6.65,281.97,-54.95,8.13
2026-01-07 21:27:00+00:00,1.16,-4.53,-6.65,284.33,-54.90,8.13
2026-01-07 21:28:00+00:00,0.86,-4.58,-6.62,280.59,-54.86,8.09
2026-01-07 21:29:00+00:00,0.73,-4.73,-6.62,278.75,-54.13,8.16
2026-01-07 21:30:00+00:00,0.58,-4.93,-6.67,276.70,-53.35,8.31
2026-01-07 21:31:00+00:00,0.67,-4.78,-6.71,277.94,-54.29,8.27
2026-01-07 21:32:00+00:00,1.08,-4.37,-6.73,283.89,-56.22,8.10
2026-01-07 21:33:00+00:00,1.39,-4.01,-6.81,289.07,-58.07,8.02
2026-01-07 21:34:00+00:00,1.36,-3.86,-6.90,289.42,-59.32,8.02
2026-01-07 21:35:00+00:00,1.21,-3.83,-6.99,287.56,-60.13,8.06
2026-01-07 21:36:00+00:00,1.17,-4.00,-6.90,286.25,-58.84,8.06
2026-01-07 21:37:00+00:00,1.16,-4.11,-6.98,285.77,-58.56,8.18
2026-01-07 21:38:00+00:00,1.25,-4.04,-6.97,287.25,-58.75,8.15
2026-01-07 21:39:00+00:00,1.02,-4.26,-7.08,283.42,-58.25,8.32
2026-01-07 21:40:00+00:00,1.08,-5.59,-6.78,280.99,-49.97,8.85
2026-01-07 21:41:00+00:00,1.10,-5.97,-6.74,280.47,-48.00,9.07
2026-01-07 21:42:00+00:00,1.13,-5.93,-6.81,280.81,-48.40,9.10
2026-01-07 21:43:00+00:00,1.10,-6.07,-6.67,280.32,-47.25,9.09
2026-01-07 21:44:00+00:00,1.20,-6.43,-6.40,280.59,-44.38,9.16
2026-01-07 21:45:00+00:00,0.93,-7.43,-5.66,277.12,-37.11,9.38
2026-01-07 21:46:00+00:00,1.35,-7.50,-6.15,280.20,-38.90,9.80
2026-01-07 21:47:00+00:00,1.22,-7.07,-6.69,279.81,-43.03,9.81
2026-01-07 21:48:00+00:00,1.25,-7.00,-6.80,280.13,-43.75,9.84
2026-01-07 21:49:00+00:00,1.46,-6.74,-7.01,282.20,-45.48,9.83
2026-01-07 21:50:00+00:00,1.34,-6.66,-7.01,281.34,-45.91,9.76
2026-01-07 21:51:00+00:00,1.11,-7.24,-6.53,278.75,-41.72,9.81
2026-01-07 21:52:00+00:00,1.00,-7.79,-5.96,277.33,-37.21,9.86
2026-01-07 21:53:00+00:00,0.95,-7.83,-5.94,276.92,-36.99,9.88
2026-01-07 21:54:00+00:00,0.96,-8.16,-5.40,276.70,-33.32,9.84
2026-01-07 21:55:00+00:00,0.99,-7.76,-5.86,277.30,-36.81,9.78
2026-01-07 21:56:00+00:00,0.97,-7.63,-5.84,277.21,-37.21,9.66
2026-01-07 21:57:00+00:00,1.02,-7.58,-6.19,277.65,-38.95,9.84
2026-01-07 21:58:00+00:00,0.95,-7.30,-6.34,277.45,-40.73,9.72
2026-01-07 22:00:00+00:00,1.12,-7.27,-6.26,278.78,-40.40,9.66
2026-01-07 22:01:00+00:00,1.11,-7.26,-6.48,278.73,-41.41,9.79
2026-01-07 22:02:00+00:00,0.95,-6.89,-6.73,277.85,-44.05,9.68
2026-01-07 22:03:00+00:00,0.83,-7.57,-6.07,276.29,-38.56,9.74
2026-01-07 22:04:00+00:00,0.94,-7.64,-5.94,276.99,-37.66,9.73
2026-01-07 22:05:00+00:00,1.06,-7.67,-5.83,277.85,-36.98,9.69
2026-01-07 22:06:00+00:00,0.94,-7.31,-6.57,277.32,-41.75,9.87
2026-01-07 22:07:00+00:00,1.11,-7.44,-6.14,278.49,-39.21,9.71
2026-01-07 22:08:00+00:00,0.36,-7.93,-5.13,272.58,-32.88,9.46
2026-01-07 22:09:00+00:00,0.20,-7.84,-5.23,271.43,-33.70,9.43
2026-01-07 22:10:00+00:00,0.25,-7.61,-5.53,271.85,-36.01,9.41
2026-01-07 22:11:00+00:00,0.33,-7.70,-5.41,272.46,-35.05,9.42
2026-01-07 22:12:00+00:00,0.35,-7.62,-5.50,272.63,-35.78,9.40
2026-01-07 22:13:00+00:00,-0.33,-7.35,-5.55,267.41,-37.03,9.21
2026-01-07 22:14:00+00:00,0.14,-7.51,-5.94,271.08,-38.31,9.57
2026-01-07 22:15:00+00:00,0.18,-7.43,-5.93,271.36,-38.60,9.51
2026-01-07 22:16:00+00:00,0.07,-7.36,-5.95,270.54,-38.96,9.47
2026-01-07 22:17:00+00:00,-0.19,-7.34,-6.05,268.54,-39.47,9.52
2026-01-07 22:18:00+00:00,0.28,-7.33,-6.10,272.16,-39.74,9.54
2026-01-07 22:19:00+00:00,0.11,-7.26,-6.13,270.84,-40.15,9.50
2026-01-07 22:20:00+00:00,0.17,-7.39,-5.92,271.33,-38.70,9.47
2026-01-07 22:21:00+00:00,0.22,-7.40,-6.05,271.72,-39.27,9.56
2026-01-07 22:22:00+00:00,0.10,-7.26,-6.08,270.79,-39.95,9.48
2026-01-07 22:23:00+00:00,0.14,-7.18,-6.35,271.13,-41.47,9.58
2026-01-07 22:24:00+00:00,0.21,-7.23,-6.43,271.66,-41.63,9.68
2026-01-07 22:25:00+00:00,0.42,-7.16,-6.45,273.32,-41.95,9.64
2026-01-07 22:26:00+00:00,0.19,-6.77,-6.92,271.60,-45.61,9.69
2026-01-07 22:27:00+00:00,0.27,-6.77,-6.91,272.27,-45.57,9.68
2026-01-07 22:28:00+00:00,0.15,-6.67,-7.01,271.26,-46.44,9.68
2026-01-07 22:29:00+00:00,0.02,-6.54,-6.95,270.21,-46.75,9.55
2026-01-07 22:30:00+00:00,-0.14,-6.40,-7.35,268.70,-48.92,9.75
2026-01-07 22:31:00+00:00,-0.15,-6.39,-7.27,268.65,-48.68,9.68
2026-01-07 22:32:00+00:00,-0.01,-6.53,-7.21,269.87,-47.83,9.72
2026-01-07 22:33:00+00:00,-0.12,-6.66,-7.12,269.01,-46.91,9.75
2026-01-07 22:34:00+00:00,0.05,-6.74,-7.16,270.41,-46.73,9.84
2026-01-07 22:35:00+00:00,0.06,-6.66,-7.20,270.50,-47.25,9.81
2026-01-07 22:36:00+00:00,0.15,-6.69,-7.17,271.25,-46.99,9.81
2026-01-07 22:37:00+00:00,0.15,-6.75,-7.29,271.27,-47.21,9.93
2026-01-07 22:38:00+00:00,0.00,-6.37,-7.44,270.03,-49.42,9.79
2026-01-07 22:39:00+00:00,-0.01,-6.39,-7.51,269.91,-49.63,9.86
2026-01-07 22:40:00+00:00,-0.08,-6.40,-7.51,269.27,-49.54,9.87
2026-01-07 22:41:00+00:00,-0.03,-6.52,-7.46,269.72,-48.85,9.91
2026-01-07 22:42:00+00:00,-0.07,-6.26,-7.82,269.33,-51.29,10.02
2026-01-07 22:43:00+00:00,0.06,-6.18,-7.64,270.51,-51.02,9.82
2026-01-07 22:44:00+00:00,-0.03,-5.97,-7.81,269.67,-52.61,9.83
2026-01-07 22:45:00+00:00,0.10,-5.87,-7.93,271.00,-53.46,9.86
2026-01-07 22:46:00+00:00,0.10,-5.74,-8.07,271.05,-54.57,9.91
2026-01-07 22:47:00+00:00,0.14,-5.82,-7.98,271.35,-53.90,9.87
2026-01-07 22:48:00+00:00,0.04,-5.86,-7.92,270.35,-53.49,9.85
2026-01-07 22:49:00+00:00,0.10,-5.82,-7.89,271.03,-53.60,9.80
2026-01-07 22:50:00+00:00,-0.03,-5.91,-7.95,269.70,-53.38,9.90
2026-01-07 22:51:00+00:00,-0.28,-6.14,-7.79,267.43,-51.73,9.92
2026-01-07 22:52:00+00:00,-0.32,-6.26,-7.73,267.05,-50.97,9.96
2026-01-07 22:53:00+00:00,-0.43,-6.20,-7.82,266.00,-51.50,9.99
2026-01-07 22:54:00+00:00,-0.42,-6.07,-7.84,266.07,-52.16,9.92
2026-01-07 22:55:00+00:00,-0.44,-6.17,-7.79,265.89,-51.57,9.95
2026-01-07 22:56:00+00:00,-0.60,-6.17,-7.83,264.44,-51.62,9.99
2026-01-07 22:57:00+00:00,-0.52,-6.01,-8.00,265.08,-52.99,10.02
2026-01-07 22:58:00+00:00,-0.52,-5.84,-8.34,264.92,-54.89,10.20
2026-01-07 22:59:00+00:00,-0.49,-5.94,-8.03,265.30,-53.39,10.00
2026-01-07 23:00:00+00:00,-0.50,-6.02,-7.98,265.24,-52.86,10.01
2026-01-07 23:01:00+00:00,-0.16,-6.41,-7.67,268.55,-50.10,9.99
2026-01-07 23:02:00+00:00,-0.39,-6.00,-7.82,266.29,-52.44,9.86
2026-01-07 23:03:00+00:00,-0.35,-6.12,-7.79,266.68,-51.79,9.92
2026-01-07 23:04:00+00:00,-0.12,-6.64,-7.30,268.93,-47.68,9.87
2026-01-07 23:05:00+00:00,-0.25,-6.52,-7.34,267.80,-48.36,9.82
2026-01-07 23:06:00+00:00,-0.16,-6.39,-7.32,268.58,-48.87,9.72
2026-01-07 23:07:00+00:00,-0.27,-6.71,-7.26,267.66,-47.22,9.89
2026-01-07 23:08:00+00:00,-0.48,-6.87,-7.14,266.04,-46.05,9.92
2026-01-07 23:09:00+00:00,-0.64,-7.02,-7.15,264.83,-45.40,10.04
2026-01-07 23:10:00+00:00,-0.66,-7.04,-6.84,264.65,-44.04,9.83
2026-01-07 23:11:00+00:00,-1.10,-6.90,-7.01,260.92,-45.10,9.89
2026-01-07 23:12:00+00:00,-1.34,-6.50,-7.16,258.36,-47.17,9.76
2026-01-07 23:13:00+00:00,-1.27,-6.85,-7.20,259.48,-45.91,10.02
2026-01-07 23:14:00+00:00,-1.29,-6.79,-7.68,259.26,-48.01,10.33
2026-01-07 23:15:00+00:00,-1.22,-6.89,-7.27,259.95,-46.09,10.09
2026-01-07 23:16:00+00:00,-1.25,-7.01,-7.36,259.87,-45.96,10.25
2026-01-07 23:17:00+00:00,-1.38,-7.01,-7.04,258.88,-44.55,10.03
2026-01-07 23:18:00+00:00,-1.34,-6.87,-7.38,258.99,-46.50,10.17
2026-01-07 23:19:00+00:00,-1.21,-6.96,-7.19,260.18,-45.50,10.08
2026-01-07 23:20:00+00:00,-0.73,-7.02,-7.42,264.03,-46.44,10.25
2026-01-07 23:21:00+00:00,-0.26,-6.67,-7.65,267.78,-48.90,10.16
2026-01-07 23:22:00+00:00,0.07,-6.21,-7.81,270.60,-51.49,9.98
2026-01-07 23:23:00+00:00,0.06,-6.21,-7.79,270.52,-51.44,9.96
2026-01-07 23:24:00+00:00,-0.12,-6.27,-7.84,268.92,-51.35,10.04
2026-01-07 23:25:00+00:00,-0.27,-6.15,-7.95,267.47,-52.27,10.05
2026-01-07 23:26:00+00:00,-0.42,-5.63,-8.15,265.78,-55.26,9.91
2026-01-07 23:27:00+00:00,-0.37,-5.98,-8.09,266.43,-53.48,10.06
2026-01-07 23:28:00+00:00,-0.30,-5.98,-8.08,267.16,-53.46,10.05
2026-01-07 23:29:00+00:00,-0.26,-6.01,-8.14,267.57,-53.53,10.12
2026-01-07 23:30:00+00:00,-0.39,-5.65,-8.27,266.07,-55.60,10.02
2026-01-07 23:31:00+00:00,-0.34,-5.85,-8.23,266.67,-54.57,10.10
2026-01-07 23:32:00+00:00,-0.19,-6.06,-8.06,268.25,-53.03,10.09
2026-01-07 23:33:00+00:00,-0.26,-5.95,-8.17,267.52,-53.91,10.11
2026-01-07 23:34:00+00:00,-0.42,-5.90,-8.47,265.93,-55.06,10.34
2026-01-07 23:35:00+00:00,-0.25,-5.87,-8.29,267.58,-54.68,10.16
2026-01-07 23:36:00+00:00,-0.20,-5.80,-8.34,268.05,-55.15,10.16
2026-01-07 23:37:00+00:00,-0.12,-5.74,-8.39,268.81,-55.61,10.17
2026-01-07 23:38:00+00:00,-0.20,-5.73,-8.49,268.04,-55.98,10.25
2026-01-07 23:39:00+00:00,-0.07,-5.69,-8.53,269.34,-56.30,10.25
2026-01-07 23:40:00+00:00,-0.01,-5.78,-8.57,269.95,-56.01,10.34
2026-01-07 23:41:00+00:00,-0.11,-5.69,-8.59,268.87,-56.46,10.31
2026-01-07 23:42:00+00:00,-0.23,-5.37,-8.66,267.52,-58.16,10.19
2026-01-07 23:43:00+00:00,-0.06,-5.51,-8.79,269.33,-57.94,10.38
2026-01-07 23:44:00+00:00,0.07,-5.52,-8.73,270.73,-57.70,10.33
2026-01-07 23:45:00+00:00,0.17,-5.27,-8.92,271.86,-59.38,10.36
2026-01-07 23:46:00+00:00,-0.94,-5.59,-8.86,260.48,-57.40,10.51
2026-01-07 23:47:00+00:00,-0.46,-5.52,-8.99,265.21,-58.37,10.56
2026-01-07 23:48:00+00:00,-0.28,-5.63,-8.91,267.13,-57.69,10.55
2026-01-07 23:49:00+00:00,0.05,-5.57,-8.97,270.48,-58.16,10.56
2026-01-07 23:50:00+00:00,-0.05,-5.21,-9.12,269.45,-60.26,10.50
2026-01-07 23:51:00+00:00,-0.03,-5.12,-9.15,269.71,-60.78,10.48
2026-01-07 23:52:00+00:00,0.06,-4.93,-9.27,270.70,-62.01,10.50
2026-01-07 23:53:00+00:00,0.04,-4.81,-9.23,270.53,-62.49,10.41
2026-01-07 23:54:00+00:00,0.11,-4.38,-9.40,271.42,-64.98,10.37
2026-01-07 23:55:00+00:00,0.26,-4.47,-9.43,273.27,-64.59,10.44
2026-01-07 23:56:00+00:00,0.17,-5.02,-9.03,271.96,-60.94,10.33
2026-01-07 23:57:00+00:00,0.20,-5.20,-8.97,272.21,-59.88,10.37
2026-01-07 23:58:00+00:00,0.24,-3.88,-9.57,273.59,-67.90,10.33
2026-01-07 23:59:00+00:00,0.20,-4.04,-9.48,272.80,-66.91,10.31
2026-01-08 00:00:00+00:00,0.19,-4.39,-9.30,272.49,-64.74,10.29
2026-01-08 00:01:00+00:00,0.27,-4.90,-9.12,273.12,-61.71,10.36
2026-01-08 00:02:00+00:00,-0.21,-4.36,-9.51,267.26,-65.32,10.46
2026-01-08 00:03:00+00:00,0.48,-4.54,-9.22,275.99,-63.65,10.29
2026-01-08 00:04:00+00:00,0.65,-4.41,-9.23,278.44,-64.20,10.25
2026-01-08 00:05:00+00:00,0.65,-4.44,-9.28,278.28,-64.20,10.31
2026-01-08 00:06:00+00:00,0.54,-4.13,-9.44,277.48,-66.19,10.32
2026-01-08 00:07:00+00:00,0.36,-4.20,-9.45,274.94,-65.94,10.35
2026-01-08 00:08:00+00:00,0.54,-4.51,-9.11,276.87,-63.50,10.18
2026-01-08 00:09:00+00:00,0.61,-4.57,-9.08,277.66,-63.07,10.19
2026-01-08 00:10:00+00:00,0.54,-4.30,-9.27,277.12,-64.96,10.23
2026-01-08 00:11:00+00:00,0.35,-4.17,-9.25,274.79,-65.68,10.16
2026-01-08 00:12:00+00:00,0.21,-4.14,-9.28,272.97,-65.91,10.16
2026-01-08 00:13:00+00:00,0.33,-3.78,-9.37,274.91,-67.93,10.11
2026-01-08 00:14:00+00:00,0.40,-3.37,-9.64,276.78,-70.64,10.22
2026-01-08 00:15:00+00:00,0.39,-3.28,-9.57,276.84,-70.94,10.12
2026-01-08 00:16:00+00:00,0.38,-3.39,-9.59,276.44,-70.42,10.17
2026-01-08 00:17:00+00:00,0.51,-2.95,-9.86,279.80,-73.08,10.31
2026-01-08 00:18:00+00:00,0.19,-2.60,-9.73,274.28,-74.99,10.07
2026-01-08 00:19:00+00:00,0.42,-2.49,-9.82,279.66,-75.59,10.14
2026-01-08 00:20:00+00:00,0.52,-2.56,-9.87,281.54,-75.16,10.21
2026-01-08 00:21:00+00:00,0.22,-1.73,-9.74,277.37,-79.86,9.90
2026-01-08 00:22:00+00:00,0.42,-0.93,-10.05,294.43,-84.22,10.10
2026-01-08 00:23:00+00:00,0.47,-1.52,-10.04,287.16,-81.02,10.17
2026-01-08 00:24:00+00:00,0.34,-1.67,-10.03,281.36,-80.34,10.18
2026-01-08 00:25:00+00:00,0.14,-1.49,-9.89,275.39,-81.41,10.00
2026-01-08 00:26:00+00:00,0.43,-2.13,-9.41,281.35,-76.99,9.65
2026-01-08 00:27:00+00:00,0.61,-2.13,-9.64,286.02,-77.08,9.89
2026-01-08 00:28:00+00:00,0.37,-1.97,-9.58,280.60,-78.18,9.79
2026-01-08 00:29:00+00:00,0.28,-2.06,-9.61,277.77,-77.79,9.84
2026-01-08 00:30:00+00:00,0.47,-2.13,-9.60,282.35,-77.21,9.85
2026-01-08 00:31:00+00:00,0.83,-2.97,-9.57,285.54,-72.16,10.06
2026-01-08 00:32:00+00:00,1.65,-4.83,-8.50,288.84,-59.02,9.92
2026-01-08 00:33:00+00:00,2.54,-6.78,-6.84,290.51,-43.36,9.96
2026-01-08 00:34:00+00:00,2.62,-6.97,-7.63,290.63,-45.70,10.66
2026-01-08 00:35:00+00:00,2.62,-6.95,-7.67,290.63,-45.93,10.68
2026-01-08 00:36:00+00:00,2.63,-7.02,-7.58,290.56,-45.29,10.66
2026-01-08 00:37:00+00:00,2.49,-6.69,-7.86,290.43,-47.77,10.62
2026-01-08 00:38:00+00:00,2.42,-6.40,-8.28,290.69,-50.45,10.74
2026-01-08 00:39:00+00:00,2.56,-6.64,-7.87,291.13,-47.90,10.61
2026-01-08 00:40:00+00:00,2.76,-6.69,-7.81,292.44,-47.18,10.65
2026-01-08 00:41:00+00:00,2.60,-6.65,-7.96,291.37,-48.12,10.69
2026-01-08 00:42:00+00:00,2.51,-6.35,-8.20,291.57,-50.24,10.67
2026-01-08 00:43:00+00:00,2.57,-6.45,-8.11,291.73,-49.45,10.68
2026-01-08 00:44:00+00:00,2.64,-6.58,-8.00,291.84,-48.45,10.68
2026-01-08 00:45:00+00:00,2.48,-6.52,-8.08,290.85,-49.19,10.67
2026-01-08 00:46:00+00:00,2.14,-6.05,-8.50,289.50,-52.93,10.65
2026-01-08 00:47:00+00:00,2.04,-6.14,-8.48,288.38,-52.67,10.66
2026-01-08 00:48:00+00:00,2.07,-6.15,-8.54,288.63,-52.78,10.72
2026-01-08 00:49:00+00:00,1.93,-5.98,-8.77,287.91,-54.40,10.79
2026-01-08 00:50:00+00:00,2.01,-5.64,-8.74,289.59,-55.61,10.60
2026-01-08 00:51:00+00:00,2.00,-6.01,-8.70,288.38,-53.96,10.76
2026-01-08 00:52:00+00:00,1.73,-5.81,-8.84,286.59,-55.56,10.72
2026-01-08 00:53:00+00:00,1.55,-5.40,-9.17,286.05,-58.47,10.75
2026-01-08 00:54:00+00:00,1.49,-5.53,-9.07,285.13,-57.75,10.73
2026-01-08 00:55:00+00:00,1.62,-5.71,-8.99,285.88,-56.54,10.77
2026-01-08 00:56:00+00:00,1.81,-6.17,-8.68,286.34,-53.49,10.80
2026-01-08 00:57:00+00:00,1.92,-6.30,-8.57,286.93,-52.48,10.81
2026-01-08 00:58:00+00:00,1.74,-5.72,-9.19,286.88,-56.94,10.96
2026-01-08 00:59:00+00:00,1.91,-5.62,-8.94,288.77,-56.41,10.73
2026-01-08 01:00:00+00:00,2.01,-5.63,-8.95,289.61,-56.26,10.76
2026-01-08 01:01:00+00:00,1.96,-5.62,-8.91,289.18,-56.25,10.72
2026-01-08 01:02:00+00:00,2.10,-5.68,-8.94,290.29,-55.90,10.79
2026-01-08 01:03:00+00:00,2.09,-5.68,-8.83,290.23,-55.60,10.71
2026-01-08 01:04:00+00:00,2.11,-5.87,-8.71,289.76,-54.42,10.71
2026-01-08 01:05:00+00:00,1.93,-5.74,-8.79,288.61,-55.41,10.68
2026-01-08 01:06:00+00:00,2.15,-5.50,-8.72,291.31,-55.89,10.53
2026-01-08 01:07:00+00:00,1.96,-5.49,-8.97,289.62,-56.98,10.70
2026-01-08 01:08:00+00:00,1.87,-5.45,-8.99,288.95,-57.35,10.67
2026-01-08 01:09:00+00:00,1.99,-5.33,-9.09,290.51,-57.95,10.72
2026-01-08 01:10:00+00:00,1.66,-4.86,-9.30,288.86,-61.08,10.63
2026-01-08 01:11:00+00:00,1.14,-4.43,-9.47,284.38,-64.21,10.52
2026-01-08 01:12:00+00:00,1.10,-4.46,-9.56,283.83,-64.36,10.61
2026-01-08 01:13:00+00:00,1.32,-4.75,-9.49,285.54,-62.57,10.69
2026-01-08 01:14:00+00:00,0.95,-4.31,-9.86,282.46,-65.87,10.80
2026-01-08 01:15:00+00:00,1.04,-4.34,-9.58,283.53,-65.01,10.57
2026-01-08 01:16:00+00:00,1.21,-4.26,-9.59,285.87,-65.21,10.57
2026-01-08 01:17:00+00:00,0.89,-4.17,-9.72,282.07,-66.31,10.62
2026-01-08 01:18:00+00:00,1.01,-4.34,-9.61,283.04,-65.13,10.59
2026-01-08 01:19:00+00:00,1.07,-4.34,-9.61,283.88,-65.03,10.60
2026-01-08 01:20:00+00:00,0.40,-4.34,-9.76,275.23,-65.95,10.68
2026-01-08 01:21:00+00:00,0.69,-4.25,-9.71,279.20,-66.07,10.62
2026-01-08 01:22:00+00:00,1.34,-4.29,-9.50,287.36,-64.67,10.51
2026-01-08 01:23:00+00:00,1.63,-4.60,-9.35,289.48,-62.45,10.55
2026-01-08 01:24:00+00:00,1.87,-4.92,-9.10,290.79,-59.96,10.52
2026-01-08 01:25:00+00:00,2.26,-5.21,-8.95,293.40,-57.62,10.60
2026-01-08 01:26:00+00:00,1.93,-4.34,-9.50,293.93,-63.44,10.62
2026-01-08 01:27:00+00:00,2.07,-5.23,-9.10,291.55,-58.28,10.70
2026-01-08 01:28:00+00:00,2.02,-4.79,-9.34,292.85,-60.90,10.69
2026-01-08 01:29:00+00:00,2.19,-4.81,-9.24,294.48,-60.22,10.65
2026-01-08 01:30:00+00:00,1.88,-4.49,-9.34,292.72,-62.47,10.53
2026-01-08 01:31:00+00:00,1.78,-4.49,-9.46,291.63,-62.94,10.62
2026-01-08 01:32:00+00:00,1.71,-4.36,-9.53,291.41,-63.82,10.62
2026-01-08 01:33:00+00:00,1.69,-4.34,-9.49,291.23,-63.88,10.57
2026-01-08 01:34:00+00:00,1.50,-4.41,-9.58,288.83,-64.05,10.65
2026-01-08 01:35:00+00:00,1.65,-4.15,-9.58,291.69,-64.97,10.57
2026-01-08 01:36:00+00:00,1.43,-4.06,-9.61,289.41,-65.86,10.53
2026-01-08 01:37:00+00:00,1.28,-3.94,-9.65,287.94,-66.76,10.51
2026-01-08 01:38:00+00:00,1.27,-3.88,-9.73,288.14,-67.20,10.55
2026-01-08 01:39:00+00:00,1.37,-3.92,-9.77,289.21,-66.96,10.61
2026-01-08 01:40:00+00:00,1.37,-3.94,-9.80,289.12,-66.92,10.65
2026-01-08 01:41:00+00:00,1.18,-3.76,-9.89,287.46,-68.29,10.65
2026-01-08 01:42:00+00:00,0.87,-3.31,-10.01,284.71,-71.12,10.58
2026-01-08 01:43:00+00:00,0.96,-3.46,-9.92,285.50,-70.11,10.55
2026-01-08 01:44:00+00:00,1.33,-4.13,-9.60,287.84,-65.69,10.53
2026-01-08 01:45:00+00:00,1.29,-4.12,-9.66,287.37,-65.92,10.58
2026-01-08 01:46:00+00:00,0.94,-3.55,-10.00,284.90,-69.85,10.65
2026-01-08 01:47:00+00:00,1.15,-3.65,-9.77,287.54,-68.63,10.49
2026-01-08 01:48:00+00:00,1.14,-3.53,-9.84,287.87,-69.33,10.51
2026-01-08 01:49:00+00:00,1.07,-3.33,-9.96,287.81,-70.65,10.55
2026-01-08 01:50:00+00:00,1.39,-3.73,-9.79,290.49,-67.89,10.57
2026-01-08 01:51:00+00:00,1.42,-3.94,-9.79,289.85,-66.85,10.64
2026-01-08 01:52:00+00:00,1.26,-3.47,-10.01,289.91,-69.75,10.67
2026-01-08 01:53:00+00:00,1.40,-3.37,-10.01,292.58,-69.97,10.65
2026-01-08 01:54:00+00:00,2.31,-3.63,-9.44,302.49,-65.51,10.37
2026-01-08 01:55:00+00:00,2.32,-4.19,-9.29,298.91,-62.71,10.45
2026-01-08 01:56:00+00:00,2.22,-4.55,-8.84,295.97,-60.20,10.19
2026-01-08 01:57:00+00:00,1.94,-4.43,-8.87,293.63,-61.38,10.10
2026-01-08 01:58:00+00:00,1.82,-4.26,-9.01,293.13,-62.76,10.13
2026-01-08 01:59:00+00:00,1.75,-4.39,-8.94,291.75,-62.15,10.11
2026-01-08 02:00:00+00:00,1.91,-3.81,-9.01,296.70,-64.71,9.97
2026-01-08 02:01:00+00:00,2.08,-4.01,-8.94,297.42,-63.20,10.02
2026-01-08 02:02:00+00:00,1.70,-3.96,-8.80,293.20,-63.93,9.79
2026-01-08 02:03:00+00:00,1.20,-3.75,-9.03,287.77,-66.45,9.85
2026-01-08 02:04:00+00:00,1.26,-3.71,-9.02,288.77,-66.48,9.83
2026-01-08 02:05:00+00:00,1.29,-3.59,-9.10,289.78,-67.23,9.87
2026-01-08 02:06:00+00:00,1.05,-3.39,-9.16,287.27,-68.82,9.83
2026-01-08 02:07:00+00:00,1.19,-3.53,-9.09,288.59,-67.74,9.82
2026-01-08 02:08:00+00:00,1.39,-3.53,-9.01,291.56,-67.18,9.78
2026-01-08 02:09:00+00:00,1.08,-3.19,-9.15,288.74,-69.80,9.75
2026-01-08 02:10:00+00:00,0.56,-2.61,-9.28,282.10,-73.94,9.65
2026-01-08 02:11:00+00:00,0.56,-2.68,-9.39,281.79,-73.72,9.78
2026-01-08 02:12:00+00:00,0.59,-2.64,-9.42,282.52,-73.98,9.80
2026-01-08 02:13:00+00:00,0.53,-2.77,-9.43,280.75,-73.35,9.85
2026-01-08 02:14:00+00:00,0.39,-2.76,-9.45,278.01,-73.58,9.85
2026-01-08 02:15:00+00:00,0.51,-2.97,-9.37,279.68,-72.19,9.84
2026-01-08 02:16:00+00:00,0.59,-2.99,-9.43,281.19,-72.07,9.91
2026-01-08 02:17:00+00:00,0.24,-2.63,-9.64,275.24,-74.70,9.99
2026-01-08 02:18:00+00:00,-0.38,-2.17,-9.87,260.08,-77.43,10.11
2026-01-08 02:19:00+00:00,-0.40,-1.76,-9.81,257.10,-79.55,9.98
2026-01-08 02:20:00+00:00,-0.12,-1.76,-9.68,265.98,-79.68,9.84
2026-01-08 02:21:00+00:00,0.10,-2.26,-10.00,272.65,-77.24,10.25
2026-01-08 02:22:00+00:00,0.82,-2.74,-9.19,286.59,-72.73,9.62
2026-01-08 02:23:00+00:00,2.24,-3.24,-8.75,304.60,-65.75,9.59
2026-01-08 02:24:00+00:00,1.95,-4.02,-8.76,295.85,-63.01,9.83
2026-01-08 02:25:00+00:00,2.44,-3.84,-8.69,302.45,-62.33,9.81
2026-01-08 02:26:00+00:00,2.38,-3.79,-8.84,302.10,-63.16,9.90
2026-01-08 02:27:00+00:00,2.15,-3.44,-9.04,302.08,-65.84,9.91
2026-01-08 02:28:00+00:00,2.46,-3.55,-8.85,304.67,-63.97,9.85
2026-01-08 02:29:00+00:00,2.79,-3.44,-8.75,309.06,-63.16,9.80
2026-01-08 02:30:00+00:00,2.77,-3.48,-8.88,308.46,-63.37,9.93
2026-01-08 02:31:00+00:00,2.97,-4.20,-9.32,305.30,-61.11,10.64
2026-01-08 02:32:00+00:00,3.10,-4.57,-9.25,304.12,-59.15,10.77
2026-01-08 02:33:00+00:00,3.06,-4.49,-9.30,304.27,-59.73,10.77
2026-01-08 02:34:00+00:00,2.56,-4.23,-9.52,301.20,-62.54,10.73
2026-01-08 02:35:00+00:00,2.25,-4.42,-9.39,296.99,-62.18,10.62
2026-01-08 02:36:00+00:00,2.30,-4.71,-9.41,296.06,-60.88,10.77
2026-01-08 02:37:00+00:00,2.18,-4.16,-9.58,297.73,-63.88,10.66
2026-01-08 02:38:00+00:00,1.94,-3.65,-9.67,297.96,-66.88,10.51
2026-01-08 02:39:00+00:00,1.85,-3.20,-9.81,300.03,-69.35,10.48
2026-01-08 02:40:00+00:00,1.79,-2.99,-9.87,301.02,-70.56,10.47
2026-01-08 02:41:00+00:00,1.65,-2.67,-9.92,301.68,-72.43,10.41
2026-01-08 02:42:00+00:00,1.69,-2.63,-9.95,302.75,-72.55,10.43
2026-01-08 02:43:00+00:00,2.34,-4.15,-9.45,299.41,-63.24,10.58
2026-01-08 02:44:00+00:00,2.40,-4.48,-9.43,298.21,-61.67,10.71
2026-01-08 02:45:00+00:00,2.26,-4.21,-9.31,298.20,-62.85,10.47
2026-01-08 02:46:00+00:00,2.52,-4.58,-8.95,298.86,-59.74,10.37
2026-01-08 02:47:00+00:00,2.68,-5.24,-8.49,297.13,-55.25,10.33
2026-01-08 02:48:00+00:00,2.79,-5.61,-8.25,296.50,-52.80,10.36
2026-01-08 02:49:00+00:00,2.85,-5.92,-8.11,295.71,-50.99,10.44
2026-01-08 02:50:00+00:00,2.62,-5.58,-8.59,295.10,-54.33,10.57
2026-01-08 02:51:00+00:00,2.51,-5.46,-8.59,294.71,-55.03,10.48
2026-01-08 02:52:00+00:00,2.15,-5.06,-8.34,293.01,-56.59,9.99
2026-01-08 02:53:00+00:00,2.27,-3.53,-9.28,302.70,-65.67,10.18
2026-01-08 02:54:00+00:00,1.80,-2.71,-8.99,303.54,-70.11,9.56
2026-01-08 02:55:00+00:00,1.41,-1.58,-8.80,311.71,-76.49,9.05
2026-01-08 02:56:00+00:00,0.87,0.39,-8.69,24.04,-83.75,8.74
2026-01-08 02:57:00+00:00,1.20,-0.74,-8.48,328.34,-80.58,8.60
2026-01-08 02:58:00+00:00,1.46,-1.45,-8.16,315.22,-75.86,8.42
2026-01-08 02:59:00+00:00,1.70,-2.55,-7.94,303.68,-68.89,8.51
2026-01-08 03:00:00+00:00,1.59,-2.48,-8.17,302.75,-70.19,8.69
2026-01-08 03:01:00+00:00,1.48,-2.36,-8.40,302.03,-71.65,8.85
2026-01-08 03:02:00+00:00,1.71,-2.63,-8.41,303.01,-69.57,8.98
2026-01-08 03:03:00+00:00,1.84,-2.95,-8.71,302.02,-68.25,9.38
2026-01-08 03:04:00+00:00,1.63,-3.19,-8.34,297.00,-66.76,9.08
2026-01-08 03:05:00+00:00,1.80,-3.80,-8.40,295.39,-63.43,9.40
2026-01-08 03:06:00+00:00,1.85,-4.23,-8.30,293.58,-60.91,9.50
2026-01-08 03:07:00+00:00,1.89,-5.09,-7.85,290.39,-55.31,9.54
2026-01-08 03:08:00+00:00,1.96,-5.18,-8.19,290.70,-55.93,9.89
2026-01-08 03:09:00+00:00,1.94,-5.03,-8.20,291.09,-56.71,9.81
2026-01-08 03:10:00+00:00,2.07,-4.75,-8.19,293.56,-57.69,9.69
2026-01-08 03:11:00+00:00,2.31,-5.08,-8.01,294.46,-55.17,9.76
2026-01-08 03:12:00+00:00,2.24,-4.44,-8.61,296.72,-59.99,9.94
2026-01-08 03:13:00+00:00,2.01,-4.15,-8.57,295.88,-61.70,9.74
2026-01-08 03:14:00+00:00,2.18,-4.13,-8.40,297.76,-60.91,9.61
2026-01-08 03:15:00+00:00,1.93,-2.50,-9.06,307.66,-70.82,9.59
2026-01-08 03:16:00+00:00,1.76,-2.30,-8.22,307.35,-70.60,8.72
2026-01-08 03:17:00+00:00,0.01,-0.52,-7.97,270.71,-86.27,7.98
2026-01-08 03:18:00+00:00,-0.12,0.22,-6.98,119.21,-87.94,6.98
2026-01-08 03:19:00+00:00,-0.64,-0.46,-6.24,215.43,-82.79,6.29
2026-01-08 03:20:00+00:00,-1.80,1.09,-5.83,148.82,-70.15,6.19
2026-01-08 03:21:00+00:00,-2.55,2.13,-5.32,140.10,-58.00,6.28
2026-01-08 03:22:00+00:00,-4.46,4.33,-0.11,135.86,-1.05,6.21
2026-01-08 03:23:00+00:00,-4.59,4.84,3.64,133.48,28.61,7.59
2026-01-08 03:24:00+00:00,-4.97,5.94,3.00,129.93,21.16,8.31
2026-01-08 03:25:00+00:00,-5.08,5.87,3.54,130.90,24.52,8.53
2026-01-08 03:26:00+00:00,-5.03,6.28,3.07,128.68,20.88,8.61
2026-01-08 03:27:00+00:00,-5.09,5.73,3.11,131.62,22.07,8.27
2026-01-08 03:28:00+00:00,-4.94,6.49,2.06,127.28,14.19,8.42
2026-01-08 03:29:00+00:00,-4.73,6.31,2.01,126.87,14.26,8.14
2026-01-08 03:30:00+00:00,-4.81,6.36,1.72,127.11,12.14,8.16
2026-01-08 03:31:00+00:00,-4.35,6.18,1.31,125.13,9.83,7.68
2026-01-08 03:32:00+00:00,-4.02,5.96,0.20,123.98,1.58,7.19
2026-01-08 03:33:00+00:00,-4.24,5.91,0.49,125.66,3.87,7.30
2026-01-08 03:34:00+00:00,-4.16,6.04,0.48,124.57,3.75,7.35
2026-01-08 03:35:00+00:00,-4.23,5.92,-0.06,125.55,-0.45,7.28
2026-01-08 03:36:00+00:00,-4.13,5.94,-0.42,124.79,-3.28,7.25
2026-01-08 03:37:00+00:00,-3.43,6.06,-0.18,119.55,-1.49,6.97
2026-01-08 03:38:00+00:00,-3.45,6.16,-0.28,119.26,-2.23,7.06
2026-01-08 03:39:00+00:00,-3.58,6.40,-0.69,119.26,-5.38,7.36
2026-01-08 03:40:00+00:00,-3.60,6.24,-1.05,119.97,-8.29,7.28
2026-01-08 03:41:00+00:00,-3.53,6.10,-0.70,120.05,-5.64,7.08
2026-01-08 03:42:00+00:00,-3.56,5.92,-0.86,121.01,-7.08,6.96
2026-01-08 03:43:00+00:00,-3.63,5.91,-1.00,121.59,-8.17,7.01
2026-01-08 03:44:00+00:00,-3.68,6.13,-1.59,120.98,-12.57,7.32
2026-01-08 03:45:00+00:00,-3.69,6.12,-1.56,121.10,-12.29,7.31
2026-01-08 03:46:00+00:00,-3.97,5.89,-1.26,123.96,-10.08,7.21
2026-01-08 03:47:00+00:00,-4.42,5.71,-1.12,127.73,-8.84,7.31
2026-01-08 03:48:00+00:00,-3.61,5.89,-1.70,121.53,-13.83,7.12
2026-01-08 03:49:00+00:00,-3.72,6.02,-1.82,121.73,-14.41,7.31
2026-01-08 03:50:00+00:00,-3.56,6.16,-1.70,120.04,-13.42,7.31
2026-01-08 03:51:00+00:00,-3.28,5.77,-1.76,119.64,-14.87,6.86
2026-01-08 03:52:00+00:00,-3.47,5.84,-1.99,120.71,-16.33,7.08
2026-01-08 03:53:00+00:00,-3.95,5.65,-0.71,124.96,-5.91,6.93
2026-01-08 03:54:00+00:00,-3.62,5.88,-0.93,121.61,-7.63,6.97
2026-01-08 03:55:00+00:00,-3.65,5.74,-1.17,122.45,-9.79,6.90
2026-01-08 03:56:00+00:00,-3.82,5.70,-1.37,123.84,-11.29,7.00
2026-01-08 03:57:00+00:00,-4.18,5.92,-1.23,125.20,-9.61,7.35
2026-01-08 03:58:00+00:00,-3.18,5.60,-2.70,119.63,-22.74,6.99
2026-01-08 04:00:00+00:00,-3.01,5.17,-2.18,120.22,-19.97,6.37
2026-01-08 04:01:00+00:00,-2.58,4.53,-2.90,119.71,-29.11,5.97
2026-01-08 04:02:00+00:00,-2.10,4.62,-3.76,114.41,-36.55,6.32
2026-01-08 04:03:00+00:00,-1.75,4.10,-3.08,113.14,-34.58,5.42
2026-01-08 04:04:00+00:00,-1.76,4.33,-3.04,112.13,-33.06,5.58
2026-01-08 04:05:00+00:00,-1.62,4.96,-2.96,108.08,-29.59,6.00
2026-01-08 04:06:00+00:00,-1.55,4.92,-4.38,107.54,-40.36,6.77
2026-01-08 04:07:00+00:00,-1.58,5.21,-4.18,106.87,-37.49,6.87
2026-01-08 04:08:00+00:00,-2.02,5.01,-4.45,111.95,-39.46,7.00
2026-01-08 04:09:00+00:00,-1.67,5.22,-4.46,107.77,-39.15,7.07
2026-01-08 04:10:00+00:00,-1.89,4.94,-3.99,110.95,-36.99,6.63
2026-01-08 04:11:00+00:00,-1.88,4.83,-4.34,111.22,-39.95,6.77
2026-01-08 04:12:00+00:00,-1.75,4.88,-4.46,109.74,-40.68,6.84
2026-01-08 04:13:00+00:00,-1.83,4.81,-4.60,110.79,-41.82,6.90
2026-01-08 04:14:00+00:00,-0.94,5.07,-4.45,100.56,-40.82,6.81
2026-01-08 04:15:00+00:00,-1.67,4.91,-4.50,108.80,-40.96,6.86
2026-01-08 04:16:00+00:00,-1.06,4.19,-5.05,104.17,-49.43,6.65
2026-01-08 04:17:00+00:00,-0.82,3.71,-5.35,102.44,-54.63,6.56
2026-01-08 04:18:00+00:00,-1.32,4.84,-4.94,105.32,-44.55,7.04
2026-01-08 04:19:00+00:00,-1.18,4.71,-4.86,104.13,-45.04,6.87
2026-01-08 04:20:00+00:00,-1.45,4.52,-4.33,107.78,-42.42,6.43
2026-01-08 04:21:00+00:00,-1.62,4.37,-3.92,110.30,-40.09,6.08
2026-01-08 04:22:00+00:00,-1.53,4.98,-4.09,107.04,-38.13,6.62
2026-01-08 04:23:00+00:00,-0.69,4.62,-4.76,98.49,-45.55,6.67
2026-01-08 04:24:00+00:00,-0.54,4.53,-4.85,96.74,-46.72,6.66
2026-01-08 04:25:00+00:00,-0.55,4.46,-5.19,97.08,-49.11,6.87
2026-01-08 04:26:00+00:00,-0.33,3.31,-5.90,95.61,-60.56,6.77
2026-01-08 04:27:00+00:00,-0.15,3.30,-6.17,92.57,-61.82,7.00
2026-01-08 04:28:00+00:00,-0.31,3.39,-5.73,95.28,-59.30,6.66
2026-01-08 04:29:00+00:00,-0.26,3.62,-5.64,94.08,-57.26,6.70
2026-01-08 04:30:00+00:00,0.11,4.06,-5.90,88.51,-55.44,7.16
2026-01-08 04:31:00+00:00,0.07,3.63,-6.11,88.89,-59.25,7.11
2026-01-08 04:32:00+00:00,0.15,3.57,-6.02,87.54,-59.31,7.00
2026-01-08 04:33:00+00:00,-0.26,3.22,-4.97,94.53,-56.99,5.93
2026-01-08 04:34:00+00:00,-0.14,3.44,-5.46,92.33,-57.75,6.45
2026-01-08 04:35:00+00:00,-0.13,3.38,-5.23,92.22,-57.08,6.23
2026-01-08 04:36:00+00:00,-0.24,3.31,-4.84,94.08,-55.59,5.87
2026-01-08 04:37:00+00:00,-0.12,3.34,-5.08,92.10,-56.67,6.08
2026-01-08 04:38:00+00:00,-0.28,3.02,-4.85,95.29,-57.97,5.73
2026-01-08 04:39:00+00:00,-0.26,3.05,-4.97,94.93,-58.39,5.84
2026-01-08 04:40:00+00:00,-0.19,2.88,-4.91,93.73,-59.62,5.70
2026-01-08 04:41:00+00:00,-0.54,3.18,-4.84,99.69,-56.31,5.82
2026-01-08 04:42:00+00:00,-0.48,2.85,-4.65,99.57,-58.14,5.48
2026-01-08 04:43:00+00:00,-0.59,2.96,-4.77,101.29,-57.67,5.64
2026-01-08 04:44:00+00:00,-0.10,2.65,-4.73,92.21,-60.73,5.42
2026-01-08 04:45:00+00:00,-0.25,2.97,-5.01,94.77,-59.24,5.84
2026-01-08 04:46:00+00:00,-0.22,3.46,-6.16,93.56,-60.63,7.07
2026-01-08 04:47:00+00:00,-0.29,3.40,-6.42,94.82,-61.98,7.27
2026-01-08 04:48:00+00:00,-0.44,3.32,-6.38,97.49,-62.29,7.20
2026-01-08 04:49:00+00:00,-0.37,3.11,-6.58,96.74,-64.53,7.29
2026-01-08 04:50:00+00:00,-0.34,3.41,-5.52,95.70,-58.17,6.50
2026-01-08 04:51:00+00:00,-0.18,2.98,-5.04,93.51,-59.34,5.86
2026-01-08 04:52:00+00:00,-0.40,2.58,-6.04,98.84,-66.63,6.58
2026-01-08 04:53:00+00:00,-0.38,2.18,-5.39,99.91,-67.67,5.83
2026-01-08 04:54:00+00:00,-0.07,2.78,-4.24,91.54,-56.72,5.07
2026-01-08 04:55:00+00:00,-0.20,2.36,-4.44,94.85,-61.96,5.03
2026-01-08 04:56:00+00:00,-0.22,2.18,-4.94,95.68,-66.06,5.40
2026-01-08 04:57:00+00:00,0.11,2.52,-4.13,87.49,-58.62,4.84
2026-01-08 04:58:00+00:00,-0.06,1.63,-4.76,92.18,-71.03,5.03
2026-01-08 04:59:00+00:00,0.11,2.03,-4.75,86.99,-66.81,5.17
2026-01-08 05:00:00+00:00,0.77,2.46,-7.30,72.70,-70.58,7.74
2026-01-08 05:01:00+00:00,0.88,2.46,-8.02,70.26,-71.94,8.44
2026-01-08 05:03:00+00:00,0.77,2.05,-9.19,69.40,-76.61,9.45
2026-01-08 05:04:00+00:00,0.64,1.24,-7.65,62.64,-79.62,7.78
2026-01-08 05:05:00+00:00,-0.04,1.72,-7.00,91.50,-76.18,7.21
2026-01-08 05:06:00+00:00,-0.29,2.13,-8.92,97.90,-76.47,9.18
2026-01-08 05:07:00+00:00,-0.14,1.81,-8.84,94.38,-78.40,9.02
2026-01-08 05:08:00+00:00,-0.27,2.29,-8.43,96.75,-74.71,8.74
2026-01-08 05:09:00+00:00,-0.52,2.19,-8.23,103.46,-74.73,8.53
2026-01-08 05:10:00+00:00,-3.09,5.98,-5.02,117.33,-36.74,8.40
2026-01-08 05:11:00+00:00,-2.94,5.97,-5.31,116.21,-38.63,8.51
2026-01-08 05:12:00+00:00,-2.76,6.04,-5.12,114.58,-37.63,8.38
2026-01-08 05:13:00+00:00,-1.98,6.10,-4.98,107.98,-37.83,8.13
2026-01-08 05:14:00+00:00,-1.78,6.96,-7.12,104.38,-44.73,10.11
2026-01-08 05:15:00+00:00,-2.25,7.23,-6.89,107.31,-42.31,10.24
2026-01-08 05:16:00+00:00,-2.58,8.15,-6.56,107.58,-37.52,10.77
2026-01-08 05:17:00+00:00,-1.92,7.38,-8.37,104.62,-47.69,11.32
2026-01-08 05:18:00+00:00,-1.63,6.74,-8.81,103.59,-51.82,11.21
2026-01-08 05:19:00+00:00,-1.63,6.61,-9.38,103.86,-54.02,11.59
2026-01-08 05:20:00+00:00,-1.57,6.14,-9.45,104.33,-56.18,11.38
2026-01-08 05:21:00+00:00,-1.55,6.16,-9.27,104.08,-55.58,11.24
2026-01-08 05:22:00+00:00,-0.92,6.94,-8.98,97.53,-52.08,11.38
2026-01-08 05:23:00+00:00,-1.00,6.28,-9.22,99.08,-55.42,11.20
2026-01-08 05:24:00+00:00,-0.58,6.29,-9.21,95.31,-55.54,11.17
2026-01-08 05:25:00+00:00,-0.34,6.09,-9.21,93.22,-56.50,11.05
2026-01-08 05:26:00+00:00,-1.15,6.00,-9.39,100.80,-56.93,11.20
2026-01-08 05:27:00+00:00,-0.61,5.93,-9.38,95.85,-57.56,11.11
2026-01-08 05:28:00+00:00,-1.32,5.57,-9.64,103.36,-59.31,11.21
2026-01-08 05:29:00+00:00,-1.59,5.52,-9.60,106.08,-59.12,11.19
2026-01-08 05:31:00+00:00,-1.30,5.46,-10.10,103.36,-60.92,11.55
2026-01-08 05:32:00+00:00,-1.34,5.17,-10.36,104.51,-62.72,11.66
2026-01-08 05:33:00+00:00,-1.53,4.91,-10.42,107.26,-63.72,11.62
2026-01-08 05:34:00+00:00,-1.26,4.54,-10.21,105.49,-65.25,11.24
2026-01-08 05:35:00+00:00,-1.27,4.28,-10.61,106.49,-67.18,11.51
2026-01-08 05:36:00+00:00,-1.07,3.63,-10.78,106.42,-70.67,11.42
2026-01-08 05:37:00+00:00,-1.30,4.94,-10.63,104.77,-64.34,11.80
2026-01-08 05:39:00+00:00,-0.61,4.80,-10.42,97.29,-65.06,11.49
2026-01-08 05:40:00+00:00,-0.99,4.63,-10.54,102.08,-65.81,11.55
2026-01-08 05:41:00+00:00,-0.58,4.73,-10.54,96.98,-65.68,11.57
2026-01-08 05:42:00+00:00,-0.79,4.73,-10.75,99.50,-65.96,11.77
2026-01-08 05:43:00+00:00,-0.62,4.49,-10.59,97.84,-66.85,11.52
2026-01-08 05:44:00+00:00,-1.20,4.48,-10.59,105.02,-66.32,11.56
2026-01-08 05:45:00+00:00,-1.62,4.45,-10.46,109.95,-65.64,11.49
2026-01-08 05:46:00+00:00,-2.02,5.08,-10.18,111.66,-61.77,11.56
2026-01-08 05:47:00+00:00,-1.57,5.02,-10.29,107.35,-62.93,11.55
2026-01-08 05:48:00+00:00,-0.71,4.92,-10.47,98.20,-64.61,11.58
2026-01-08 05:49:00+00:00,-0.47,4.83,-10.37,95.57,-64.92,11.45
2026-01-08 05:50:00+00:00,-0.35,5.02,-9.93,93.93,-63.12,11.13
2026-01-08 05:51:00+00:00,-0.45,4.90,-10.37,95.21,-64.60,11.48
2026-01-08 05:52:00+00:00,-0.34,4.99,-10.30,93.86,-64.09,11.45
2026-01-08 05:53:00+00:00,-0.95,4.47,-10.61,102.04,-66.71,11.55
2026-01-08 05:54:00+00:00,0.87,1.56,-11.22,61.04,-80.94,11.36
2026-01-08 05:55:00+00:00,0.03,2.52,-11.33,89.42,-77.48,11.61
2026-01-08 05:56:00+00:00,-0.47,2.66,-11.31,100.09,-76.56,11.63
2026-01-08 05:57:00+00:00,-0.44,2.54,-11.35,99.86,-77.18,11.64
2026-01-08 05:58:00+00:00,-0.31,2.71,-11.46,96.47,-76.64,11.78
2026-01-08 05:59:00+00:00,0.29,1.99,-11.47,81.75,-80.06,11.65
2026-01-08 06:00:00+00:00,0.73,1.81,-11.61,67.94,-80.46,11.77
2026-01-08 06:01:00+00:00,0.71,1.79,-11.48,68.46,-80.49,11.64
2026-01-08 06:02:00+00:00,-0.36,3.56,-11.35,95.79,-72.50,11.90
2026-01-08 06:03:00+00:00,-0.35,3.83,-11.20,95.26,-71.04,11.85
2026-01-08 06:04:00+00:00,-0.60,4.65,-11.02,97.35,-66.96,11.97
2026-01-08 06:05:00+00:00,-1.17,6.13,-10.34,100.78,-58.89,12.07
2026-01-08 06:07:00+00:00,-1.96,6.48,-10.18,106.79,-56.40,12.23
2026-01-08 06:08:00+00:00,-2.36,7.14,-9.78,108.31,-52.44,12.34
2026-01-08 06:09:00+00:00,-2.56,7.23,-9.49,109.51,-51.06,12.20
2026-01-08 06:10:00+00:00,-3.09,7.93,-8.34,111.29,-44.44,11.92
2026-01-08 06:11:00+00:00,-3.26,7.74,-8.07,112.84,-43.84,11.65
2026-01-08 06:12:00+00:00,-3.54,7.83,-7.76,114.33,-42.07,11.58
2026-01-08 06:13:00+00:00,-3.45,7.92,-7.80,113.52,-42.11,11.64
2026-01-08 06:15:00+00:00,-3.39,7.74,-7.34,113.67,-40.97,11.20
2026-01-08 06:16:00+00:00,-1.90,6.80,-8.31,105.62,-49.63,10.91
2026-01-08 06:17:00+00:00,-1.25,5.12,-9.79,103.73,-61.71,11.12
2026-01-08 06:18:00+00:00,-0.32,4.23,-10.26,94.36,-67.54,11.10
2026-01-08 06:19:00+00:00,-2.15,5.80,-9.02,110.37,-55.55,10.94
2026-01-08 06:20:00+00:00,-4.75,7.58,-6.98,122.07,-37.96,11.35
2026-01-08 06:21:00+00:00,-3.55,7.24,-7.06,116.13,-41.19,10.72
2026-01-08 06:23:00+00:00,-1.49,4.85,-6.92,107.01,-53.75,8.59
2026-01-08 06:24:00+00:00,-3.77,5.55,-4.30,124.22,-32.65,7.97
2026-01-08 06:25:00+00:00,-5.62,6.09,-2.80,132.68,-18.69,8.75
2026-01-08 06:26:00+00:00,-1.44,4.52,-6.79,107.64,-55.05,8.29
2026-01-08 06:27:00+00:00,-0.50,3.52,-7.48,98.15,-64.58,8.28
2026-01-08 06:28:00+00:00,-0.34,3.38,-7.48,95.78,-65.55,8.22
2026-01-08 06:29:00+00:00,-0.23,3.34,-7.50,93.98,-65.92,8.21
2026-01-08 06:30:00+00:00,0.42,3.06,-7.42,82.14,-67.42,8.04
2026-01-08 06:31:00+00:00,0.90,2.86,-7.23,72.59,-67.47,7.83
2026-01-08 06:32:00+00:00,-1.25,4.97,-6.35,104.17,-51.08,8.16
2026-01-08 06:33:00+00:00,-1.06,5.02,-6.38,101.96,-51.16,8.19
2026-01-08 06:34:00+00:00,-1.73,6.51,-7.92,104.90,-49.62,10.39
2026-01-08 06:35:00+00:00,-1.80,6.46,-7.87,105.54,-49.56,10.34
2026-01-08 06:36:00+00:00,-1.87,6.45,-7.97,106.13,-49.89,10.42
2026-01-08 06:37:00+00:00,-2.05,6.46,-7.99,107.57,-49.69,10.47
2026-01-08 06:38:00+00:00,-2.18,6.61,-7.34,108.25,-46.53,10.11
2026-01-08 06:39:00+00:00,-2.20,6.54,-7.61,108.59,-47.83,10.27
2026-01-08 06:40:00+00:00,-1.89,6.64,-7.55,105.88,-47.56,10.23
2026-01-08 06:41:00+00:00,-1.98,6.53,-7.83,106.88,-48.90,10.39
2026-01-08 06:43:00+00:00,-1.72,6.04,-5.43,105.93,-40.87,8.30
2026-01-08 06:44:00+00:00,-1.88,5.54,-5.19,108.71,-41.60,7.82
2026-01-08 06:45:00+00:00,-2.00,3.75,-5.10,118.04,-50.18,6.63
2026-01-08 06:46:00+00:00,-2.37,4.81,-5.77,116.22,-47.08,7.88
2026-01-08 06:47:00+00:00,-2.65,4.50,-5.79,120.54,-47.96,7.79
2026-01-08 06:48:00+00:00,-2.58,4.61,-5.84,119.27,-47.84,7.87
2026-01-08 06:49:00+00:00,-2.25,4.42,-6.02,116.93,-50.50,7.80
2026-01-08 06:51:00+00:00,-2.82,5.15,-5.94,118.66,-45.35,8.35
2026-01-08 06:52:00+00:00,-2.14,4.15,-6.22,117.23,-53.10,7.77
2026-01-08 06:53:00+00:00,-2.11,4.44,-5.15,115.44,-46.32,7.12
2026-01-08 06:54:00+00:00,-3.29,3.95,-4.02,129.86,-37.99,6.52
2026-01-08 06:55:00+00:00,-3.65,3.71,-4.47,134.56,-40.64,6.86
2026-01-08 06:56:00+00:00,-3.70,4.47,-5.49,129.65,-43.41,7.98
2026-01-08 06:57:00+00:00,-1.91,3.83,-5.70,116.49,-53.14,7.13
2026-01-08 06:58:00+00:00,-1.45,3.88,-4.36,110.50,-46.48,6.01
2026-01-08 06:59:00+00:00,0.28,-0.05,-2.61,350.50,-83.81,2.63
2026-01-08 07:00:00+00:00,2.94,-5.38,0.50,298.66,4.66,6.15
2026-01-08 07:01:00+00:00,3.34,-5.69,0.44,300.39,3.78,6.61
2026-01-08 07:03:00+00:00,3.89,-6.30,0.72,301.69,5.57,7.43
2026-01-08 07:04:00+00:00,3.87,-6.94,0.87,299.16,6.24,7.99
2026-01-08 07:05:00+00:00,4.32,-7.86,0.63,298.81,4.02,8.99
2026-01-08 07:06:00+00:00,3.93,-7.64,0.93,297.24,6.16,8.64
2026-01-08 07:07:00+00:00,3.64,-7.59,1.55,295.63,10.45,8.56
2026-01-08 07:08:00+00:00,2.86,-7.26,2.13,291.50,15.27,8.08
2026-01-08 07:09:00+00:00,2.48,-7.16,2.35,289.12,17.22,7.94
2026-01-08 07:11:00+00:00,3.76,-6.89,3.22,298.63,22.27,8.48
2026-01-08 07:12:00+00:00,2.91,-7.53,3.99,291.12,26.29,9.01
2026-01-08 07:13:00+00:00,3.27,-8.06,6.07,292.06,34.91,10.60
2026-01-08 07:14:00+00:00,4.56,-8.30,5.37,298.80,29.52,10.89
2026-01-08 07:15:00+00:00,4.55,-7.93,5.65,299.84,31.70,10.75
2026-01-08 07:16:00+00:00,4.76,-7.64,5.87,301.89,33.09,10.74
2026-01-08 07:17:00+00:00,4.66,-7.37,6.32,302.29,35.97,10.77
2026-01-08 07:19:00+00:00,5.37,-7.14,5.64,306.94,32.27,10.57
2026-01-08 07:20:00+00:00,5.16,-7.09,5.85,306.02,33.73,10.54
2026-01-08 07:21:00+00:00,4.23,-7.28,5.84,300.16,34.75,10.24
2026-01-08 07:22:00+00:00,4.22,-7.72,5.27,298.68,30.93,10.26
2026-01-08 07:23:00+00:00,4.00,-8.25,5.97,295.84,33.08,10.94
2026-01-08 08:19:00+00:00,1.29,-5.59,-2.93,283.03,-27.07,6.44
2026-01-08 08:20:00+00:00,3.97,-6.99,2.51,299.58,17.35,8.42
2026-01-08 08:21:00+00:00,3.89,-7.28,0.75,298.12,5.19,8.29
2026-01-08 08:22:00+00:00,3.37,-7.35,1.22,294.64,8.54,8.18
2026-01-08 08:23:00+00:00,3.54,-7.27,1.49,295.94,10.43,8.22
2026-01-08 08:24:00+00:00,3.53,-7.11,2.32,296.41,16.27,8.27
2026-01-08 08:25:00+00:00,3.55,-6.74,3.81,297.77,26.56,8.52
2026-01-08 08:26:00+00:00,3.87,-6.42,4.32,301.05,29.98,8.65
2026-01-08 08:27:00+00:00,3.72,-6.51,4.54,299.77,31.18,8.77
2026-01-08 08:28:00+00:00,4.00,-6.48,4.15,301.67,28.58,8.67
2026-01-08 08:29:00+00:00,3.66,-6.89,3.33,297.99,23.08,8.48
2026-01-08 08:30:00+00:00,3.61,-6.83,3.70,297.89,25.57,8.56
2026-01-08 08:31:00+00:00,3.97,-6.51,3.32,301.42,23.54,8.32
2026-01-08 08:32:00+00:00,3.84,-6.81,3.21,299.46,22.35,8.45
2026-01-08 08:33:00+00:00,3.63,-7.19,3.54,296.80,23.69,8.80
2026-01-08 08:34:00+00:00,3.99,-7.08,1.96,299.43,13.56,8.36
2026-01-08 08:35:00+00:00,3.97,-6.03,-1.87,303.32,-14.56,7.46
2026-01-08 08:36:00+00:00,3.57,-6.26,2.48,299.69,18.97,7.63
2026-01-08 08:37:00+00:00,3.37,-6.55,3.22,297.20,23.62,8.04
2026-01-08 08:38:00+00:00,3.15,-5.74,3.01,298.79,24.71,7.20
2026-01-08 08:39:00+00:00,0.60,-4.78,7.08,277.15,55.80,8.56
2026-01-08 08:40:00+00:00,0.38,-4.86,7.19,274.48,55.88,8.69
2026-01-08 08:41:00+00:00,0.07,-4.52,7.68,270.90,59.50,8.91
2026-01-08 08:42:00+00:00,-0.97,-4.13,7.33,256.81,59.93,8.46
2026-01-08 08:43:00+00:00,0.76,-5.67,6.04,277.63,46.54,8.32
2026-01-08 08:44:00+00:00,0.58,-6.07,5.64,275.43,42.75,8.30
2026-01-08 08:45:00+00:00,0.20,-6.61,5.07,271.77,37.47,8.33
2026-01-08 08:46:00+00:00,0.01,-7.58,5.44,270.10,35.68,9.33
2026-01-08 08:47:00+00:00,0.42,-6.97,4.56,273.45,33.16,8.35
2026-01-08 08:48:00+00:00,0.57,-7.24,4.45,274.53,31.50,8.52
2026-01-08 08:49:00+00:00,1.11,-7.76,3.85,278.13,26.14,8.73
2026-01-08 08:50:00+00:00,1.77,-8.05,3.43,282.42,22.57,8.93
2026-01-08 08:51:00+00:00,2.10,-8.02,1.49,284.67,10.16,8.43
2026-01-08 08:52:00+00:00,1.82,-7.69,0.73,283.32,5.30,7.93
2026-01-08 08:53:00+00:00,1.63,-7.90,0.97,281.69,6.84,8.12
2026-01-08 08:54:00+00:00,1.87,-7.96,1.24,283.21,8.64,8.27
2026-01-08 08:55:00+00:00,2.25,-8.24,0.27,285.25,1.78,8.54
2026-01-08 08:56:00+00:00,1.93,-8.15,0.32,283.31,2.19,8.39
2026-01-08 08:57:00+00:00,2.15,-7.61,0.69,285.79,5.00,7.94
2026-01-08 08:58:00+00:00,2.67,-7.49,-0.20,289.62,-1.46,7.95
2026-01-08 08:59:00+00:00,2.83,-7.39,2.72,290.97,18.98,8.37
2026-01-08 09:00:00+00:00,2.70,-7.28,2.43,290.33,17.35,8.13
2026-01-08 09:01:00+00:00,2.92,-7.30,2.29,291.79,16.24,8.19
2026-01-08 09:02:00+00:00,2.90,-7.17,2.79,292.01,19.81,8.22
2026-01-08 09:03:00+00:00,2.76,-6.79,3.06,292.16,22.68,7.94
2026-01-08 09:04:00+00:00,2.25,-6.35,5.09,289.49,37.07,8.44
2026-01-08 09:05:00+00:00,3.16,-7.45,3.36,292.98,22.53,8.76
2026-01-08 09:06:00+00:00,3.53,-7.75,2.42,294.49,15.89,8.85
2026-01-08 09:07:00+00:00,4.33,-7.54,1.29,299.86,8.42,8.79
2026-01-08 09:08:00+00:00,4.64,-7.25,1.24,302.60,8.22,8.70
2026-01-08 09:09:00+00:00,4.32,-7.56,1.06,299.72,6.93,8.77
2026-01-08 09:10:00+00:00,3.81,-6.64,1.69,299.86,12.42,7.84
2026-01-08 09:11:00+00:00,5.27,-7.65,0.62,304.59,3.85,9.31
2026-01-08 09:12:00+00:00,5.12,-7.44,0.64,304.55,4.07,9.05
2026-01-08 09:13:00+00:00,5.20,-7.21,0.46,305.84,2.97,8.90
2026-01-08 09:14:00+00:00,4.89,-4.93,-0.53,314.77,-4.38,6.97
2026-01-08 09:15:00+00:00,5.01,-3.59,-1.11,324.33,-10.24,6.26
2026-01-08 09:16:00+00:00,4.94,-3.07,-1.47,328.18,-14.15,6.00
2026-01-08 09:17:00+00:00,4.63,-2.76,-2.52,329.15,-25.01,5.95
2026-01-08 09:18:00+00:00,5.31,-3.56,-1.43,326.18,-12.63,6.55
2026-01-08 09:19:00+00:00,5.56,-3.01,-2.04,331.59,-17.86,6.64
2026-01-08 09:20:00+00:00,5.45,-3.50,-1.26,327.27,-11.04,6.60
2026-01-08 09:21:00+00:00,4.81,-4.33,-0.96,317.99,-8.41,6.54
2026-01-08 09:22:00+00:00,4.60,-4.38,-0.83,316.41,-7.49,6.40
2026-01-08 09:23:00+00:00,4.56,-3.51,-0.86,322.39,-8.50,5.82
2026-01-08 09:24:00+00:00,4.69,-3.61,-1.12,322.44,-10.70,6.03
2026-01-08 09:25:00+00:00,5.47,-4.79,0.68,318.76,5.36,7.30
2026-01-08 09:26:00+00:00,5.25,-4.63,-0.68,318.60,-5.55,7.04
2026-01-08 09:27:00+00:00,4.96,-3.78,-0.89,322.66,-8.09,6.30
2026-01-08 09:28:00+00:00,4.84,-3.45,-0.50,324.53,-4.77,5.96
2026-01-08 09:29:00+00:00,5.05,-2.69,-2.47,332.00,-23.34,6.23
2026-01-08 09:30:00+00:00,5.35,-3.28,-1.47,328.51,-13.16,6.45
2026-01-08 09:31:00+00:00,5.58,-3.23,-1.05,329.91,-9.27,6.54
2026-01-08 09:32:00+00:00,5.40,-2.65,-1.15,333.89,-10.83,6.13
2026-01-08 09:33:00+00:00,5.46,-4.19,-1.38,322.53,-11.31,7.02
2026-01-08 09:34:00+00:00,5.28,-3.45,-0.65,326.81,-5.90,6.35
2026-01-08 09:35:00+00:00,4.55,-4.35,-0.20,316.32,-1.85,6.30
2026-01-08 09:36:00+00:00,3.04,-4.57,0.95,303.68,9.87,5.57
2026-01-08 09:37:00+00:00,2.29,-5.92,1.39,291.15,12.37,6.50
2026-01-08 09:38:00+00:00,2.00,-5.28,0.74,290.70,7.48,5.70
2026-01-08 09:39:00+00:00,2.08,-5.33,0.97,291.32,9.63,5.81
2026-01-08 09:40:00+00:00,1.41,-5.03,2.24,285.69,23.16,5.68
2026-01-08 09:41:00+00:00,1.13,-5.41,0.82,281.80,8.44,5.59
2026-01-08 09:42:00+00:00,0.95,-5.58,1.96,279.71,19.07,5.99
2026-01-08 09:43:00+00:00,0.90,-6.15,1.66,278.31,14.92,6.43
2026-01-08 09:44:00+00:00,1.02,-6.12,2.40,279.42,21.11,6.66
2026-01-08 09:45:00+00:00,1.08,-6.29,1.95,279.77,17.00,6.67
2026-01-08 09:46:00+00:00,1.82,-5.92,1.45,287.03,13.20,6.36
2026-01-08 09:47:00+00:00,2.09,-5.06,1.48,292.40,15.14,5.67
2026-01-08 09:48:00+00:00,1.96,-4.86,1.60,291.94,16.97,5.48
2026-01-08 09:49:00+00:00,2.37,-5.69,1.43,292.62,13.04,6.33
2026-01-08 09:50:00+00:00,1.86,-4.92,0.65,290.69,7.05,5.30
2026-01-08 09:51:00+00:00,1.94,-4.99,1.93,291.27,19.87,5.69
2026-01-08 09:52:00+00:00,1.71,-5.07,0.91,288.66,9.62,5.43
2026-01-08 09:53:00+00:00,2.31,-6.59,0.74,289.31,6.07,7.02
2026-01-08 09:54:00+00:00,2.52,-5.76,0.92,293.62,8.31,6.35
2026-01-08 09:55:00+00:00,2.71,-5.30,1.83,297.05,17.11,6.23
2026-01-08 09:56:00+00:00,2.38,-5.55,1.14,293.25,10.71,6.14
2026-01-08 09:57:00+00:00,2.40,-6.71,1.74,289.65,13.70,7.33
2026-01-08 09:58:00+00:00,2.21,-5.91,1.89,290.51,16.71,6.59
2026-01-08 10:02:00+00:00,3.80,-6.78,2.82,299.27,19.96,8.26
2026-01-08 10:03:00+00:00,3.53,-3.85,1.31,312.49,14.07,5.39
2026-01-08 10:04:00+00:00,4.22,-2.69,-0.51,327.50,-5.86,5.03
2026-01-08 10:05:00+00:00,5.01,-3.07,-0.97,328.54,-9.34,5.95
2026-01-08 10:06:00+00:00,5.67,-3.43,-1.21,328.83,-10.38,6.74
2026-01-08 10:07:00+00:00,5.68,-3.52,-0.95,328.18,-8.10,6.75
2026-01-08 10:08:00+00:00,5.68,-3.18,-0.77,330.77,-6.73,6.55
2026-01-08 10:09:00+00:00,5.56,-4.10,-0.55,323.56,-4.52,6.93
2026-01-08 10:10:00+00:00,4.63,-3.03,-1.23,326.85,-12.56,5.67
2026-01-08 10:11:00+00:00,4.69,-4.01,-0.42,319.44,-3.89,6.18
2026-01-08 10:12:00+00:00,4.46,-3.19,-0.10,324.40,-1.09,5.48
2026-01-08 10:13:00+00:00,4.58,-4.75,0.04,313.96,0.35,6.60
2026-01-08 10:14:00+00:00,3.35,-4.50,-0.76,306.68,-7.74,5.67
2026-01-08 10:15:00+00:00,2.95,-5.04,1.01,300.34,9.81,5.93
2026-01-08 10:16:00+00:00,3.10,-4.37,3.31,305.36,31.68,6.29
2026-01-08 10:17:00+00:00,2.78,-5.70,0.73,295.99,6.56,6.38
2026-01-08 10:18:00+00:00,2.83,-5.75,-0.95,296.19,-8.42,6.47
2026-01-08 10:19:00+00:00,3.56,-5.48,-0.72,303.04,-6.28,6.58
2026-01-08 10:20:00+00:00,3.79,-4.81,-0.15,308.21,-1.44,6.13
2026-01-08 10:21:00+00:00,4.22,-4.85,0.92,311.01,8.10,6.50
2026-01-08 10:22:00+00:00,4.11,-5.04,-0.30,309.23,-2.63,6.51
2026-01-08 10:23:00+00:00,3.93,-4.87,-0.84,308.90,-7.64,6.31
2026-01-08 10:24:00+00:00,3.94,-5.20,-1.46,307.14,-12.60,6.68
2026-01-08 10:25:00+00:00,4.32,-5.99,-1.59,305.76,-12.17,7.55
2026-01-08 10:26:00+00:00,4.01,-5.10,-4.01,308.13,-31.70,7.63
2026-01-08 10:27:00+00:00,4.16,-4.77,-3.21,311.06,-26.94,7.10
2026-01-08 10:28:00+00:00,4.34,-5.31,-2.78,309.29,-22.04,7.40
2026-01-08 10:29:00+00:00,4.68,-5.65,-1.53,309.64,-11.81,7.49
2026-01-08 10:30:00+00:00,4.43,-4.70,-1.77,313.26,-15.33,6.70
2026-01-08 10:31:00+00:00,4.43,-4.69,-1.39,313.41,-12.12,6.60
2026-01-08 10:32:00+00:00,3.74,-3.08,-2.22,320.53,-24.62,5.33
2026-01-08 10:33:00+00:00,3.82,-4.36,-2.65,311.28,-24.58,6.37
2026-01-08 10:34:00+00:00,4.03,-4.75,-0.92,310.31,-8.41,6.30
2026-01-08 10:35:00+00:00,3.96,-5.02,0.50,308.27,4.50,6.42
2026-01-08 10:36:00+00:00,3.93,-2.83,-2.01,324.21,-22.57,5.25
2026-01-08 10:37:00+00:00,4.22,-4.12,-2.46,315.66,-22.65,6.39
2026-01-08 10:38:00+00:00,4.77,-4.62,0.31,315.90,2.64,6.65
2026-01-08 10:39:00+00:00,4.58,-4.92,-0.02,313.00,-0.16,6.72
2026-01-08 10:40:00+00:00,4.48,-4.08,-0.36,317.66,-3.44,6.07
2026-01-08 10:41:00+00:00,4.43,-4.49,-1.66,314.66,-14.75,6.52
2026-01-08 10:42:00+00:00,4.71,-4.44,-1.04,316.73,-9.11,6.56
2026-01-08 10:43:00+00:00,4.98,-4.70,0.74,316.64,6.20,6.89
2026-01-08 10:44:00+00:00,4.71,-4.74,-0.20,314.79,-1.72,6.69
2026-01-08 10:45:00+00:00,4.63,-4.18,1.43,317.97,12.94,6.40
2026-01-08 10:46:00+00:00,4.55,-3.27,1.90,324.33,18.75,5.91
2026-01-08 10:47:00+00:00,4.11,-3.08,0.94,323.19,10.33,5.22
2026-01-08 10:48:00+00:00,4.06,-3.09,0.39,322.72,4.34,5.12
2026-01-08 10:49:00+00:00,4.44,-4.01,1.19,317.90,11.29,6.10
2026-01-08 10:50:00+00:00,4.62,-3.90,1.30,319.86,12.10,6.18
2026-01-08 10:51:00+00:00,4.61,-4.48,0.93,315.80,8.24,6.49
2026-01-08 10:52:00+00:00,4.84,-4.23,1.58,318.87,13.80,6.62
2026-01-08 10:53:00+00:00,5.08,-4.15,2.40,320.73,20.12,6.99
2026-01-08 10:54:00+00:00,4.76,-4.35,2.07,317.52,17.76,6.77
2026-01-08 10:55:00+00:00,4.22,-3.31,1.72,321.90,17.84,5.63
2026-01-08 10:56:00+00:00,4.22,-3.33,1.85,321.71,18.97,5.68
2026-01-08 10:57:00+00:00,4.20,-3.84,0.46,317.55,4.58,5.71
2026-01-08 10:58:00+00:00,4.25,-3.94,1.16,317.15,11.31,5.91
2026-01-08 10:59:00+00:00,4.01,-4.11,3.55,314.27,31.73,6.75
2026-01-08 11:00:00+00:00,3.98,-4.53,3.85,311.32,32.59,7.15
2026-01-08 11:01:00+00:00,4.49,-6.19,3.05,305.92,21.75,8.23
2026-01-08 11:02:00+00:00,4.39,-4.95,1.00,311.56,8.62,6.70
2026-01-08 11:03:00+00:00,4.47,-5.38,-0.51,309.71,-4.14,7.02
2026-01-08 11:04:00+00:00,4.73,-5.12,0.56,312.75,4.60,6.99
2026-01-08 11:05:00+00:00,4.85,-5.86,0.20,309.61,1.53,7.61
2026-01-08 11:06:00+00:00,4.52,-4.42,-0.29,315.68,-2.63,6.33
2026-01-08 11:07:00+00:00,4.87,-5.26,0.19,312.82,1.49,7.17
2026-01-08 11:08:00+00:00,4.69,-4.33,0.35,317.30,3.14,6.39
2026-01-08 11:09:00+00:00,4.88,-4.55,0.14,317.01,1.24,6.67
2026-01-08 11:10:00+00:00,4.89,-4.91,0.11,314.91,0.89,6.93
2026-01-08 11:11:00+00:00,4.80,-5.50,0.11,311.11,0.83,7.30
2026-01-08 11:12:00+00:00,4.77,-5.07,0.89,313.22,7.29,7.02
2026-01-08 11:13:00+00:00,4.64,-4.65,0.13,314.93,1.10,6.57
2026-01-08 11:14:00+00:00,4.55,-5.20,-0.48,311.14,-3.99,6.93
2026-01-08 11:15:00+00:00,4.92,-5.00,0.64,314.54,5.18,7.05
2026-01-08 11:16:00+00:00,5.10,-4.48,1.52,318.70,12.62,6.96
2026-01-08 11:17:00+00:00,4.94,-4.99,0.04,314.69,0.32,7.02
2026-01-08 11:18:00+00:00,4.75,-5.70,-0.64,309.84,-4.93,7.45
2026-01-08 11:19:00+00:00,4.48,-5.08,0.29,311.41,2.45,6.78
2026-01-08 11:20:00+00:00,4.30,-5.18,0.00,309.69,0.01,6.73
2026-01-08 11:21:00+00:00,4.87,-6.77,1.64,305.73,11.11,8.50
2026-01-08 11:22:00+00:00,4.24,-5.79,-0.60,306.19,-4.80,7.20
2026-01-08 11:23:00+00:00,3.78,-5.25,-1.95,305.76,-16.76,6.76
2026-01-08 11:24:00+00:00,4.10,-5.43,-0.53,307.04,-4.43,6.82
2026-01-08 11:25:00+00:00,4.28,-6.16,-0.40,304.81,-3.03,7.51
2026-01-08 11:26:00+00:00,4.20,-6.12,-0.64,304.48,-4.89,7.45
2026-01-08 11:27:00+00:00,4.19,-5.01,0.45,309.92,3.97,6.55
2026-01-08 11:28:00+00:00,4.32,-5.14,1.27,310.03,10.68,6.84
2026-01-08 11:29:00+00:00,3.80,-4.52,-0.95,310.03,-9.14,5.98
2026-01-08 11:30:00+00:00,3.73,-5.32,-1.50,305.03,-13.02,6.67
2026-01-08 11:31:00+00:00,3.53,-4.91,-2.86,305.72,-25.28,6.69
2026-01-08 11:32:00+00:00,3.62,-4.67,-1.12,307.78,-10.71,6.02
2026-01-08 11:33:00+00:00,3.21,-3.93,-2.75,309.18,-28.44,5.77
2026-01-08 11:34:00+00:00,2.94,-5.32,-3.15,298.93,-27.39,6.85
2026-01-08 11:35:00+00:00,2.88,-5.67,-2.50,296.97,-21.44,6.83
2026-01-08 11:36:00+00:00,3.76,-5.50,-2.11,304.35,-17.58,6.99
2026-01-08 11:37:00+00:00,5.32,-5.80,-0.55,312.53,-4.02,7.89
2026-01-08 11:38:00+00:00,4.39,-5.03,-2.74,311.09,-22.33,7.22
2026-01-08 11:39:00+00:00,4.22,-5.28,-3.36,308.61,-26.42,7.55
2026-01-08 11:40:00+00:00,4.40,-5.20,-2.83,310.20,-22.53,7.38
2026-01-08 11:41:00+00:00,4.60,-5.89,-1.86,308.00,-14.01,7.70
2026-01-08 11:42:00+00:00,4.47,-5.54,-3.06,308.87,-23.26,7.74
2026-01-08 11:43:00+00:00,4.45,-5.10,-3.30,311.12,-25.96,7.53
2026-01-08 11:44:00+00:00,4.65,-3.83,-2.50,320.47,-22.51,6.52
2026-01-08 11:45:00+00:00,4.29,-2.95,-4.03,325.51,-37.69,6.58
2026-01-08 11:46:00+00:00,4.97,-5.59,-2.59,311.64,-19.08,7.91
2026-01-08 11:47:00+00:00,5.23,-5.11,-0.86,315.67,-6.70,7.36
2026-01-08 11:48:00+00:00,5.12,-5.03,-0.82,315.56,-6.49,7.22
2026-01-08 11:49:00+00:00,5.26,-5.44,-0.52,314.04,-3.92,7.59
2026-01-08 11:50:00+00:00,5.11,-5.07,-0.14,315.21,-1.12,7.20
2026-01-08 11:51:00+00:00,4.84,-4.87,-1.00,314.80,-8.31,6.94
2026-01-08 11:52:00+00:00,4.61,-4.45,-2.02,316.04,-17.51,6.72
2026-01-08 11:53:00+00:00,4.88,-5.02,-1.32,314.18,-10.72,7.12
2026-01-08 11:54:00+00:00,4.72,-4.22,-2.06,318.22,-18.01,6.65
2026-01-08 11:55:00+00:00,4.94,-4.88,-1.24,315.35,-10.09,7.05
2026-01-08 11:56:00+00:00,4.85,-5.06,-0.88,313.76,-7.13,7.06
2026-01-08 11:57:00+00:00,5.09,-5.84,0.40,311.10,2.92,7.75
2026-01-08 11:58:00+00:00,4.61,-5.73,-0.70,308.80,-5.42,7.39
2026-01-08 11:59:00+00:00,4.43,-4.44,2.06,314.95,18.19,6.61
2026-01-08 12:00:00+00:00,4.50,-4.57,2.50,314.57,21.25,6.89
2026-01-08 12:01:00+00:00,5.06,-5.66,2.11,311.78,15.53,7.88
2026-01-08 12:02:00+00:00,4.93,-5.55,-0.59,311.63,-4.52,7.44
2026-01-08 12:03:00+00:00,3.72,-4.92,-2.77,307.11,-24.17,6.76
2026-01-08 12:04:00+00:00,3.61,-3.86,-0.93,313.02,-9.99,5.37
2026-01-08 12:05:00+00:00,4.36,-3.90,0.38,318.18,3.76,5.86
2026-01-08 12:06:00+00:00,3.86,-4.06,2.79,313.53,26.45,6.26
2026-01-08 12:07:00+00:00,4.41,-4.37,1.85,315.30,16.62,6.48
2026-01-08 12:08:00+00:00,4.71,-3.67,2.27,322.12,20.81,6.39
2026-01-08 12:09:00+00:00,4.70,-4.02,1.78,319.44,16.02,6.44
2026-01-08 12:10:00+00:00,4.67,-4.16,1.72,318.35,15.36,6.49
2026-01-08 12:11:00+00:00,4.59,-3.96,2.07,319.17,18.87,6.41
2026-01-08 12:12:00+00:00,4.41,-3.25,2.29,323.62,22.70,5.94
2026-01-08 12:13:00+00:00,4.37,-3.74,2.08,319.49,19.91,6.12
2026-01-08 12:14:00+00:00,4.14,-3.91,1.93,316.63,18.75,6.01
2026-01-08 12:15:00+00:00,4.33,-3.76,2.31,319.07,21.91,6.18
2026-01-08 12:16:00+00:00,4.60,-3.44,2.58,323.22,24.19,6.29
2026-01-08 12:17:00+00:00,4.72,-2.26,3.18,334.47,31.26,6.12
2026-01-08 12:18:00+00:00,4.80,-3.13,2.80,326.88,26.04,6.38
2026-01-08 12:19:00+00:00,4.91,-3.43,2.54,325.03,22.99,6.50
2026-01-08 12:20:00+00:00,4.64,-3.28,1.93,324.73,18.71,6.01
2026-01-08 12:21:00+00:00,4.78,-4.32,3.22,317.91,26.57,7.20
2026-01-08 12:22:00+00:00,4.61,-4.24,3.13,317.38,26.56,7.01
2026-01-08 12:23:00+00:00,4.39,-3.65,2.59,320.30,24.40,6.27
2026-01-08 12:24:00+00:00,4.43,-3.64,2.64,320.61,24.76,6.31
2026-01-08 12:25:00+00:00,4.94,-4.41,3.32,318.29,26.62,7.41
2026-01-08 12:26:00+00:00,4.76,-4.42,2.02,317.13,17.27,6.80
2026-01-08 12:27:00+00:00,4.66,-4.14,1.89,318.40,16.87,6.52
2026-01-08 12:28:00+00:00,4.74,-3.43,3.15,324.10,28.27,6.64
2026-01-08 12:29:00+00:00,4.86,-4.24,3.17,318.87,26.20,7.19
2026-01-08 12:30:00+00:00,4.69,-3.54,4.23,322.96,35.73,7.24
2026-01-08 12:31:00+00:00,4.66,-3.20,4.06,325.54,35.66,6.96
2026-01-08 12:32:00+00:00,4.48,-3.18,3.20,324.63,30.23,6.35
2026-01-08 12:33:00+00:00,4.41,-3.46,3.00,321.89,28.11,6.36
2026-01-08 12:34:00+00:00,4.32,-3.53,2.93,320.80,27.67,6.30
2026-01-08 12:35:00+00:00,4.24,-4.02,2.20,316.52,20.64,6.24
2026-01-08 12:36:00+00:00,4.08,-4.54,0.77,311.95,7.17,6.15
2026-01-08 12:37:00+00:00,4.28,-5.13,1.96,309.85,16.38,6.97
2026-01-08 12:38:00+00:00,4.04,-4.83,3.02,309.93,25.62,6.98
2026-01-08 12:39:00+00:00,3.63,-4.16,2.27,311.12,22.33,5.97
2026-01-08 12:40:00+00:00,5.06,-6.63,8.07,307.37,44.06,11.60
2026-01-08 12:41:00+00:00,5.22,-5.38,7.60,314.17,45.38,10.67
2026-01-08 12:42:00+00:00,5.29,-5.22,7.32,315.36,44.59,10.43
2026-01-08 12:43:00+00:00,5.01,-4.53,7.73,317.86,48.85,10.27
2026-01-08 12:44:00+00:00,4.79,-4.38,7.59,317.59,49.47,9.99
2026-01-08 12:45:00+00:00,5.06,-4.85,6.98,316.18,44.86,9.89
2026-01-08 12:46:00+00:00,4.69,-4.78,7.40,314.50,47.87,9.98
2026-01-08 12:47:00+00:00,4.08,-4.79,6.61,310.43,46.45,9.12
2026-01-08 12:48:00+00:00,4.69,-5.00,6.76,313.16,44.58,9.63
2026-01-08 12:49:00+00:00,4.60,-4.79,6.91,313.83,46.15,9.59
2026-01-08 12:50:00+00:00,4.77,-4.99,6.60,313.72,43.73,9.55
2026-01-08 12:51:00+00:00,4.70,-4.95,6.85,313.49,45.12,9.67
2026-01-08 12:52:00+00:00,4.67,-5.07,6.04,312.69,41.21,9.16
2026-01-08 12:53:00+00:00,4.76,-5.00,5.93,313.61,40.64,9.10
2026-01-08 12:54:00+00:00,4.23,-4.12,7.18,315.80,50.58,9.30
2026-01-08 12:55:00+00:00,3.31,-2.92,8.90,318.64,63.62,9.93
2026-01-08 12:56:00+00:00,2.60,-2.29,9.15,318.63,69.24,9.79
2026-01-08 12:57:00+00:00,2.16,-2.20,9.02,314.49,71.11,9.53
2026-01-08 12:58:00+00:00,0.89,-1.12,9.29,308.20,81.24,9.40
2026-01-08 12:59:00+00:00,2.92,-2.62,7.78,318.06,63.27,8.71
2026-01-08 13:00:00+00:00,4.70,-4.58,5.59,315.72,40.40,8.62
2026-01-08 13:01:00+00:00,4.91,-4.71,6.24,316.19,42.51,9.23
2026-01-08 13:02:00+00:00,3.87,-3.83,7.56,315.25,54.23,9.31
2026-01-08 13:03:00+00:00,6.17,-5.23,4.47,319.72,28.92,9.24
2026-01-08 13:04:00+00:00,6.15,-4.93,5.30,321.31,33.91,9.50
2026-01-08 13:05:00+00:00,5.52,-4.53,5.91,320.63,39.59,9.27
2026-01-08 13:06:00+00:00,5.27,-4.37,6.14,320.36,41.88,9.20
2026-01-08 13:07:00+00:00,5.12,-4.32,6.39,319.81,43.64,9.25
2026-01-08 13:08:00+00:00,5.55,-4.41,6.45,321.50,42.30,9.59
2026-01-08 13:09:00+00:00,6.60,-6.22,4.00,316.71,23.80,9.91
2026-01-08 13:10:00+00:00,6.04,-6.31,4.67,313.78,28.14,9.90
2026-01-08 13:11:00+00:00,5.90,-7.77,1.64,307.18,9.55,9.89
2026-01-08 13:12:00+00:00,5.97,-7.58,1.86,308.23,10.89,9.82
2026-01-08 13:13:00+00:00,6.10,-7.47,1.72,309.22,10.11,9.80
2026-01-08 13:14:00+00:00,5.91,-7.41,2.10,308.59,12.48,9.70
2026-01-08 13:15:00+00:00,5.35,-7.33,3.60,306.15,21.64,9.77
2026-01-08 13:16:00+00:00,5.38,-7.42,3.85,305.94,22.78,9.94
2026-01-08 13:17:00+00:00,5.65,-6.91,4.38,309.28,26.12,9.95
2026-01-08 13:18:00+00:00,6.05,-6.80,3.85,311.64,22.95,9.88
2026-01-08 13:19:00+00:00,5.97,-4.24,4.96,324.62,34.09,8.84
2026-01-08 13:20:00+00:00,6.17,-5.80,4.52,316.78,28.07,9.60
2026-01-08 13:21:00+00:00,6.06,-5.82,4.63,316.14,28.85,9.59
2026-01-08 13:22:00+00:00,5.86,-5.45,5.44,317.10,34.21,9.67
2026-01-08 13:23:00+00:00,5.04,-6.87,3.84,306.28,24.26,9.35
2026-01-08 13:24:00+00:00,5.28,-6.23,4.86,310.29,30.75,9.50
2026-01-08 13:25:00+00:00,5.56,-6.02,5.32,312.68,32.98,9.77
2026-01-08 13:26:00+00:00,5.49,-5.80,5.72,313.46,35.61,9.82
2026-01-08 13:27:00+00:00,5.44,-6.01,5.99,312.15,36.45,10.08
2026-01-08 13:28:00+00:00,5.11,-5.58,6.53,312.48,40.79,9.99
2026-01-08 13:29:00+00:00,5.18,-5.27,6.29,314.47,40.43,9.70
2026-01-08 13:30:00+00:00,5.14,-5.06,6.30,315.47,41.13,9.58
2026-01-08 13:31:00+00:00,5.19,-4.94,6.08,316.44,40.30,9.39
2026-01-08 13:32:00+00:00,5.13,-4.82,6.15,316.76,41.15,9.35
2026-01-08 13:33:00+00:00,4.74,-5.32,5.48,311.71,37.54,8.99
2026-01-08 13:34:00+00:00,4.60,-5.67,5.45,309.02,36.72,9.11
2026-01-08 13:35:00+00:00,4.92,-5.68,4.89,310.87,33.05,8.96
2026-01-08 13:36:00+00:00,4.64,-5.81,5.42,308.58,36.08,9.20
2026-01-08 13:37:00+00:00,4.65,-5.08,5.83,312.48,40.21,9.02
2026-01-08 13:38:00+00:00,5.14,-5.85,5.05,311.28,32.95,9.28
2026-01-08 13:39:00+00:00,5.10,-5.65,5.46,312.07,35.66,9.37
2026-01-08 13:40:00+00:00,5.03,-5.81,5.27,310.89,34.43,9.32
2026-01-08 13:41:00+00:00,5.54,-5.55,4.52,314.95,29.96,9.05
2026-01-08 13:42:00+00:00,5.20,-5.09,5.88,315.62,38.98,9.35
2026-01-08 13:43:00+00:00,5.23,-5.10,5.99,315.70,39.35,9.44
2026-01-08 13:44:00+00:00,5.07,-4.80,6.28,316.57,41.96,9.39
2026-01-08 13:45:00+00:00,5.20,-4.96,5.96,316.39,39.70,9.34
2026-01-08 13:46:00+00:00,5.39,-5.06,5.67,316.79,37.52,9.32
2026-01-08 13:47:00+00:00,7.00,-5.12,2.85,323.83,18.17,9.13
2026-01-08 13:48:00+00:00,6.87,-4.87,3.14,324.65,20.44,8.98
2026-01-08 13:49:00+00:00,6.94,-5.02,2.67,324.10,17.34,8.97
2026-01-08 13:50:00+00:00,6.36,-4.69,4.00,323.63,26.85,8.86
2026-01-08 13:51:00+00:00,5.42,-4.97,5.10,317.49,34.76,8.95
2026-01-08 13:52:00+00:00,5.43,-5.34,4.87,315.48,32.59,9.04
2026-01-08 13:53:00+00:00,5.78,-4.86,5.44,319.93,35.77,9.30
2026-01-08 13:54:00+00:00,4.37,-4.00,7.52,317.51,51.75,9.57
2026-01-08 13:55:00+00:00,5.12,-4.15,5.98,320.97,42.22,8.90
2026-01-08 13:56:00+00:00,5.04,-3.36,7.43,326.28,50.80,9.58
2026-01-08 13:57:00+00:00,4.81,-3.27,7.67,325.80,52.81,9.63
2026-01-08 13:58:00+00:00,5.06,-3.41,7.52,325.99,50.96,9.69
2026-01-08 13:59:00+00:00,4.71,-3.03,7.70,327.27,53.98,9.52
2026-01-08 14:00:00+00:00,4.49,-2.20,8.09,333.90,58.27,9.51
2026-01-08 14:01:00+00:00,4.65,-2.62,7.93,330.59,56.07,9.56
2026-01-08 14:02:00+00:00,4.40,-2.39,8.09,331.52,58.23,9.51
2026-01-08 14:03:00+00:00,4.78,-2.84,8.61,329.32,57.16,10.25
2026-01-08 14:04:00+00:00,4.13,-2.34,7.87,330.46,58.88,9.19
2026-01-08 14:05:00+00:00,3.71,-2.89,7.55,322.04,58.08,8.90
2026-01-08 14:06:00+00:00,3.63,-3.07,7.57,319.76,57.85,8.94
2026-01-08 14:07:00+00:00,3.35,-2.81,7.87,320.06,60.92,9.00
2026-01-08 14:08:00+00:00,3.33,-2.70,7.81,320.99,61.24,8.91
2026-01-08 14:09:00+00:00,3.38,-2.36,8.02,325.12,62.77,9.01
2026-01-08 14:10:00+00:00,3.86,-0.49,8.02,352.76,64.14,8.91
2026-01-08 14:11:00+00:00,3.54,-0.39,8.02,353.66,66.06,8.78
2026-01-08 14:12:00+00:00,3.53,-0.59,8.11,350.56,66.20,8.86
2026-01-08 14:13:00+00:00,3.79,-0.73,8.18,349.08,64.74,9.05
2026-01-08 14:14:00+00:00,3.68,-1.12,8.56,343.03,65.82,9.39
2026-01-08 14:15:00+00:00,3.86,-1.47,8.31,339.10,63.56,9.28
2026-01-08 14:16:00+00:00,4.04,-1.62,8.14,338.18,61.89,9.23
2026-01-08 14:17:00+00:00,4.12,-1.99,7.95,334.27,60.06,9.17
2026-01-08 14:18:00+00:00,4.12,-2.18,8.17,332.07,60.31,9.41
2026-01-08 14:19:00+00:00,3.84,-2.13,8.16,330.95,61.69,9.27
2026-01-08 14:20:00+00:00,4.16,-2.24,7.95,331.68,59.29,9.25
2026-01-08 14:21:00+00:00,4.02,-2.23,7.77,331.01,59.40,9.02
2026-01-08 14:22:00+00:00,3.87,-2.08,7.79,331.80,60.58,8.94
2026-01-08 14:23:00+00:00,3.78,-3.08,7.40,320.89,56.63,8.87
2026-01-08 14:24:00+00:00,3.57,-3.11,7.42,318.92,57.44,8.81
2026-01-08 14:25:00+00:00,3.84,-2.76,7.50,324.23,57.76,8.86
2026-01-08 14:26:00+00:00,3.85,-2.88,7.57,323.21,57.59,8.97
2026-01-08 14:27:00+00:00,4.32,-1.18,7.18,344.79,58.04,8.46
2026-01-08 14:28:00+00:00,4.22,-1.65,7.61,338.65,59.27,8.86
2026-01-08 14:29:00+00:00,4.27,-1.78,7.51,337.34,58.37,8.82
2026-01-08 14:30:00+00:00,4.28,-2.02,7.46,334.76,57.61,8.83
2026-01-08 14:31:00+00:00,4.56,-2.31,6.66,333.15,52.51,8.40
2026-01-08 14:32:00+00:00,4.60,-1.92,7.49,337.31,56.34,9.00
2026-01-08 14:33:00+00:00,4.44,-2.31,7.84,332.50,57.41,9.30
2026-01-08 14:34:00+00:00,4.64,-2.46,8.28,332.09,57.62,9.80
2026-01-08 14:35:00+00:00,4.55,-3.50,7.21,322.39,51.46,9.21
2026-01-08 14:36:00+00:00,4.56,-2.68,7.07,329.54,53.20,8.82
2026-01-08 14:37:00+00:00,4.39,-2.83,7.08,327.17,53.58,8.80
2026-01-08 14:38:00+00:00,4.50,-2.81,7.28,327.99,53.93,9.01
2026-01-08 14:39:00+00:00,4.70,-2.35,8.32,333.41,57.71,9.84
2026-01-08 14:40:00+00:00,4.51,-2.63,7.75,329.72,56.01,9.34
2026-01-08 14:41:00+00:00,4.78,-3.17,7.68,326.49,53.25,9.59
2026-01-08 14:42:00+00:00,4.99,-4.17,7.38,320.11,48.60,9.84
2026-01-08 14:43:00+00:00,4.71,-4.70,7.31,315.06,47.72,9.88
2026-01-08 14:44:00+00:00,5.02,-4.58,7.17,317.61,46.55,9.87
2026-01-08 14:45:00+00:00,4.75,-3.33,7.18,325.02,51.06,9.23
2026-01-08 14:46:00+00:00,4.78,-3.22,7.25,326.05,51.49,9.26
2026-01-08 14:47:00+00:00,4.86,-3.54,6.68,323.95,48.02,8.99
2026-01-08 14:48:00+00:00,5.09,-2.90,7.28,330.34,51.16,9.34
2026-01-08 14:49:00+00:00,5.26,-3.05,7.02,329.92,49.09,9.29
2026-01-08 14:50:00+00:00,5.54,-3.07,7.67,331.02,50.47,9.94
2026-01-08 14:51:00+00:00,5.49,-3.61,7.03,326.64,46.94,9.63
2026-01-08 14:52:00+00:00,5.73,-3.71,6.79,327.10,44.86,9.63
2026-01-08 14:53:00+00:00,5.99,-4.27,6.99,324.51,43.52,10.15
2026-01-08 14:54:00+00:00,5.60,-4.74,6.83,319.74,42.96,10.02
2026-01-08 14:55:00+00:00,5.93,-4.94,6.87,320.20,41.69,10.33
2026-01-08 14:56:00+00:00,6.04,-5.20,6.80,319.28,40.48,10.48
2026-01-08 14:57:00+00:00,5.78,-4.91,7.37,319.65,44.17,10.57
2026-01-08 14:58:00+00:00,5.67,-5.41,8.37,316.34,46.91,11.47
2026-01-08 14:59:00+00:00,6.47,-4.97,6.36,322.49,37.93,10.35
2026-01-08 15:00:00+00:00,6.37,-5.04,6.24,321.68,37.54,10.24
2026-01-08 15:01:00+00:00,6.54,-5.28,6.46,321.08,37.55,10.60
2026-01-08 15:03:00+00:00,6.20,-5.23,6.29,319.83,37.79,10.26
2026-01-08 15:04:00+00:00,6.38,-4.95,6.36,322.17,38.24,10.28
2026-01-08 15:05:00+00:00,6.46,-4.83,6.77,323.24,40.02,10.53
2026-01-08 15:07:00+00:00,7.16,-5.72,6.49,321.36,35.29,11.23
2026-01-08 15:08:00+00:00,7.32,-5.42,6.63,323.49,36.08,11.27
2026-01-08 15:09:00+00:00,7.26,-5.34,6.96,323.66,37.67,11.39
2026-01-08 15:10:00+00:00,7.19,-5.46,6.75,322.78,36.80,11.27
2026-01-08 15:11:00+00:00,7.35,-5.64,6.55,322.53,35.24,11.35
2026-01-08 15:12:00+00:00,6.67,-5.61,7.16,319.92,39.41,11.28
2026-01-08 15:13:00+00:00,6.85,-5.96,6.59,318.99,35.98,11.22
2026-01-08 15:15:00+00:00,7.46,-6.42,6.01,319.29,31.43,11.53
2026-01-08 15:16:00+00:00,7.61,-6.59,5.76,319.10,29.79,11.60
2026-01-08 15:17:00+00:00,6.73,-6.75,6.26,314.88,33.30,11.41
2026-01-08 15:18:00+00:00,-4.41,-0.82,6.17,190.51,54.01,7.63
2026-01-08 15:19:00+00:00,6.99,-6.97,6.30,315.12,32.53,11.71
2026-01-08 15:20:00+00:00,7.46,-7.11,5.81,316.37,29.41,11.83
2026-01-08 15:21:00+00:00,7.38,-7.50,5.83,314.54,29.01,12.03
2026-01-08 15:22:00+00:00,7.38,-7.55,6.33,314.32,30.96,12.31
2026-01-08 15:23:00+00:00,7.63,-7.79,5.66,314.38,27.45,12.29
2026-01-08 15:24:00+00:00,7.68,-8.10,5.31,313.47,25.44,12.36
2026-01-08 15:25:00+00:00,7.64,-8.34,4.99,312.48,23.82,12.36
2026-01-08 15:26:00+00:00,7.79,-8.03,5.48,314.12,26.10,12.45
2026-01-08 15:27:00+00:00,7.84,-8.23,5.73,313.62,26.76,12.73
2026-01-08 15:28:00+00:00,8.24,-7.55,5.83,317.50,27.57,12.61
2026-01-08 15:29:00+00:00,8.20,-7.59,5.85,317.20,27.63,12.61
2026-01-08 15:30:00+00:00,7.93,-7.88,5.78,315.17,27.35,12.58
2026-01-08 15:31:00+00:00,8.08,-7.78,5.93,316.09,27.87,12.69
2026-01-08 15:32:00+00:00,8.15,-7.58,6.21,317.09,29.16,12.75
2026-01-08 15:33:00+00:00,8.16,-6.14,6.45,323.04,32.29,12.08
2026-01-08 15:34:00+00:00,8.07,-6.21,6.46,322.44,32.37,12.06
2026-01-08 15:35:00+00:00,8.07,-6.19,6.37,322.52,32.07,12.00
2026-01-08 15:36:00+00:00,8.23,-6.55,6.09,321.51,30.09,12.15
2026-01-08 15:37:00+00:00,8.42,-6.95,5.72,320.46,27.65,12.33
2026-01-08 15:38:00+00:00,8.63,-7.07,5.79,320.66,27.42,12.57
2026-01-08 15:39:00+00:00,8.70,-7.10,6.25,320.78,29.09,12.85
2026-01-08 15:40:00+00:00,8.90,-6.86,6.12,322.39,28.56,12.80
2026-01-08 15:41:00+00:00,9.02,-7.16,5.75,321.57,26.52,12.87
2026-01-08 15:42:00+00:00,8.90,-7.46,3.43,320.02,16.47,12.11
2026-01-08 15:43:00+00:00,9.64,-8.60,1.48,318.27,6.55,13.01
2026-01-08 15:44:00+00:00,9.57,-8.74,1.29,317.61,5.70,13.02
2026-01-08 15:45:00+00:00,9.65,-8.82,1.45,317.57,6.31,13.15
2026-01-08 15:46:00+00:00,9.51,-8.69,1.24,317.58,5.49,12.95
2026-01-08 15:47:00+00:00,9.72,-8.28,-1.63,319.56,-7.25,12.87
2026-01-08 15:48:00+00:00,9.80,-8.17,-2.00,320.20,-8.91,12.92
2026-01-08 15:49:00+00:00,9.54,-8.67,-0.72,317.72,-3.18,12.91
2026-01-08 15:50:00+00:00,9.02,-9.67,0.57,313.01,2.48,13.23
2026-01-08 15:51:00+00:00,9.35,-9.08,-1.35,315.86,-5.91,13.10
2026-01-08 15:52:00+00:00,9.33,-9.09,-0.77,315.75,-3.37,13.05
2026-01-08 15:53:00+00:00,9.65,-8.85,-0.77,317.48,-3.35,13.11
2026-01-08 15:54:00+00:00,9.80,-8.82,-0.51,318.02,-2.21,13.19
2026-01-08 15:55:00+00:00,9.50,-9.14,-1.93,316.09,-8.31,13.33
2026-01-08 15:56:00+00:00,9.71,-8.89,-1.19,317.55,-5.17,13.22
2026-01-08 15:57:00+00:00,9.93,-8.68,-0.68,318.87,-2.95,13.21
2026-01-08 16:00:00+00:00,8.56,-9.36,-3.57,312.44,-15.74,13.17
2026-01-08 16:01:00+00:00,8.83,-8.91,-2.93,314.74,-13.14,12.89
2026-01-08 16:04:00+00:00,9.50,-8.20,-1.36,319.20,-6.20,12.62
2026-01-08 16:05:00+00:00,9.07,-6.45,1.27,324.57,6.50,11.20
2026-01-08 16:08:00+00:00,10.01,-8.76,-0.07,318.81,-0.30,13.30
2026-01-08 16:09:00+00:00,10.05,-8.81,0.01,318.75,0.03,13.36
2026-01-08 16:12:00+00:00,9.77,-9.13,-2.02,316.94,-8.58,13.53
2026-01-08 16:13:00+00:00,9.55,-9.17,-2.51,316.16,-10.76,13.47
2026-01-08 16:16:00+00:00,9.74,-8.81,-3.34,317.87,-14.28,13.55
2026-01-08 16:17:00+00:00,10.10,-8.83,-1.98,318.85,-8.40,13.56
2026-01-08 16:20:00+00:00,10.82,-8.67,-1.17,321.31,-4.84,13.91
2026-01-08 16:21:00+00:00,10.84,-8.69,-0.24,321.27,-0.98,13.90
2026-01-08 16:24:00+00:00,11.40,-8.44,0.50,323.50,2.03,14.19
2026-01-08 16:25:00+00:00,11.37,-8.46,0.59,323.34,2.39,14.18
2026-01-08 16:28:00+00:00,11.56,-7.66,-1.04,326.48,-4.27,13.91
2026-01-08 16:29:00+00:00,11.58,-7.62,-0.86,326.64,-3.55,13.89
2026-01-08 16:32:00+00:00,11.19,-8.21,-0.67,323.74,-2.76,13.89
2026-01-08 16:33:00+00:00,11.21,-8.09,-0.24,324.16,-0.99,13.83
2026-01-08 16:36:00+00:00,10.65,-7.88,-0.57,323.50,-2.44,13.26
2026-01-08 16:37:00+00:00,10.67,-8.12,-0.92,322.74,-3.94,13.44
2026-01-08 16:40:00+00:00,10.91,-7.81,-1.26,324.38,-5.37,13.47
2026-01-08 16:41:00+00:00,10.86,-7.79,-1.10,324.34,-4.70,13.41
2026-01-08 16:44:00+00:00,10.65,-8.12,-2.03,322.67,-8.63,13.55
2026-01-08 16:45:00+00:00,10.71,-8.08,-2.08,322.98,-8.80,13.58
2026-01-08 16:48:00+00:00,10.23,-6.49,1.69,327.60,7.95,12.23
2026-01-08 16:49:00+00:00,9.61,-6.14,4.30,327.43,20.69,12.19
2026-01-08 16:52:00+00:00,9.89,-2.99,5.73,343.19,29.02,11.82
2026-01-08 16:53:00+00:00,8.77,-7.65,2.64,318.91,12.79,11.93
2026-01-08 16:55:00+00:00,9.39,-5.28,4.46,330.62,22.51,11.66
2026-01-08 16:56:00+00:00,9.45,-5.28,4.23,330.81,21.34,11.62
2026-01-08 16:57:00+00:00,9.54,-5.75,3.51,328.94,17.49,11.68
2026-01-08 16:59:00+00:00,9.40,-5.57,4.39,329.34,21.88,11.78
2026-01-08 17:00:00+00:00,9.62,-5.27,4.10,331.28,20.50,11.71
2026-01-08 17:01:00+00:00,9.77,-5.50,3.66,330.60,18.07,11.79
2026-01-08 17:04:00+00:00,8.72,-4.69,6.60,331.71,33.68,11.90
2026-01-08 17:05:00+00:00,9.05,-4.08,7.43,335.70,36.82,12.40
2026-01-08 17:08:00+00:00,7.01,-6.07,5.22,319.12,29.34,10.64
2026-01-08 17:09:00+00:00,6.75,-6.02,5.51,318.29,31.34,10.59
2026-01-08 17:12:00+00:00,7.49,-8.29,3.16,312.11,15.82,11.61
2026-01-08 17:13:00+00:00,8.00,-7.99,3.55,315.03,17.42,11.84
2026-01-08 17:16:00+00:00,7.60,-9.05,3.09,310.01,14.66,12.21
2026-01-08 17:17:00+00:00,7.75,-8.88,3.19,311.10,15.15,12.21
2026-01-08 17:20:00+00:00,8.13,-8.36,3.65,314.21,17.37,12.22
2026-01-08 17:21:00+00:00,8.92,-7.83,4.10,318.72,19.07,12.56
2026-01-08 17:24:00+00:00,7.25,-9.55,0.38,307.18,1.81,12.00
2026-01-08 17:25:00+00:00,7.07,-9.39,2.38,306.97,11.46,11.99
2026-01-08 17:28:00+00:00,7.62,-9.70,-0.70,308.15,-3.24,12.36
2026-01-08 17:29:00+00:00,7.95,-9.80,-0.71,309.06,-3.24,12.64
2026-01-08 17:32:00+00:00,8.22,-9.19,0.17,311.80,0.78,12.33
2026-01-08 17:33:00+00:00,8.35,-9.33,-0.72,311.85,-3.30,12.54
2026-01-08 17:36:00+00:00,8.86,-8.97,1.99,314.64,8.95,12.77
2026-01-08 17:37:00+00:00,8.80,-8.86,0.41,314.81,1.89,12.49
2026-01-08 17:40:00+00:00,8.81,-4.05,4.87,335.34,26.65,10.85
2026-01-08 17:41:00+00:00,8.65,-4.31,4.93,333.54,27.01,10.85
2026-01-08 17:44:00+00:00,9.07,-5.82,4.03,327.31,20.50,11.51
2026-01-08 17:45:00+00:00,9.07,-5.70,3.52,327.83,18.18,11.28
2026-01-08 17:48:00+00:00,9.75,-6.81,2.35,325.05,11.20,12.12
2026-01-08 17:49:00+00:00,10.17,-7.32,2.00,324.25,9.07,12.69
2026-01-08 17:52:00+00:00,10.59,-6.77,2.44,327.42,10.97,12.81
2026-01-08 17:53:00+00:00,10.87,-7.21,1.22,326.45,5.34,13.10
2026-01-08 17:56:00+00:00,11.05,-7.16,0.44,327.04,1.94,13.17
2026-01-08 17:57:00+00:00,10.85,-6.76,1.35,328.07,6.02,12.86
2026-01-08 18:00:00+00:00,10.23,-7.43,-0.83,324.02,-3.77,12.67
2026-01-08 18:01:00+00:00,9.92,-7.73,-2.01,322.08,-9.08,12.73
2026-01-08 18:04:00+00:00,10.04,-7.39,-0.74,323.64,-3.38,12.48
2026-01-08 18:05:00+00:00,10.03,-7.47,-1.66,323.34,-7.54,12.62
2026-01-08 18:08:00+00:00,8.83,-6.37,1.63,324.20,8.54,11.00
2026-01-08 18:09:00+00:00,8.36,-5.28,1.73,327.71,9.93,10.04
2026-01-08 18:12:00+00:00,9.53,-2.90,2.87,343.07,16.08,10.37
2026-01-08 18:13:00+00:00,8.62,-6.20,2.31,324.27,12.25,10.86
2026-01-08 18:16:00+00:00,8.94,-5.51,-0.23,328.32,-1.27,10.50
2026-01-08 18:17:00+00:00,8.44,-5.92,-0.27,324.98,-1.48,10.31
2026-01-08 18:20:00+00:00,8.52,-6.12,-0.37,324.34,-2.01,10.50
2026-01-08 18:21:00+00:00,8.61,-5.83,-0.26,325.88,-1.43,10.40
2026-01-08 18:24:00+00:00,9.58,-5.15,-3.44,331.76,-17.57,11.41
2026-01-08 18:25:00+00:00,10.01,-4.52,-2.78,335.68,-14.23,11.33
2026-01-08 18:28:00+00:00,8.61,-4.17,-5.35,334.18,-29.21,10.95
2026-01-08 18:29:00+00:00,8.74,-5.48,-4.17,327.90,-21.99,11.13
2026-01-08 18:32:00+00:00,7.95,-7.92,-3.23,315.11,-16.06,11.67
2026-01-08 18:33:00+00:00,7.96,-7.52,-3.20,316.62,-16.27,11.41
2026-01-08 18:36:00+00:00,8.22,-6.65,-3.78,321.01,-19.67,11.23
2026-01-08 18:37:00+00:00,8.38,-7.19,-4.08,319.38,-20.30,11.77
2026-01-08 18:40:00+00:00,8.51,-6.83,-4.16,321.26,-20.89,11.68
2026-01-08 18:41:00+00:00,8.83,-6.79,-3.01,322.44,-15.11,11.53
2026-01-08 18:44:00+00:00,8.60,-6.40,-5.30,323.36,-26.34,11.96
2026-01-08 18:45:00+00:00,8.10,-7.72,-3.41,316.35,-16.94,11.70
2026-01-08 18:48:00+00:00,4.57,-3.50,-8.94,322.59,-57.22,10.64
2026-01-08 18:49:00+00:00,5.86,-4.39,-8.49,323.20,-49.23,11.21
2026-01-08 18:52:00+00:00,7.19,-6.42,-6.91,318.26,-35.63,11.86
2026-01-08 18:53:00+00:00,6.09,-6.37,-8.17,313.74,-42.84,12.02
2026-01-08 18:56:00+00:00,6.24,-7.39,-5.65,310.21,-30.28,11.20
2026-01-08 18:57:00+00:00,5.94,-7.96,-5.54,306.70,-29.14,11.37
2026-01-08 19:00:00+00:00,7.17,-8.07,-4.76,311.64,-23.78,11.80
2026-01-08 19:01:00+00:00,8.66,-5.96,-5.55,325.47,-27.83,11.89
2026-01-08 19:04:00+00:00,9.91,-5.37,-5.80,331.55,-27.24,12.67
2026-01-08 19:05:00+00:00,8.59,-4.06,-5.29,334.74,-29.11,10.88
2026-01-08 19:08:00+00:00,8.40,-5.24,-4.86,328.07,-26.13,11.03
2026-01-08 19:09:00+00:00,7.55,-5.03,-6.20,326.31,-34.37,10.99
2026-01-08 19:12:00+00:00,9.04,-6.78,-3.59,323.12,-17.63,11.86
2026-01-08 19:13:00+00:00,8.48,-7.48,-5.37,318.57,-25.41,12.52
2026-01-08 19:16:00+00:00,8.96,-7.38,-3.43,320.50,-16.47,12.11
2026-01-08 19:17:00+00:00,8.03,-7.08,-3.31,318.62,-17.20,11.20
2026-01-08 19:20:00+00:00,7.80,-6.28,1.03,321.13,5.89,10.07
2026-01-08 19:21:00+00:00,7.42,-6.50,1.43,318.76,8.28,9.97
2026-01-08 19:24:00+00:00,8.99,-8.24,-4.91,317.49,-21.96,13.14
2026-01-08 19:25:00+00:00,9.20,-8.24,-5.06,318.15,-22.28,13.34
2026-01-08 19:28:00+00:00,9.21,-7.72,-3.75,320.02,-17.32,12.59
2026-01-08 19:29:00+00:00,8.78,-7.43,-4.25,319.76,-20.29,12.27
2026-01-08 19:32:00+00:00,6.94,-6.40,-3.07,317.33,-18.02,9.93
2026-01-08 19:33:00+00:00,7.20,-6.18,-5.52,319.36,-30.16,10.98
2026-01-08 19:36:00+00:00,8.86,-6.23,-5.76,324.88,-28.02,12.27
2026-01-08 19:37:00+00:00,8.88,-6.66,-4.99,323.14,-24.20,12.16
2026-01-08 19:40:00+00:00,9.64,-6.33,-3.54,326.73,-17.07,12.06
2026-01-08 19:41:00+00:00,9.76,-6.51,-2.17,326.28,-10.48,11.93
2026-01-08 19:45:00+00:00,8.27,-6.07,-2.61,323.72,-14.28,10.58
2026-01-08 19:48:00+00:00,10.12,-6.43,0.47,327.56,2.23,12.00
2026-01-08 19:49:00+00:00,9.99,-6.56,-0.08,326.72,-0.37,11.95
2026-01-08 19:52:00+00:00,10.04,-6.72,1.18,326.20,5.59,12.14
2026-01-08 19:53:00+00:00,10.03,-6.80,1.39,325.84,6.55,12.20
2026-01-08 19:56:00+00:00,9.84,-6.24,2.03,327.62,9.86,11.83
2026-01-08 19:57:00+00:00,9.58,-6.14,1.02,327.33,5.11,11.42
2026-01-08 20:00:00+00:00,8.78,-4.48,-0.31,332.95,-1.79,9.86
2026-01-08 20:01:00+00:00,9.02,-5.37,-1.06,329.23,-5.79,10.55
2026-01-08 20:04:00+00:00,8.65,-4.05,-3.87,334.92,-22.06,10.31
2026-01-08 20:05:00+00:00,8.50,-3.52,-4.64,337.53,-26.74,10.30
2026-01-08 20:08:00+00:00,8.70,-7.48,2.62,319.32,12.84,11.77
2026-01-08 20:09:00+00:00,8.17,-7.82,3.42,316.23,16.82,11.81
2026-01-08 20:12:00+00:00,8.82,-7.41,0.26,319.96,1.28,11.53
2026-01-08 20:13:00+00:00,8.70,-7.13,-0.37,320.66,-1.89,11.25
2026-01-08 20:16:00+00:00,9.54,-6.10,-0.71,327.41,-3.58,11.35
2026-01-08 20:17:00+00:00,9.44,-6.20,-1.17,326.71,-5.92,11.36
2026-01-08 20:21:00+00:00,8.99,-7.35,-2.27,320.74,-11.07,11.83
2026-01-08 20:23:00+00:00,8.69,-6.94,-1.87,321.38,-9.56,11.28
2026-01-08 20:25:00+00:00,9.26,-5.78,-1.91,328.02,-9.92,11.09
2026-01-08 20:28:00+00:00,9.23,-6.21,-2.98,326.09,-14.99,11.51
2026-01-08 20:29:00+00:00,9.02,-5.85,-4.41,327.01,-22.31,11.62
2026-01-08 20:32:00+00:00,7.39,-6.70,-6.89,317.80,-34.64,12.12
2026-01-08 20:33:00+00:00,6.43,-6.26,-8.79,315.80,-44.42,12.56
2026-01-08 20:36:00+00:00,5.58,-6.41,-9.36,311.07,-47.75,12.64
2026-01-08 20:37:00+00:00,5.38,-6.72,-9.19,308.70,-46.86,12.59
2026-01-08 20:40:00+00:00,3.21,-7.88,-9.34,292.17,-47.68,12.63
2026-01-08 20:41:00+00:00,2.63,-8.04,-9.29,288.09,-47.67,12.57
2026-01-08 20:44:00+00:00,4.72,-7.98,-7.76,300.57,-39.94,12.09
2026-01-08 20:45:00+00:00,5.44,-6.80,-7.03,308.66,-38.89,11.20
2026-01-08 20:48:00+00:00,5.59,-7.54,-6.78,306.56,-35.83,11.58
2026-01-08 20:49:00+00:00,5.67,-7.60,-6.95,306.73,-36.24,11.75
2026-01-08 20:52:00+00:00,5.64,-6.94,-5.58,309.10,-31.98,10.54
2026-01-08 20:53:00+00:00,5.14,-7.29,-6.03,305.17,-34.06,10.76
2026-01-08 20:56:00+00:00,3.82,-8.46,-5.92,294.32,-32.54,11.01
2026-01-08 20:57:00+00:00,2.67,-9.36,-5.99,285.94,-31.61,11.43
2026-01-08 21:00:00+00:00,3.82,-9.02,-4.85,292.93,-26.35,10.93
2026-01-08 21:01:00+00:00,4.22,-9.02,-4.10,295.05,-22.38,10.77
2026-01-08 21:04:00+00:00,5.93,-9.18,-4.12,302.84,-20.64,11.68
2026-01-08 21:05:00+00:00,6.22,-8.60,-5.49,305.86,-27.35,11.95
2026-01-08 21:08:00+00:00,5.92,-8.39,-4.66,305.20,-24.43,11.27
2026-01-08 21:09:00+00:00,5.15,-9.00,-4.08,299.77,-21.45,11.14
2026-01-08 21:13:00+00:00,5.60,-8.69,-4.36,302.80,-22.87,11.22
2026-01-08 21:17:00+00:00,5.88,-8.12,-5.36,305.89,-28.14,11.37
2026-01-08 21:21:00+00:00,4.39,-8.12,-4.87,298.39,-27.79,10.44
2026-01-08 21:25:00+00:00,4.00,-7.55,-4.45,297.89,-27.54,9.63
2026-01-08 21:29:00+00:00,6.22,-7.16,2.60,310.99,15.33,9.84
2026-01-08 21:33:00+00:00,7.45,-8.32,2.25,311.85,11.38,11.39
2026-01-08 21:37:00+00:00,8.20,-8.55,1.98,313.82,9.48,12.01
2026-01-08 21:41:00+00:00,9.63,-7.47,1.31,322.19,6.15,12.26
2026-01-08 21:45:00+00:00,9.01,-6.31,-1.59,325.01,-8.21,11.12
2026-01-08 21:49:00+00:00,8.76,-5.17,-3.53,329.47,-19.15,10.77
2026-01-08 21:53:00+00:00,8.47,-4.56,-3.98,331.73,-22.50,10.41
2026-01-08 21:56:00+00:00,8.78,-5.37,-2.88,328.57,-15.61,10.68
2026-01-08 22:00:00+00:00,8.18,-5.14,-3.71,327.82,-21.02,10.35
2026-01-08 22:01:00+00:00,8.09,-5.29,-4.13,326.81,-23.15,10.51
2026-01-08 22:03:00+00:00,9.80,-4.92,-4.38,333.36,-21.77,11.81
2026-01-08 22:04:00+00:00,9.37,-5.69,-3.93,328.74,-19.73,11.65
2026-01-08 22:05:00+00:00,9.78,-5.88,-4.55,328.99,-21.72,12.29
2026-01-08 22:07:00+00:00,9.13,-5.37,-5.74,329.53,-28.44,12.05
2026-01-08 22:08:00+00:00,9.28,-5.66,-4.82,328.64,-23.92,11.89
2026-01-08 22:09:00+00:00,9.01,-5.63,-4.82,328.00,-24.40,11.67
2026-01-08 22:12:00+00:00,8.36,-5.76,-5.10,325.42,-26.70,11.36
2026-01-08 22:13:00+00:00,8.53,-5.18,-4.81,328.71,-25.74,11.08
2026-01-08 22:16:00+00:00,8.93,-4.62,-3.17,332.66,-17.50,10.54
2026-01-08 22:17:00+00:00,8.74,-4.31,-2.99,333.74,-17.03,10.20
2026-01-08 22:20:00+00:00,9.78,-4.64,-3.31,334.63,-17.01,11.31
2026-01-08 22:21:00+00:00,9.67,-4.89,-3.48,333.18,-17.80,11.38
2026-01-08 22:24:00+00:00,6.28,-4.79,-5.34,322.68,-34.04,9.53
2026-01-08 22:25:00+00:00,5.47,-4.94,-6.26,317.90,-40.36,9.67
2026-01-08 22:28:00+00:00,7.70,-3.39,-5.17,336.24,-31.54,9.88
2026-01-08 22:29:00+00:00,7.92,-2.97,-5.17,339.41,-31.44,9.91
2026-01-08 22:32:00+00:00,7.26,-5.18,-3.84,324.50,-23.30,9.71
2026-01-08 22:33:00+00:00,7.31,-5.28,-3.83,324.14,-22.98,9.80
2026-01-08 22:36:00+00:00,7.63,-4.55,-5.10,329.21,-29.89,10.24
2026-01-08 22:37:00+00:00,6.62,-5.72,-4.63,319.17,-27.91,9.89
2026-01-08 22:40:00+00:00,8.06,-3.44,-5.12,336.87,-30.28,10.15
2026-01-08 22:41:00+00:00,8.13,-3.56,-5.10,336.36,-29.89,10.24
2026-01-08 22:43:00+00:00,6.81,-0.24,-7.41,357.94,-47.41,10.07
2026-01-08 22:44:00+00:00,6.09,-5.71,-5.11,316.86,-31.45,9.79
2026-01-08 22:45:00+00:00,5.38,-6.24,-5.53,310.75,-33.86,9.92
2026-01-08 22:48:00+00:00,5.88,-6.18,-5.61,313.55,-33.31,10.21
2026-01-08 22:49:00+00:00,5.46,-5.89,-5.81,312.84,-35.90,9.91
2026-01-08 22:52:00+00:00,-0.70,-2.20,-8.18,252.27,-74.27,8.50
2026-01-08 22:53:00+00:00,-0.67,-0.63,-7.84,222.99,-83.31,7.89
2026-01-08 22:56:00+00:00,-4.50,2.62,-7.30,149.74,-54.51,8.97
2026-01-08 22:57:00+00:00,-1.36,-1.36,-7.83,225.02,-76.19,8.06
2026-01-08 23:00:00+00:00,1.62,-2.30,-8.70,305.16,-72.11,9.14
2026-01-08 23:01:00+00:00,2.34,-2.30,-8.65,315.42,-69.24,9.26
2026-01-08 23:04:00+00:00,1.12,-1.77,-9.68,302.45,-77.81,9.90
2026-01-08 23:05:00+00:00,1.31,-0.49,-10.19,339.69,-82.19,10.29
2026-01-08 23:08:00+00:00,0.06,-3.12,-9.79,271.18,-72.31,10.27
2026-01-08 23:09:00+00:00,0.67,-3.36,-10.27,281.30,-71.53,10.82
2026-01-08 23:12:00+00:00,-2.81,-0.30,-9.50,186.07,-73.44,9.91
2026-01-08 23:13:00+00:00,-2.84,-0.89,-9.24,197.40,-72.18,9.71
2026-01-08 23:16:00+00:00,0.35,-5.32,-9.72,273.75,-61.26,11.09
2026-01-08 23:17:00+00:00,0.76,-5.90,-9.32,277.30,-57.47,11.06
2026-01-08 23:20:00+00:00,1.66,-7.69,-8.61,282.21,-47.60,11.66
2026-01-08 23:21:00+00:00,2.22,-6.31,-9.15,289.37,-53.82,11.34
2026-01-08 23:24:00+00:00,4.69,-8.12,-6.01,300.05,-32.64,11.13
2026-01-08 23:25:00+00:00,4.64,-8.27,-6.32,299.30,-33.70,11.40
2026-01-08 23:28:00+00:00,4.16,-8.90,-5.50,295.07,-29.24,11.26
2026-01-08 23:29:00+00:00,4.34,-7.55,-7.37,299.91,-40.27,11.41
2026-01-08 23:32:00+00:00,4.76,-7.74,-5.72,301.59,-32.18,10.73
2026-01-08 23:33:00+00:00,5.05,-7.40,-5.76,304.30,-32.73,10.65
2026-01-08 23:36:00+00:00,5.19,-6.54,-7.05,308.45,-40.16,10.93
2026-01-08 23:37:00+00:00,3.41,-6.34,-8.18,298.29,-48.68,10.90
2026-01-08 23:40:00+00:00,3.92,-6.92,-6.07,299.50,-37.33,10.00
2026-01-08 23:41:00+00:00,4.02,-6.86,-6.05,300.33,-37.24,9.99
2026-01-08 23:44:00+00:00,4.91,-5.86,-5.46,309.95,-35.52,9.39
2026-01-08 23:45:00+00:00,4.64,-6.04,-5.78,307.55,-37.17,9.56
2026-01-08 23:48:00+00:00,1.09,-5.51,-8.36,281.20,-56.09,10.07
2026-01-08 23:49:00+00:00,0.82,-5.43,-8.40,278.55,-56.83,10.04
2026-01-08 23:52:00+00:00,5.44,-4.32,-5.66,321.53,-39.15,8.96
2026-01-08 23:53:00+00:00,4.50,-4.05,-6.61,318.02,-47.52,8.96
2026-01-08 23:56:00+00:00,3.62,-4.30,-7.17,310.09,-51.89,9.11
2026-01-08 23:57:00+00:00,2.44,-4.14,-7.73,300.51,-58.16,9.10
2026-01-09 00:00:00+00:00,-1.38,-3.76,-8.34,249.84,-64.36,9.26
2026-01-09 00:01:00+00:00,-1.46,-3.97,-8.45,249.78,-63.38,9.45
2026-01-09 00:04:00+00:00,-4.16,-2.95,-7.71,215.36,-56.53,9.24
2026-01-09 00:05:00+00:00,-4.55,-3.19,-7.62,215.08,-53.92,9.43
2026-01-09 00:08:00+00:00,-1.70,-5.68,-8.00,253.38,-53.46,9.96
2026-01-09 00:09:00+00:00,-2.84,-6.57,-7.53,246.61,-46.43,10.39
2026-01-09 00:12:00+00:00,0.41,-8.63,-6.45,272.72,-36.71,10.78
2026-01-09 00:13:00+00:00,0.95,-9.05,-6.09,275.99,-33.82,10.95
2026-01-09 00:16:00+00:00,0.20,-7.05,-7.71,271.59,-47.55,10.44
2026-01-09 00:17:00+00:00,0.29,-6.59,-8.53,272.50,-52.29,10.79
2026-01-09 00:20:00+00:00,0.26,-7.06,-7.48,272.10,-46.64,10.29
2026-01-09 00:21:00+00:00,0.64,-7.22,-7.11,275.07,-44.42,10.15
2026-01-09 00:24:00+00:00,-1.68,-6.46,-6.35,255.43,-43.54,9.21
2026-01-09 00:25:00+00:00,-1.06,-7.27,-5.88,261.70,-38.70,9.41
2026-01-09 00:28:00+00:00,-0.60,-4.66,-6.67,262.62,-54.82,8.16
2026-01-09 00:29:00+00:00,-0.46,-4.58,-7.26,264.31,-57.61,8.60
2026-01-09 00:32:00+00:00,-0.61,-3.05,-9.67,258.76,-72.16,10.16
2026-01-09 00:33:00+00:00,-0.30,-2.99,-9.92,264.25,-73.17,10.36
2026-01-09 00:36:00+00:00,0.36,-2.38,-9.71,278.66,-76.06,10.01
2026-01-09 00:37:00+00:00,0.32,-1.56,-9.67,281.49,-80.67,9.80
2026-01-09 00:40:00+00:00,-1.41,-5.18,-7.22,254.82,-53.36,8.99
2026-01-09 00:41:00+00:00,0.56,-5.03,-6.97,276.36,-54.06,8.61
2026-01-09 00:44:00+00:00,-0.29,0.10,-10.25,161.04,-88.26,10.25
2026-01-09 00:45:00+00:00,-0.37,0.69,-10.22,118.30,-85.63,10.25
2026-01-09 00:48:00+00:00,3.41,-4.47,-4.19,307.31,-36.70,7.01
2026-01-09 00:52:00+00:00,2.91,-5.84,-0.48,296.51,-4.25,6.54
2026-01-09 00:53:00+00:00,2.84,-6.42,-0.41,293.86,-3.31,7.03
2026-01-09 00:56:00+00:00,3.32,-4.51,-4.78,306.31,-40.45,7.36
2026-01-09 00:57:00+00:00,2.59,-5.17,-5.12,296.58,-41.56,7.72
2026-01-09 01:00:00+00:00,3.67,-3.42,-2.89,317.04,-29.92,5.79
2026-01-09 01:04:00+00:00,6.15,-6.17,0.29,314.93,1.92,8.72
2026-01-09 01:05:00+00:00,6.86,-5.15,-0.32,323.13,-2.16,8.59
2026-01-09 01:08:00+00:00,5.59,-7.32,-1.56,307.36,-9.59,9.34
2026-01-09 01:09:00+00:00,4.49,-7.98,-0.24,299.38,-1.53,9.16
2026-01-09 01:12:00+00:00,0.96,-8.18,2.97,276.70,19.82,8.76
2026-01-09 01:13:00+00:00,0.97,-8.08,2.84,276.84,19.23,8.62
2026-01-09 01:16:00+00:00,5.79,-8.09,-2.27,305.61,-12.84,10.20
2026-01-09 01:17:00+00:00,5.47,-8.16,-3.00,303.84,-16.97,10.27
2026-01-09 01:20:00+00:00,6.04,-7.38,-3.28,309.31,-19.00,10.08
2026-01-09 01:21:00+00:00,6.23,-6.55,-3.65,313.58,-22.02,9.75
2026-01-09 01:24:00+00:00,4.90,-9.34,-2.57,297.67,-13.68,10.85
2026-01-09 01:25:00+00:00,4.05,-8.96,-2.66,294.31,-15.12,10.19
2026-01-09 01:28:00+00:00,2.91,-6.94,-2.45,292.77,-18.02,7.91
2026-01-09 01:29:00+00:00,3.25,-7.40,-2.36,293.72,-16.25,8.42
2026-01-09 01:32:00+00:00,4.04,-8.14,-2.92,296.37,-17.80,9.54
2026-01-09 01:33:00+00:00,2.98,-5.87,-2.30,296.89,-19.24,6.97
2026-01-09 01:36:00+00:00,3.60,-7.36,-2.16,296.07,-14.79,8.48
2026-01-09 01:37:00+00:00,6.01,-7.43,-0.84,308.98,-5.02,9.60
2026-01-09 01:40:00+00:00,-1.34,-5.26,-7.81,255.72,-55.22,9.51
2026-01-09 01:41:00+00:00,-0.60,-6.03,-7.44,264.32,-50.80,9.60
2026-01-09 01:44:00+00:00,-4.52,-1.75,-6.96,201.14,-55.13,8.48
2026-01-09 01:45:00+00:00,-5.20,-1.30,-6.38,194.01,-49.98,8.33
2026-01-09 01:48:00+00:00,-1.73,-3.26,-4.57,242.11,-51.11,5.87
2026-01-09 01:49:00+00:00,-1.05,-3.15,-2.94,251.58,-41.50,4.44
2026-01-09 01:52:00+00:00,-2.83,-2.43,-6.84,220.70,-61.39,7.79
2026-01-09 01:53:00+00:00,-3.13,-2.02,-6.97,212.82,-61.90,7.90
2026-01-09 01:56:00+00:00,-1.54,-3.54,-7.19,246.56,-61.78,8.16
2026-01-09 01:57:00+00:00,-1.75,-3.39,-6.89,242.66,-61.03,7.87
2026-01-09 02:00:00+00:00,-2.30,-2.55,-5.52,227.94,-58.07,6.50
2026-01-09 02:01:00+00:00,-3.24,-2.06,-5.78,212.49,-56.36,6.94
2026-01-09 02:04:00+00:00,1.29,-5.37,-4.38,283.52,-38.39,7.05
2026-01-09 02:05:00+00:00,4.13,-7.19,-2.79,299.85,-18.61,8.75
2026-01-09 02:08:00+00:00,3.31,-7.06,-1.63,295.15,-11.83,7.97
2026-01-09 02:09:00+00:00,2.45,-5.52,-4.14,293.93,-34.43,7.32
2026-01-09 02:12:00+00:00,4.10,-6.10,-3.64,303.92,-26.36,8.20
2026-01-09 02:13:00+00:00,4.48,-6.00,-3.42,306.76,-24.54,8.24
2026-01-09 02:16:00+00:00,-6.45,7.38,-1.96,131.14,-11.32,10.00
2026-01-09 02:17:00+00:00,-6.89,7.33,-2.52,133.23,-14.05,10.37
2026-01-09 02:20:00+00:00,-7.00,7.54,-4.22,132.87,-22.31,11.12
2026-01-09 02:21:00+00:00,-7.03,7.24,-3.92,134.17,-21.25,10.82
2026-01-09 02:24:00+00:00,-5.23,6.82,-5.04,127.48,-30.39,9.96
2026-01-09 02:25:00+00:00,-5.64,7.40,-4.27,127.31,-24.65,10.23
2026-01-09 02:28:00+00:00,6.28,-9.57,-1.59,303.28,-7.92,11.56
2026-01-09 02:29:00+00:00,5.93,-9.57,-2.33,301.78,-11.69,11.49
2026-01-09 02:32:00+00:00,5.57,-9.58,-0.39,300.16,-2.02,11.08
2026-01-09 02:33:00+00:00,5.77,-9.69,0.01,300.75,0.06,11.28
2026-01-09 02:36:00+00:00,5.24,-9.83,-0.46,298.08,-2.38,11.15
2026-01-09 02:37:00+00:00,5.36,-9.80,-0.05,298.69,-0.25,11.17
2026-01-09 02:40:00+00:00,4.69,-9.60,1.04,296.05,5.57,10.74
2026-01-09 02:41:00+00:00,4.74,-9.46,0.97,296.61,5.26,10.63
2026-01-09 02:44:00+00:00,4.58,-9.38,-0.87,296.01,-4.77,10.47
2026-01-09 02:45:00+00:00,3.95,-10.33,-0.18,290.90,-0.92,11.06
2026-01-09 02:48:00+00:00,5.16,-9.93,-1.70,297.45,-8.66,11.31
2026-01-09 02:49:00+00:00,5.16,-9.87,-1.54,297.58,-7.88,11.24
2026-01-09 02:52:00+00:00,4.64,-10.16,-1.34,294.56,-6.84,11.25
2026-01-09 02:53:00+00:00,4.75,-10.05,-1.16,295.30,-5.96,11.17
2026-01-09 02:56:00+00:00,4.44,-10.08,-1.48,293.76,-7.66,11.11
2026-01-09 02:57:00+00:00,4.56,-10.07,-1.20,294.36,-6.18,11.12
2026-01-09 03:00:00+00:00,4.64,-9.67,-0.91,295.64,-4.85,10.76
2026-01-09 03:01:00+00:00,4.67,-9.68,-0.99,295.75,-5.26,10.79
2026-01-09 03:04:00+00:00,5.67,-8.47,-1.86,303.80,-10.33,10.36
2026-01-09 03:05:00+00:00,5.36,-8.75,-1.95,301.50,-10.78,10.45
2026-01-09 03:08:00+00:00,5.17,-8.93,-1.08,300.06,-5.99,10.38
2026-01-09 03:09:00+00:00,4.54,-9.38,-1.59,295.83,-8.65,10.55
2026-01-09 03:12:00+00:00,4.74,-8.88,-1.65,298.10,-9.30,10.20
2026-01-09 03:13:00+00:00,4.49,-8.97,-1.55,296.61,-8.77,10.15
2026-01-09 03:16:00+00:00,4.85,-8.92,-1.71,298.55,-9.59,10.30
2026-01-09 03:17:00+00:00,5.61,-8.59,-0.99,303.16,-5.54,10.31
2026-01-09 03:20:00+00:00,7.32,-7.30,0.01,315.05,0.08,10.34
2026-01-09 03:21:00+00:00,6.12,-8.16,-1.03,306.89,-5.79,10.25
2026-01-09 03:24:00+00:00,4.37,-7.89,-0.47,298.99,-2.98,9.03
2026-01-09 03:25:00+00:00,4.15,-8.15,-0.31,296.98,-1.97,9.15
2026-01-09 03:28:00+00:00,3.78,-6.41,-0.59,300.50,-4.51,7.47
2026-01-09 03:29:00+00:00,3.82,-6.14,-0.22,301.91,-1.77,7.24
2026-01-09 03:32:00+00:00,4.14,-6.64,-0.67,301.95,-4.92,7.86
2026-01-09 03:33:00+00:00,4.22,-6.70,-0.86,302.20,-6.17,7.97
2026-01-09 03:36:00+00:00,4.23,-6.26,-1.23,304.09,-9.26,7.66
2026-01-09 03:37:00+00:00,4.41,-6.19,-1.47,305.46,-10.92,7.73
2026-01-09 03:38:00+00:00,4.77,-7.43,-1.18,302.72,-7.64,8.91
2026-01-09 03:40:00+00:00,3.87,-5.41,-1.33,305.58,-11.27,6.79
2026-01-09 03:41:00+00:00,4.08,-5.77,-0.98,305.23,-7.93,7.13
2026-01-09 03:44:00+00:00,4.74,-5.20,-1.15,312.36,-9.33,7.13
2026-01-09 03:45:00+00:00,4.55,-3.91,-3.53,319.29,-30.50,6.96
2026-01-09 03:48:00+00:00,3.83,-0.39,-4.97,354.26,-52.22,6.29
2026-01-09 03:49:00+00:00,4.35,-0.27,-4.87,356.44,-48.18,6.54
2026-01-09 03:52:00+00:00,3.27,-0.40,-4.62,353.10,-54.49,5.68
2026-01-09 03:53:00+00:00,4.21,0.23,-5.08,3.17,-50.29,6.60
2026-01-09 03:56:00+00:00,4.15,-0.16,-4.08,357.77,-44.49,5.83
2026-01-09 04:00:00+00:00,4.92,-3.85,1.85,321.97,16.48,6.52
2026-01-09 04:01:00+00:00,5.18,-4.10,2.12,321.65,17.80,6.94
2026-01-09 04:05:00+00:00,5.83,-2.15,-1.99,339.78,-17.74,6.53
2026-01-09 04:09:00+00:00,6.36,-1.13,-0.90,349.96,-7.95,6.52
2026-01-09 04:13:00+00:00,5.27,1.23,-0.97,13.17,-10.13,5.49
2026-01-09 04:17:00+00:00,5.77,0.93,1.49,9.18,14.32,6.03
2026-01-09 04:21:00+00:00,4.00,3.22,2.51,38.82,26.05,5.71
2026-01-09 04:25:00+00:00,4.34,-1.02,2.38,346.76,28.08,5.05
2026-01-09 04:29:00+00:00,1.73,-3.63,-0.11,295.42,-1.55,4.02
2026-01-09 04:33:00+00:00,0.32,-5.91,-1.76,273.08,-16.53,6.17
2026-01-09 04:37:00+00:00,-3.40,-0.33,-4.26,185.54,-51.31,5.46
2026-01-09 04:41:00+00:00,0.40,-3.95,-0.03,275.72,-0.41,3.97
2026-01-09 04:45:00+00:00,-2.55,-0.15,-2.28,183.47,-41.74,3.43
2026-01-09 04:49:00+00:00,0.92,-5.92,-0.74,278.82,-7.06,6.03
2026-01-09 04:53:00+00:00,-4.33,-0.81,-0.79,190.60,-10.11,4.48
2026-01-09 04:57:00+00:00,-4.88,-0.41,-2.04,184.79,-22.59,5.30
2026-01-09 05:01:00+00:00,-4.90,-3.52,-4.61,215.72,-37.38,7.59
2026-01-09 05:05:00+00:00,-3.69,-4.04,-1.64,227.62,-16.72,5.71
2026-01-09 05:09:00+00:00,1.30,-7.45,-0.41,279.93,-3.09,7.57
2026-01-09 05:13:00+00:00,2.75,-5.85,-0.68,295.18,-6.02,6.50
2026-01-09 05:17:00+00:00,8.40,-4.83,4.39,330.10,24.40,10.64
2026-01-09 05:21:00+00:00,5.68,1.47,7.39,14.51,51.55,9.43
2026-01-09 05:25:00+00:00,7.20,-0.93,6.45,352.62,41.62,9.71
2026-01-09 05:29:00+00:00,7.73,-1.16,5.44,351.49,34.84,9.53
2026-01-09 05:33:00+00:00,7.67,-2.62,5.40,341.16,33.64,9.74
2026-01-09 05:37:00+00:00,8.08,-6.89,3.58,319.53,18.65,11.21
2026-01-09 05:41:00+00:00,7.32,-8.65,3.96,310.25,19.26,12.01
2026-01-09 05:45:00+00:00,5.31,-9.54,-2.77,299.10,-14.23,11.27
2026-01-09 05:49:00+00:00,3.02,-9.04,-9.67,288.46,-45.42,13.58
2026-01-09 05:53:00+00:00,3.25,-10.11,-9.61,287.81,-42.13,14.32
2026-01-09 05:57:00+00:00,3.76,-9.50,-6.56,291.61,-32.69,12.14
2026-01-09 06:01:00+00:00,1.93,-9.00,-6.20,282.13,-33.96,11.10
2026-01-09 06:05:00+00:00,5.07,-8.65,-4.08,300.39,-22.18,10.82
2026-01-09 06:09:00+00:00,5.03,-9.07,-3.36,298.99,-17.95,10.90
2026-01-09 06:13:00+00:00,5.03,-8.33,-4.23,301.11,-23.52,10.61
2026-01-09 06:17:00+00:00,7.67,-4.23,5.99,331.13,34.36,10.61
2026-01-09 06:21:00+00:00,4.95,2.63,8.43,28.01,56.35,10.12
2026-01-09 06:25:00+00:00,5.16,2.86,8.91,28.96,56.48,10.68
2026-01-09 06:29:00+00:00,1.40,4.92,11.26,74.12,65.58,12.36
2026-01-09 06:33:00+00:00,1.50,5.34,11.76,74.35,64.76,13.00
2026-01-09 06:37:00+00:00,1.37,6.62,11.10,78.31,58.67,12.99
2026-01-09 06:41:00+00:00,-0.93,8.66,10.24,96.14,49.62,13.44
2026-01-09 06:45:00+00:00,0.45,7.83,10.75,86.74,53.89,13.30
2026-01-09 06:49:00+00:00,-2.86,7.76,7.58,110.26,42.51,11.22
2026-01-09 06:53:00+00:00,0.50,4.25,9.34,83.35,65.41,10.27
2026-01-09 06:57:00+00:00,0.20,4.37,12.19,87.40,70.28,12.95
2026-01-09 07:01:00+00:00,5.91,0.26,10.66,2.49,60.99,12.19
2026-01-09 07:05:00+00:00,5.75,2.19,10.29,20.83,59.13,11.99
2026-01-09 07:09:00+00:00,5.88,-1.07,9.78,349.71,58.58,11.46
2026-01-09 07:13:00+00:00,6.45,-1.49,10.26,347.00,57.19,12.21
2026-01-09 07:17:00+00:00,6.49,-2.29,10.46,340.58,56.68,12.52
2026-01-09 08:21:00+00:00,5.67,-7.41,-4.42,307.45,-25.37,10.32
2026-01-09 08:25:00+00:00,4.58,-8.10,-4.06,299.46,-23.57,10.16
2026-01-09 08:29:00+00:00,8.28,-4.43,4.76,331.85,26.90,10.53
2026-01-09 08:33:00+00:00,8.36,-4.69,4.33,330.68,24.30,10.51
2026-01-09 08:37:00+00:00,7.75,-5.89,4.51,322.77,24.85,10.72
2026-01-09 08:41:00+00:00,7.91,-4.43,4.30,330.75,25.39,10.04
2026-01-09 08:45:00+00:00,8.11,-4.48,3.33,331.06,19.76,9.84
2026-01-09 08:49:00+00:00,8.20,-3.02,4.21,339.76,25.75,9.70
2026-01-09 08:53:00+00:00,8.55,-4.96,3.64,329.86,20.21,10.53
2026-01-09 08:57:00+00:00,6.81,-2.26,6.86,341.60,43.70,9.93
2026-01-09 09:01:00+00:00,-2.62,2.52,9.79,136.13,69.60,10.45
2026-01-09 09:05:00+00:00,-0.01,-0.29,10.03,268.38,88.32,10.03
2026-01-09 09:09:00+00:00,-2.68,2.60,8.59,135.88,66.50,9.37
2026-01-09 09:13:00+00:00,-3.13,3.89,9.81,128.78,63.02,11.01
2026-01-09 09:17:00+00:00,-1.54,3.88,10.90,111.65,69.07,11.67
2026-01-09 09:21:00+00:00,-1.20,5.00,10.45,103.48,63.82,11.65
2026-01-09 09:25:00+00:00,-4.25,1.15,10.66,164.89,67.58,11.53
2026-01-09 09:29:00+00:00,-4.95,3.94,9.49,141.48,56.31,11.41
2026-01-09 09:33:00+00:00,-4.52,7.27,8.08,121.88,43.33,11.77
2026-01-09 09:37:00+00:00,1.56,-1.81,8.37,310.81,74.05,8.71
2026-01-09 09:41:00+00:00,0.45,0.67,8.54,56.13,84.62,8.58
2026-01-09 09:45:00+00:00,1.18,1.92,10.24,58.46,77.57,10.48
2026-01-09 09:49:00+00:00,-3.83,6.67,10.67,119.88,54.19,13.15
2026-01-09 10:00:00+00:00,-4.47,5.66,9.13,128.32,51.70,11.64
2026-01-09 10:01:00+00:00,-3.85,5.33,10.51,125.90,57.97,12.40
2026-01-09 10:02:00+00:00,-1.54,3.66,10.93,112.79,70.05,11.62
2026-01-09 10:05:00+00:00,-3.46,6.78,8.75,117.02,48.95,11.60
2026-01-09 10:06:00+00:00,-1.30,3.82,8.11,108.79,63.55,9.06
2026-01-09 10:09:00+00:00,9.35,-5.23,6.70,330.79,32.04,12.64
2026-01-09 10:10:00+00:00,9.50,-5.55,8.14,329.70,36.49,13.69
2026-01-09 10:13:00+00:00,10.49,-8.24,5.03,321.86,20.67,14.26
2026-01-09 10:17:00+00:00,10.23,-8.76,3.88,319.42,16.09,14.02
2026-01-09 10:18:00+00:00,9.72,-8.80,0.07,317.86,0.29,13.11
2026-01-09 10:21:00+00:00,9.54,-8.05,3.51,319.84,15.71,12.97
2026-01-09 10:22:00+00:00,9.59,-8.43,3.51,318.67,15.36,13.24
2026-01-09 10:26:00+00:00,10.26,-7.79,3.16,322.78,13.80,13.27
2026-01-09 10:30:00+00:00,9.65,-6.39,3.40,326.48,16.36,12.06
2026-01-09 10:34:00+00:00,7.52,-9.19,-0.91,309.32,-4.39,11.91
2026-01-09 10:49:00+00:00,8.42,-9.92,-1.40,310.32,-6.13,13.09
2026-01-09 10:54:00+00:00,8.34,-10.17,-1.28,309.35,-5.56,13.21
2026-01-09 10:57:00+00:00,9.65,-8.45,-0.45,318.76,-2.03,12.83
2026-01-09 11:01:00+00:00,9.07,-9.18,-0.74,314.66,-3.28,12.92
2026-01-09 11:04:00+00:00,9.55,-8.98,-0.10,316.77,-0.46,13.11
2026-01-09 11:05:00+00:00,8.97,-9.47,-0.89,313.47,-3.93,13.07
2026-01-09 11:07:00+00:00,8.23,-10.33,-2.50,308.55,-10.73,13.44
2026-01-09 11:08:00+00:00,8.48,-10.41,-1.62,309.16,-6.89,13.53
2026-01-09 11:09:00+00:00,8.64,-10.91,-0.61,308.37,-2.52,13.93
2026-01-09 11:11:00+00:00,7.49,-10.82,-2.82,304.71,-12.08,13.46
2026-01-09 11:12:00+00:00,8.63,-11.18,-1.57,307.68,-6.34,14.21
2026-01-09 11:13:00+00:00,9.85,-11.23,-1.08,311.25,-4.13,14.97
2026-01-09 11:15:00+00:00,8.80,-11.96,-4.30,306.32,-16.16,15.46
2026-01-09 11:16:00+00:00,10.33,-11.68,-1.87,311.48,-6.83,15.70
2026-01-09 11:17:00+00:00,11.59,-11.15,-0.03,316.10,-0.09,16.09
2026-01-09 11:18:00+00:00,10.52,-11.41,-0.20,312.67,-0.73,15.52
2026-01-09 11:19:00+00:00,10.94,-10.76,0.23,315.48,0.85,15.34
2026-01-09 11:20:00+00:00,10.93,-10.74,0.33,315.53,1.24,15.33
2026-01-09 11:21:00+00:00,10.59,-10.83,1.24,314.37,4.68,15.20
2026-01-09 11:22:00+00:00,10.50,-10.44,2.15,315.16,8.24,14.96
2026-01-09 11:23:00+00:00,10.85,-9.75,2.53,318.05,9.84,14.80
2026-01-09 11:24:00+00:00,10.32,-9.90,1.99,316.18,7.91,14.44
2026-01-09 11:25:00+00:00,9.60,-10.43,1.86,312.63,7.46,14.30
2026-01-09 11:26:00+00:00,9.99,-9.45,3.69,316.58,15.03,14.24
2026-01-09 11:27:00+00:00,9.83,-9.77,3.65,315.17,14.78,14.33
2026-01-09 11:28:00+00:00,9.64,-9.65,2.97,314.97,12.29,13.95
2026-01-09 11:29:00+00:00,9.32,-9.81,2.69,313.54,11.22,13.80
2026-01-09 11:30:00+00:00,9.39,-9.77,2.30,313.87,9.62,13.75
2026-01-09 11:31:00+00:00,8.26,-8.99,3.82,312.59,17.38,12.79
2026-01-09 11:32:00+00:00,8.60,-6.98,5.18,320.96,25.07,12.23
2026-01-09 11:33:00+00:00,9.06,-6.83,4.73,323.00,22.64,12.29
2026-01-09 11:34:00+00:00,8.66,-7.64,4.59,318.57,21.70,12.43
2026-01-09 11:35:00+00:00,8.65,-8.57,4.55,315.27,20.47,13.00
2026-01-09 11:36:00+00:00,8.17,-7.62,5.30,316.98,25.39,12.36
2026-01-09 11:37:00+00:00,7.83,-8.09,6.10,314.05,28.45,12.80
2026-01-09 11:38:00+00:00,8.53,-7.69,5.65,317.98,26.20,12.80
2026-01-09 11:39:00+00:00,9.08,-7.34,4.81,321.05,22.41,12.63
2026-01-09 11:40:00+00:00,9.28,-7.44,4.57,321.28,21.01,12.74
2026-01-09 11:41:00+00:00,9.81,-7.81,4.36,321.49,19.16,13.27
2026-01-09 11:42:00+00:00,10.33,-7.95,4.44,322.42,18.82,13.78
2026-01-09 11:43:00+00:00,10.33,-8.01,4.31,322.20,18.23,13.77
2026-01-09 11:44:00+00:00,10.24,-8.17,4.03,321.41,17.08,13.70
2026-01-09 11:45:00+00:00,10.50,-7.71,3.62,323.69,15.53,13.52
2026-01-09 11:46:00+00:00,9.87,-8.09,2.99,320.66,13.19,13.10
2026-01-09 11:47:00+00:00,9.46,-10.12,1.51,313.07,6.23,13.94
2026-01-09 11:48:00+00:00,10.44,-9.40,1.36,318.02,5.52,14.12
2026-01-09 11:49:00+00:00,10.71,-8.85,1.12,320.42,4.59,13.94
2026-01-09 11:50:00+00:00,7.65,-6.51,4.49,319.61,24.09,11.00
2026-01-09 11:51:00+00:00,6.03,-6.92,7.25,311.08,38.32,11.70
2026-01-09 11:52:00+00:00,5.26,-6.57,8.83,308.68,46.37,12.20
2026-01-09 11:53:00+00:00,5.02,-5.31,9.56,313.37,52.61,12.03
2026-01-09 11:54:00+00:00,6.18,-6.16,8.66,315.11,44.78,12.29
2026-01-09 11:55:00+00:00,5.97,-4.97,9.70,320.23,51.28,12.43
2026-01-09 11:56:00+00:00,5.96,-4.81,9.77,321.07,51.88,12.41
2026-01-09 11:57:00+00:00,4.93,-4.21,10.45,319.52,58.18,12.30
2026-01-09 11:58:00+00:00,4.74,-3.19,10.42,326.00,61.26,11.88
2026-01-09 11:59:00+00:00,3.78,-2.34,11.10,328.18,68.18,11.96
2026-01-09 12:00:00+00:00,3.44,-2.44,11.25,324.67,69.46,12.02
2026-01-09 12:01:00+00:00,3.77,-1.90,11.10,333.24,69.17,11.88
2026-01-09 12:02:00+00:00,5.42,-3.10,10.28,330.26,58.74,12.03
2026-01-09 12:03:00+00:00,4.87,-4.08,10.32,320.08,58.41,12.12
2026-01-09 12:04:00+00:00,4.43,-3.03,10.90,325.68,63.80,12.15
2026-01-09 12:05:00+00:00,5.82,-4.98,8.09,319.46,46.54,11.14
2026-01-09 12:06:00+00:00,7.52,-6.40,5.29,319.59,28.15,11.20
2026-01-09 12:07:00+00:00,7.96,-6.18,5.46,322.15,28.46,11.46
2026-01-09 12:08:00+00:00,7.66,-7.93,2.04,314.01,10.48,11.22
2026-01-09 12:09:00+00:00,7.88,-7.89,2.51,314.95,12.69,11.43
2026-01-09 12:10:00+00:00,8.28,-7.51,4.16,317.78,20.39,11.93
2026-01-09 12:11:00+00:00,8.01,-8.08,3.51,314.76,17.15,11.90
2026-01-09 12:12:00+00:00,8.44,-7.85,3.08,317.08,14.96,11.93
2026-01-09 12:13:00+00:00,9.03,-8.23,3.34,317.67,15.29,12.67
2026-01-09 12:14:00+00:00,9.15,-7.80,3.52,319.55,16.32,12.52
2026-01-09 12:15:00+00:00,9.17,-7.86,3.55,319.40,16.40,12.58
2026-01-09 12:16:00+00:00,9.07,-7.91,3.32,318.92,15.41,12.48
2026-01-09 12:17:00+00:00,9.54,-6.99,3.96,323.76,18.49,12.48
2026-01-09 12:18:00+00:00,9.65,-7.04,3.77,323.90,17.51,12.52
2026-01-09 12:19:00+00:00,9.60,-7.02,3.86,323.83,17.99,12.50
2026-01-09 12:20:00+00:00,9.45,-7.34,3.80,322.15,17.62,12.55
2026-01-09 12:21:00+00:00,9.69,-7.37,3.11,322.74,14.31,12.56
2026-01-09 12:22:00+00:00,9.58,-7.53,2.71,321.83,12.56,12.48
2026-01-09 12:23:00+00:00,8.39,-8.45,-0.01,314.81,-0.04,11.90
2026-01-09 12:24:00+00:00,7.42,-9.21,-2.25,308.87,-10.79,12.04
2026-01-09 12:25:00+00:00,7.76,-9.19,-0.88,310.18,-4.18,12.06
2026-01-09 12:26:00+00:00,7.92,-9.04,-0.20,311.22,-0.94,12.02
2026-01-09 12:27:00+00:00,7.95,-8.87,0.27,311.84,1.30,11.91
2026-01-09 12:28:00+00:00,7.71,-8.82,2.55,311.18,12.29,11.99
2026-01-09 12:29:00+00:00,8.35,-7.89,3.39,316.62,16.45,11.98
2026-01-09 12:30:00+00:00,7.71,-8.80,4.04,311.23,19.02,12.38
2026-01-09 12:31:00+00:00,7.70,-9.63,2.15,308.67,9.89,12.52
2026-01-09 12:32:00+00:00,7.46,-9.32,0.59,308.69,2.83,11.95
2026-01-09 12:33:00+00:00,8.44,-8.21,1.49,315.78,7.19,11.87
2026-01-09 12:34:00+00:00,7.53,-8.76,0.98,310.71,4.84,11.59
2026-01-09 12:35:00+00:00,7.16,-9.26,0.18,307.69,0.91,11.70
2026-01-09 12:36:00+00:00,7.72,-8.78,0.85,311.31,4.15,11.72
2026-01-09 12:37:00+00:00,8.25,-8.33,1.03,314.74,5.03,11.77
2026-01-09 12:38:00+00:00,8.73,-7.96,0.13,317.67,0.61,11.82
2026-01-09 12:39:00+00:00,7.23,-9.30,3.56,307.85,16.83,12.30
2026-01-09 12:40:00+00:00,7.45,-9.30,3.43,308.70,16.07,12.40
2026-01-09 12:41:00+00:00,7.86,-8.43,3.49,313.00,16.83,12.04
2026-01-09 12:42:00+00:00,7.48,-8.83,1.86,310.24,9.13,11.72
2026-01-09 12:43:00+00:00,7.70,-7.69,2.86,315.06,14.73,11.25
2026-01-09 12:44:00+00:00,8.51,-5.82,4.47,325.63,23.45,11.24
2026-01-09 12:45:00+00:00,8.45,-5.72,4.77,325.91,25.09,11.26
2026-01-09 12:46:00+00:00,8.31,-6.07,4.37,323.84,23.01,11.18
2026-01-09 12:47:00+00:00,8.50,-5.36,5.16,327.76,27.16,11.30
2026-01-09 12:48:00+00:00,8.08,-4.82,6.28,329.20,33.71,11.31
2026-01-09 12:49:00+00:00,6.71,-3.97,8.74,329.39,48.26,11.71
2026-01-09 12:50:00+00:00,7.85,-4.65,6.70,329.33,36.32,11.32
2026-01-09 12:51:00+00:00,7.70,-6.44,4.90,320.08,25.99,11.17
2026-01-09 12:52:00+00:00,8.09,-6.05,5.78,323.22,29.78,11.64
2026-01-09 12:53:00+00:00,8.30,-4.24,6.65,332.93,35.51,11.45
2026-01-09 12:54:00+00:00,8.53,-2.68,6.58,342.58,36.37,11.10
2026-01-09 12:55:00+00:00,8.48,-2.80,6.62,341.73,36.54,11.11
2026-01-09 12:56:00+00:00,7.71,-4.37,5.78,330.43,33.12,10.58
2026-01-09 12:57:00+00:00,7.97,-3.58,6.30,335.82,35.80,10.78
2026-01-09 12:58:00+00:00,8.44,-3.52,5.59,337.38,31.45,10.72
2026-01-09 12:59:00+00:00,8.52,-4.55,5.24,331.88,28.51,10.99
2026-01-09 13:00:00+00:00,8.31,-4.92,5.20,329.36,28.29,10.97
2026-01-09 13:01:00+00:00,8.47,-4.48,5.34,332.14,29.12,10.97
2026-01-09 13:02:00+00:00,8.37,-4.69,5.09,330.71,27.95,10.86
2026-01-09 13:03:00+00:00,8.31,-5.21,4.77,327.90,25.92,10.91
2026-01-09 13:04:00+00:00,8.39,-5.52,4.63,326.66,24.77,11.06
2026-01-09 13:05:00+00:00,9.19,-4.12,4.04,335.86,21.83,10.85
2026-01-09 13:06:00+00:00,9.29,-4.52,3.50,334.06,18.73,10.91
2026-01-09 13:07:00+00:00,9.27,-4.73,3.37,332.96,17.94,10.94
2026-01-09 13:08:00+00:00,9.24,-5.01,3.53,331.53,18.57,11.09
2026-01-09 13:09:00+00:00,9.32,-5.51,3.16,329.43,16.26,11.28
2026-01-09 13:10:00+00:00,9.28,-5.71,2.33,328.39,12.05,11.15
2026-01-09 13:11:00+00:00,9.81,-5.52,0.36,330.64,1.85,11.26
2026-01-09 13:12:00+00:00,9.91,-5.33,0.16,331.70,0.83,11.25
2026-01-09 13:13:00+00:00,9.77,-5.68,0.12,329.81,0.63,11.30
2026-01-09 13:14:00+00:00,9.51,-6.03,-0.19,327.63,-0.96,11.27
2026-01-09 13:15:00+00:00,9.28,-6.61,0.35,324.55,1.75,11.40
2026-01-09 13:16:00+00:00,8.99,-6.64,0.12,323.53,0.62,11.18
2026-01-09 13:17:00+00:00,9.13,-6.85,0.36,323.13,1.79,11.42
2026-01-09 13:18:00+00:00,9.42,-6.52,0.90,325.33,4.51,11.49
2026-01-09 13:19:00+00:00,8.96,-6.93,1.04,322.29,5.24,11.37
2026-01-09 13:20:00+00:00,8.54,-7.29,-0.44,319.52,-2.26,11.24
2026-01-09 13:21:00+00:00,8.86,-6.99,-0.81,321.71,-4.11,11.31
2026-01-09 13:23:00+00:00,8.77,-6.74,-0.36,322.46,-1.85,11.06
2026-01-09 13:24:00+00:00,7.82,-7.77,-0.60,315.19,-3.09,11.04
2026-01-09 13:25:00+00:00,8.08,-7.61,-1.08,316.69,-5.54,11.15
2026-01-09 13:26:00+00:00,8.18,-7.27,-0.50,318.37,-2.59,10.96
2026-01-09 13:27:00+00:00,7.37,-8.01,-1.07,312.63,-5.63,10.93
2026-01-09 13:28:00+00:00,8.98,-6.31,1.36,324.91,7.04,11.06
2026-01-09 13:29:00+00:00,9.12,-6.18,2.88,325.88,14.63,11.38
2026-01-09 13:30:00+00:00,9.14,-6.03,2.68,326.58,13.75,11.27
2026-01-09 13:31:00+00:00,8.91,-6.39,1.75,324.34,9.06,11.10
2026-01-09 13:32:00+00:00,8.53,-6.80,1.67,321.44,8.70,11.03
2026-01-09 13:33:00+00:00,7.77,-5.21,0.85,326.17,5.21,9.39
2026-01-09 13:34:00+00:00,7.74,-4.72,1.02,328.60,6.42,9.12
2026-01-09 13:35:00+00:00,7.53,-5.09,0.85,325.91,5.36,9.13
2026-01-09 13:36:00+00:00,7.59,-4.61,1.80,328.72,11.44,9.06
2026-01-09 13:37:00+00:00,7.56,-4.51,1.90,329.15,12.16,9.01
2026-01-09 13:39:00+00:00,7.54,-4.39,1.77,329.79,11.44,8.90
2026-01-09 13:41:00+00:00,8.35,-5.14,1.23,328.39,7.17,9.88
2026-01-09 13:42:00+00:00,8.68,-6.18,-1.06,324.54,-5.67,10.71
2026-01-09 13:43:00+00:00,7.98,-6.64,-2.70,320.25,-14.60,10.73
2026-01-09 13:45:00+00:00,6.65,-7.51,-4.07,311.54,-22.10,10.83
2026-01-09 13:46:00+00:00,8.34,-6.68,-1.92,321.31,-10.17,10.85
2026-01-09 13:47:00+00:00,8.80,-6.36,-1.06,324.15,-5.58,10.91
2026-01-09 13:48:00+00:00,8.83,-6.77,-1.45,322.55,-7.45,11.22
2026-01-09 13:49:00+00:00,8.78,-6.97,-1.76,321.57,-8.93,11.35
2026-01-09 13:50:00+00:00,8.40,-7.05,-2.29,319.99,-11.80,11.20
2026-01-09 13:51:00+00:00,8.24,-7.36,-2.63,318.23,-13.39,11.35
2026-01-09 13:52:00+00:00,8.11,-7.28,-2.40,318.08,-12.40,11.16
2026-01-09 13:53:00+00:00,8.32,-7.12,-2.15,319.43,-11.13,11.16
2026-01-09 13:54:00+00:00,8.22,-7.03,-2.13,319.46,-11.16,11.02
2026-01-09 13:55:00+00:00,8.11,-7.02,-2.42,319.15,-12.70,11.00
2026-01-09 13:56:00+00:00,7.86,-7.01,-2.63,318.26,-14.03,10.85
2026-01-09 13:57:00+00:00,7.67,-6.78,-2.86,318.55,-15.60,10.63
2026-01-09 13:58:00+00:00,7.70,-6.81,-3.10,318.53,-16.80,10.74
2026-01-09 13:59:00+00:00,7.95,-6.42,-2.65,321.07,-14.51,10.56
2026-01-09 14:01:00+00:00,7.93,-6.59,-1.92,320.31,-10.55,10.49
2026-01-09 14:03:00+00:00,7.67,-6.81,-0.98,318.40,-5.45,10.31
2026-01-09 14:05:00+00:00,7.78,-6.80,-0.31,318.85,-1.73,10.33
2026-01-09 14:07:00+00:00,7.40,-6.94,-0.26,316.82,-1.48,10.15
2026-01-09 14:08:00+00:00,6.73,-7.97,-0.74,310.15,-4.06,10.46
2026-01-09 14:09:00+00:00,6.81,-7.92,-1.10,310.67,-6.01,10.50
2026-01-09 14:11:00+00:00,7.76,-6.74,0.10,319.03,0.56,10.28
2026-01-09 14:12:00+00:00,7.78,-6.58,1.41,319.78,7.85,10.29
2026-01-09 14:13:00+00:00,7.47,-4.94,3.62,326.51,22.01,9.66
2026-01-09 14:14:00+00:00,6.71,-6.68,3.39,315.13,19.70,10.05
2026-01-09 14:15:00+00:00,3.83,-9.60,2.11,291.73,11.53,10.55
2026-01-09 14:17:00+00:00,5.39,-7.88,4.71,304.36,26.25,10.64
2026-01-09 14:18:00+00:00,7.45,-6.92,2.97,317.07,16.28,10.59
2026-01-09 14:19:00+00:00,6.62,-7.34,4.20,312.07,23.04,10.74
2026-01-09 14:22:00+00:00,7.88,-6.78,1.24,319.28,6.83,10.47
2026-01-09 14:23:00+00:00,8.37,-6.15,1.06,323.68,5.85,10.44
2026-01-09 14:24:00+00:00,8.50,-6.05,-0.02,324.56,-0.12,10.44
2026-01-09 14:25:00+00:00,7.94,-6.47,-1.27,320.81,-7.08,10.32
2026-01-09 14:26:00+00:00,7.26,-7.33,-1.28,314.71,-7.05,10.39
2026-01-09 14:27:00+00:00,6.95,-7.67,-1.37,312.16,-7.53,10.44
2026-01-09 14:28:00+00:00,6.30,-8.45,-0.63,306.71,-3.43,10.56
2026-01-09 14:29:00+00:00,6.19,-8.71,-0.29,305.41,-1.56,10.68
2026-01-09 14:30:00+00:00,6.67,-8.25,0.01,308.95,0.05,10.61
2026-01-09 14:31:00+00:00,6.78,-8.02,-0.89,310.20,-4.85,10.54
2026-01-09 14:32:00+00:00,6.86,-7.89,-1.75,311.00,-9.53,10.60
2026-01-09 14:33:00+00:00,6.60,-8.22,-2.05,308.78,-11.01,10.74
2026-01-09 14:36:00+00:00,6.48,-8.36,-0.92,307.80,-4.97,10.62
2026-01-09 14:41:00+00:00,7.13,-7.40,-2.04,313.96,-11.24,10.48
2026-01-09 14:42:00+00:00,6.78,-7.85,-2.98,310.82,-16.05,10.79
2026-01-09 14:43:00+00:00,7.30,-6.97,-3.74,316.35,-20.32,10.76
2026-01-09 14:44:00+00:00,7.82,-5.69,-4.19,323.98,-23.42,10.54
2026-01-09 14:45:00+00:00,7.09,-6.05,-4.96,319.51,-28.00,10.55
2026-01-09 14:49:00+00:00,5.72,-9.19,0.67,301.88,3.56,10.84
2026-01-09 14:51:00+00:00,5.63,-9.01,-2.82,301.99,-14.85,10.99
2026-01-09 14:56:00+00:00,4.97,-8.58,-4.10,300.07,-22.49,10.73
2026-01-09 14:57:00+00:00,4.70,-8.36,-5.06,299.34,-27.82,10.84
2026-01-09 14:58:00+00:00,5.36,-7.95,-4.69,303.97,-26.09,10.67
2026-01-09 15:01:00+00:00,4.71,-6.80,-7.01,304.71,-40.29,10.84
2026-01-09 15:05:00+00:00,7.08,-6.88,-1.93,315.82,-11.07,10.06
2026-01-09 15:09:00+00:00,7.04,-3.43,6.14,334.04,38.11,9.95
2026-01-09 15:18:00+00:00,2.28,-3.33,10.13,304.33,68.28,10.90
2026-01-09 15:22:00+00:00,7.00,-5.09,5.30,323.97,31.44,10.15
2026-01-09 15:23:00+00:00,7.63,-6.40,1.80,320.00,10.24,10.12
2026-01-09 15:24:00+00:00,7.64,-5.82,2.31,322.71,13.51,9.88
2026-01-09 15:25:00+00:00,7.49,-6.02,3.27,321.22,18.80,10.15
2026-01-09 15:26:00+00:00,7.36,-6.28,3.45,319.53,19.60,10.27
2026-01-09 15:28:00+00:00,8.23,-5.04,2.55,328.55,14.79,9.98
2026-01-09 15:29:00+00:00,8.56,-5.01,0.58,329.67,3.33,9.94
2026-01-09 15:30:00+00:00,8.45,-5.07,0.59,329.00,3.40,9.87
2026-01-09 15:31:00+00:00,8.21,-5.65,-0.28,325.45,-1.62,9.97
2026-01-09 15:34:00+00:00,8.33,-4.46,-0.43,331.83,-2.58,9.46
2026-01-09 15:38:00+00:00,8.85,-3.21,-2.47,340.05,-14.69,9.73
2026-01-09 15:39:00+00:00,9.00,-3.03,-2.41,341.38,-14.23,9.80
2026-01-09 15:40:00+00:00,9.11,-2.83,-2.66,342.75,-15.61,9.90
2026-01-09 15:41:00+00:00,8.93,-2.56,-3.11,343.97,-18.52,9.80
2026-01-09 15:45:00+00:00,8.91,-4.36,-1.76,333.96,-10.06,10.08
2026-01-09 15:47:00+00:00,8.63,-4.82,-1.00,330.81,-5.79,9.93
2026-01-09 15:48:00+00:00,8.73,-4.68,-0.50,331.79,-2.91,9.91
2026-01-09 15:50:00+00:00,8.42,-4.91,-1.36,329.74,-7.96,9.84
2026-01-09 15:51:00+00:00,8.29,-5.12,-1.28,328.31,-7.47,9.82
2026-01-09 15:53:00+00:00,8.88,-4.20,-0.16,334.71,-0.92,9.82
2026-01-09 16:00:00+00:00,8.23,-4.54,-0.37,331.14,-2.24,9.41
2026-01-09 16:01:00+00:00,8.17,-4.55,-0.34,330.90,-2.11,9.36
2026-01-09 16:02:00+00:00,8.17,-4.28,-1.20,332.33,-7.43,9.30
2026-01-09 16:03:00+00:00,8.08,-3.79,0.04,334.86,0.27,8.92
2026-01-09 16:04:00+00:00,8.11,-4.45,-0.53,331.25,-3.27,9.26
2026-01-09 16:05:00+00:00,7.74,-5.62,-0.65,323.99,-3.91,9.59
2026-01-09 16:06:00+00:00,8.05,-5.08,-0.38,327.73,-2.28,9.53
2026-01-09 16:07:00+00:00,7.80,-5.19,1.05,326.33,6.43,9.43
2026-01-09 16:08:00+00:00,8.50,-3.89,1.64,335.40,9.96,9.49
2026-01-09 16:09:00+00:00,8.62,-3.90,0.53,335.68,3.19,9.47
2026-01-09 16:10:00+00:00,8.31,-4.37,-0.82,332.26,-5.01,9.42
2026-01-09 16:11:00+00:00,8.24,-4.26,1.44,332.67,8.80,9.39
2026-01-09 16:12:00+00:00,8.16,-3.91,2.91,334.40,17.82,9.51
2026-01-09 16:13:00+00:00,8.12,-4.00,2.82,333.75,17.28,9.48
2026-01-09 16:14:00+00:00,7.99,-5.02,-0.56,327.85,-3.40,9.46
2026-01-09 16:15:00+00:00,8.37,-4.60,0.38,331.24,2.29,9.56
2026-01-09 16:16:00+00:00,7.77,-5.29,-0.83,325.74,-5.07,9.44
2026-01-09 16:17:00+00:00,7.51,-5.70,-1.29,322.80,-7.78,9.52
2026-01-09 16:18:00+00:00,7.79,-5.28,-1.20,325.88,-7.28,9.48
2026-01-09 16:19:00+00:00,7.96,-4.96,-1.10,328.05,-6.66,9.44
2026-01-09 16:20:00+00:00,7.80,-5.20,-1.13,326.34,-6.87,9.44
2026-01-09 16:21:00+00:00,7.76,-5.47,-1.21,324.80,-7.26,9.57
2026-01-09 16:22:00+00:00,7.57,-5.52,-1.67,323.91,-10.10,9.52
2026-01-09 16:23:00+00:00,7.56,-5.52,-1.59,323.85,-9.66,9.49
2026-01-09 16:24:00+00:00,7.48,-5.68,-1.86,322.82,-11.23,9.58
2026-01-09 16:25:00+00:00,7.39,-5.98,-1.82,321.04,-10.83,9.68
2026-01-09 16:26:00+00:00,7.05,-6.32,-1.96,318.12,-11.70,9.67
2026-01-09 16:27:00+00:00,6.60,-5.80,-2.31,318.65,-14.75,9.09
2026-01-09 16:28:00+00:00,7.84,-4.36,2.88,330.91,17.79,9.42
2026-01-09 16:29:00+00:00,8.06,-4.61,2.47,330.24,14.89,9.61
2026-01-09 16:30:00+00:00,7.97,-4.47,3.11,330.67,18.82,9.65
2026-01-09 16:31:00+00:00,8.15,-4.51,2.63,331.06,15.79,9.68
2026-01-09 16:32:00+00:00,8.32,-4.19,2.41,333.28,14.50,9.62
2026-01-09 16:33:00+00:00,8.40,-4.08,2.50,334.11,15.01,9.67
2026-01-09 16:34:00+00:00,8.30,-4.08,2.99,333.84,17.93,9.72
2026-01-09 16:35:00+00:00,8.39,-4.14,2.31,333.71,13.88,9.64
2026-01-09 16:36:00+00:00,8.48,-3.89,2.35,335.38,14.16,9.62
2026-01-09 16:37:00+00:00,8.63,-3.66,2.66,337.02,15.84,9.75
2026-01-09 16:38:00+00:00,8.76,-3.83,1.75,336.37,10.37,9.72
2026-01-09 16:39:00+00:00,8.37,-4.55,2.24,331.49,13.25,9.79
2026-01-09 16:40:00+00:00,8.45,-4.10,2.58,334.11,15.38,9.74
2026-01-09 16:41:00+00:00,8.53,-3.74,2.63,336.30,15.79,9.68
2026-01-09 16:42:00+00:00,8.05,-5.10,1.85,327.63,10.96,9.71
2026-01-09 16:43:00+00:00,7.58,-5.81,1.53,322.52,9.08,9.67
2026-01-09 16:44:00+00:00,7.89,-4.68,2.75,329.35,16.66,9.58
2026-01-09 16:45:00+00:00,8.21,-4.34,2.06,332.13,12.52,9.51
2026-01-09 16:46:00+00:00,8.09,-5.12,1.62,327.64,9.58,9.71
2026-01-09 16:47:00+00:00,7.91,-5.01,1.47,327.63,8.95,9.48
2026-01-09 16:48:00+00:00,7.81,-4.60,3.37,329.49,20.38,9.67
2026-01-09 16:49:00+00:00,7.56,-5.27,2.44,325.09,14.82,9.53
2026-01-09 16:50:00+00:00,6.89,-6.51,2.06,316.65,12.29,9.70
2026-01-09 16:51:00+00:00,7.28,-5.81,2.36,321.39,14.23,9.61
2026-01-09 16:52:00+00:00,6.82,-6.25,0.98,317.47,6.05,9.30
2026-01-09 16:53:00+00:00,7.58,-4.84,2.47,327.44,15.35,9.32
2026-01-09 16:54:00+00:00,7.94,-4.33,1.29,331.40,8.12,9.14
2026-01-09 16:55:00+00:00,7.83,-4.43,-0.92,330.52,-5.84,9.04
2026-01-09 16:56:00+00:00,7.15,-3.85,-4.31,331.66,-27.94,9.19
2026-01-09 16:57:00+00:00,5.43,-4.31,-6.59,321.54,-43.54,9.57
2026-01-09 16:58:00+00:00,4.73,-1.83,-8.14,338.82,-58.07,9.59
2026-01-09 16:59:00+00:00,5.74,-7.14,-2.39,308.81,-14.62,9.47
2026-01-09 17:00:00+00:00,5.56,-7.13,-3.95,307.98,-23.60,9.87
2026-01-09 17:01:00+00:00,5.36,-7.15,-4.38,306.86,-26.13,9.95
2026-01-09 17:02:00+00:00,4.93,-7.36,-4.49,303.84,-26.85,9.93
2026-01-09 17:03:00+00:00,5.02,-7.07,-4.73,305.36,-28.62,9.87
2026-01-09 17:04:00+00:00,5.26,-6.62,-4.57,308.47,-28.40,9.61
2026-01-09 17:05:00+00:00,7.46,-5.20,-0.68,325.11,-4.30,9.12
2026-01-09 17:06:00+00:00,7.73,-4.77,0.72,328.34,4.50,9.11
2026-01-09 17:07:00+00:00,8.12,-3.40,-0.83,337.27,-5.39,8.85
2026-01-09 17:08:00+00:00,7.78,-3.63,-2.29,335.01,-14.95,8.89
2026-01-09 17:09:00+00:00,7.46,-2.77,-3.94,339.66,-26.35,8.88
2026-01-09 17:10:00+00:00,6.72,-5.05,-2.71,323.08,-17.88,8.84
2026-01-09 17:11:00+00:00,5.86,-6.45,-0.54,312.23,-3.52,8.73
2026-01-09 17:12:00+00:00,5.36,-7.32,-1.10,306.20,-6.90,9.14
2026-01-09 17:13:00+00:00,5.91,-6.36,-3.27,312.88,-20.61,9.28
2026-01-09 17:14:00+00:00,6.58,-3.66,-4.64,330.88,-31.65,8.84
2026-01-09 17:15:00+00:00,5.99,-5.66,-3.78,316.66,-24.65,9.07
2026-01-09 17:16:00+00:00,5.39,-6.28,-3.92,310.62,-25.33,9.16
2026-01-09 17:17:00+00:00,5.78,-5.28,-4.99,317.57,-32.50,9.28
2026-01-09 17:18:00+00:00,6.05,-4.10,-6.09,325.87,-39.80,9.52
2026-01-09 17:19:00+00:00,5.64,-4.02,-5.05,324.53,-36.09,8.56
2026-01-09 17:20:00+00:00,7.19,-4.98,1.65,325.31,10.69,8.90
2026-01-09 17:21:00+00:00,6.16,-3.83,5.02,328.16,34.67,8.82
2026-01-09 17:22:00+00:00,6.82,-3.48,4.12,332.98,28.27,8.69
2026-01-09 17:23:00+00:00,6.98,-3.14,4.01,335.79,27.68,8.64
2026-01-09 17:24:00+00:00,6.39,-1.43,5.33,347.38,39.18,8.44
2026-01-09 17:25:00+00:00,5.07,-1.41,5.78,344.48,47.66,7.82
2026-01-09 17:26:00+00:00,5.79,-4.20,5.63,324.03,38.22,9.11
2026-01-09 17:27:00+00:00,6.52,-4.05,5.11,328.15,33.63,9.22
2026-01-09 17:28:00+00:00,7.36,-4.86,3.47,326.53,21.50,9.48
2026-01-09 17:29:00+00:00,7.54,-4.94,2.68,326.73,16.54,9.40
2026-01-09 17:30:00+00:00,6.79,-5.33,4.51,321.88,27.60,9.74
2026-01-09 17:31:00+00:00,6.87,-5.71,3.91,320.26,23.64,9.75
2026-01-09 17:32:00+00:00,5.53,-5.91,5.35,313.12,33.47,9.70
2026-01-09 17:33:00+00:00,3.83,-7.43,4.34,297.26,27.43,9.41
2026-01-09 17:34:00+00:00,4.70,-7.33,4.48,302.69,27.24,9.79
2026-01-09 17:35:00+00:00,4.65,-7.70,4.49,301.16,26.55,10.05
2026-01-09 17:36:00+00:00,6.06,-5.86,3.58,315.96,23.01,9.16
2026-01-09 17:37:00+00:00,6.90,-5.67,2.91,320.62,18.08,9.39
2026-01-09 17:38:00+00:00,7.99,-4.08,3.10,332.96,19.06,9.49
2026-01-09 17:39:00+00:00,7.58,-4.99,2.97,326.65,18.11,9.55
2026-01-09 17:40:00+00:00,6.55,-6.19,3.64,316.62,22.01,9.72
2026-01-09 17:41:00+00:00,6.76,-6.44,2.75,316.39,16.38,9.74
2026-01-09 17:42:00+00:00,4.84,-8.21,1.41,300.55,8.42,9.63
2026-01-09 17:43:00+00:00,5.67,-7.56,1.76,306.89,10.53,9.61
2026-01-09 17:44:00+00:00,6.05,-6.88,-0.54,311.32,-3.38,9.18
2026-01-09 17:45:00+00:00,6.47,-5.83,-1.02,317.98,-6.65,8.77
2026-01-09 17:46:00+00:00,5.61,-6.28,-2.84,311.81,-18.62,8.89
2026-01-09 17:47:00+00:00,4.61,-7.22,-3.31,302.53,-21.11,9.18
2026-01-09 17:48:00+00:00,5.58,-6.03,-3.36,312.76,-22.25,8.88
2026-01-09 17:49:00+00:00,4.76,-6.00,-4.52,308.40,-30.58,8.89
2026-01-09 17:50:00+00:00,4.23,-4.60,-6.48,312.58,-46.02,9.00
2026-01-09 17:51:00+00:00,5.96,-3.65,-5.25,328.55,-36.89,8.74
2026-01-09 17:52:00+00:00,3.20,-3.82,3.48,309.96,34.93,6.07
2026-01-09 17:53:00+00:00,4.24,-6.03,5.96,305.06,38.96,9.48
2026-01-09 17:54:00+00:00,4.75,-6.31,5.79,306.95,36.21,9.79
2026-01-09 17:55:00+00:00,4.62,-6.75,5.34,304.37,33.15,9.77
2026-01-09 17:56:00+00:00,5.11,-7.29,3.96,305.07,24.01,9.74
2026-01-09 17:57:00+00:00,5.67,-7.28,2.86,307.90,17.24,9.66
2026-01-09 17:58:00+00:00,5.96,-6.98,2.63,310.51,16.00,9.54
2026-01-09 17:59:00+00:00,6.11,-6.90,1.08,311.55,6.67,9.28
2026-01-09 18:00:00+00:00,5.94,-7.15,-0.09,309.71,-0.55,9.30
2026-01-09 18:01:00+00:00,6.23,-6.76,-0.62,312.66,-3.89,9.21
2026-01-09 18:02:00+00:00,7.77,-4.84,1.53,328.09,9.50,9.27
2026-01-09 18:03:00+00:00,7.39,-5.48,0.25,323.45,1.55,9.20
2026-01-09 18:04:00+00:00,6.58,-5.07,-0.82,322.40,-5.63,8.34
2026-01-09 18:05:00+00:00,7.05,-5.77,-0.48,320.72,-3.01,9.12
2026-01-09 18:06:00+00:00,6.87,-4.96,-2.88,324.17,-18.76,8.95
2026-01-09 18:07:00+00:00,6.76,-5.67,-2.19,320.01,-13.94,9.09
2026-01-09 18:08:00+00:00,6.87,-5.05,-3.03,323.69,-19.58,9.05
2026-01-09 18:09:00+00:00,7.97,-3.16,-2.31,338.40,-15.06,8.88
2026-01-09 18:10:00+00:00,6.84,-5.36,-2.56,321.89,-16.44,9.06
2026-01-09 18:11:00+00:00,7.18,-5.09,-1.89,324.69,-12.10,9.00
2026-01-09 18:12:00+00:00,7.17,-5.12,-1.94,324.47,-12.40,9.02
2026-01-09 18:13:00+00:00,7.45,-4.56,-1.70,328.52,-11.02,8.90
2026-01-09 18:14:00+00:00,7.59,-4.78,-1.36,327.80,-8.63,9.07
2026-01-09 18:15:00+00:00,7.85,-4.20,-0.96,331.86,-6.15,8.95
2026-01-09 18:16:00+00:00,7.34,-4.80,-1.74,326.82,-11.19,8.94
2026-01-09 18:17:00+00:00,7.26,-5.19,-0.98,324.43,-6.27,8.98
2026-01-09 18:18:00+00:00,7.72,-3.84,-1.40,333.55,-9.25,8.73
2026-01-09 18:19:00+00:00,7.87,-3.35,-1.09,336.91,-7.27,8.63
2026-01-09 18:20:00+00:00,7.89,-3.23,-1.56,337.77,-10.34,8.67
2026-01-09 18:21:00+00:00,6.98,-0.76,-2.74,353.77,-21.34,7.53
2026-01-09 18:22:00+00:00,4.35,5.58,-4.28,52.05,-31.15,8.27
2026-01-09 18:23:00+00:00,4.29,5.77,-4.47,53.35,-31.86,8.46
2026-01-09 18:24:00+00:00,4.45,5.63,-4.24,51.68,-30.61,8.33
2026-01-09 18:25:00+00:00,3.92,5.94,-4.57,56.56,-32.71,8.46
2026-01-09 18:26:00+00:00,3.21,5.90,-4.71,61.44,-35.01,8.20
2026-01-09 18:27:00+00:00,4.74,5.14,-4.49,47.29,-32.69,8.31
2026-01-09 18:28:00+00:00,6.39,4.10,-3.29,32.67,-23.46,8.27
2026-01-09 18:29:00+00:00,6.96,2.88,-3.46,22.45,-24.65,8.29
2026-01-09 18:30:00+00:00,6.37,3.44,-3.55,28.36,-26.09,8.06
2026-01-09 18:31:00+00:00,5.34,4.84,-3.81,42.19,-27.84,8.16
2026-01-09 18:32:00+00:00,4.67,5.71,-4.00,50.69,-28.46,8.39
2026-01-09 18:33:00+00:00,5.63,5.12,-3.24,42.26,-23.05,8.27
2026-01-09 18:34:00+00:00,6.10,4.97,-2.73,39.17,-19.13,8.32
2026-01-09 18:35:00+00:00,6.88,3.14,-2.51,24.55,-18.34,7.97
2026-01-09 18:36:00+00:00,7.19,3.66,-1.80,26.97,-12.58,8.27
2026-01-09 18:37:00+00:00,7.24,3.48,-2.23,25.64,-15.51,8.34
2026-01-09 18:38:00+00:00,5.70,4.07,-3.65,35.51,-27.50,7.90
2026-01-09 18:39:00+00:00,6.04,3.53,-5.09,30.31,-36.07,8.65
2026-01-09 18:40:00+00:00,6.97,2.48,-3.79,19.58,-27.14,8.31
2026-01-09 18:41:00+00:00,6.79,1.38,-4.45,11.53,-32.70,8.23
2026-01-09 18:42:00+00:00,6.20,1.46,-5.60,13.23,-41.35,8.48
2026-01-09 18:43:00+00:00,6.31,3.20,-4.22,26.93,-30.82,8.24
2026-01-09 18:44:00+00:00,6.72,3.27,-3.57,25.94,-25.54,8.28
2026-01-09 18:45:00+00:00,6.82,2.64,-3.76,21.18,-27.23,8.23
2026-01-09 18:46:00+00:00,5.61,4.27,-3.58,37.26,-26.94,7.90
2026-01-09 18:47:00+00:00,6.48,2.17,-3.13,18.54,-24.58,7.52
2026-01-09 18:48:00+00:00,7.99,0.32,-3.15,2.28,-21.49,8.59
2026-01-09 18:49:00+00:00,7.85,0.64,-3.22,4.69,-22.25,8.51
2026-01-09 18:50:00+00:00,7.48,-0.20,-2.76,358.48,-20.24,7.97
2026-01-09 18:51:00+00:00,6.98,-2.53,-3.04,340.05,-22.29,8.03
2026-01-09 18:52:00+00:00,7.54,-1.74,-2.34,347.00,-16.80,8.09
2026-01-09 18:53:00+00:00,7.28,-2.60,-2.39,340.38,-17.17,8.09
2026-01-09 18:54:00+00:00,7.16,-3.19,-2.27,336.00,-16.18,8.16
2026-01-09 18:55:00+00:00,6.36,-4.22,-1.51,326.47,-11.20,7.78
2026-01-09 18:56:00+00:00,5.06,-6.29,0.38,308.79,2.71,8.08
2026-01-09 18:57:00+00:00,5.56,-5.48,0.66,315.40,4.81,7.84
2026-01-09 18:58:00+00:00,4.24,-6.07,1.95,304.94,14.72,7.66
2026-01-09 18:59:00+00:00,4.45,-5.87,2.99,307.18,22.10,7.95
2026-01-09 19:00:00+00:00,4.34,-4.45,3.21,314.29,27.32,7.00
2026-01-09 19:01:00+00:00,6.44,-3.97,0.06,328.38,0.44,7.57
2026-01-09 19:02:00+00:00,7.23,-2.16,-0.73,343.38,-5.55,7.58
2026-01-09 19:03:00+00:00,7.12,-1.77,0.93,346.03,7.22,7.39
2026-01-09 19:04:00+00:00,5.92,-3.84,2.45,327.03,19.15,7.47
2026-01-09 19:05:00+00:00,4.22,-5.51,2.38,307.48,18.93,7.34
2026-01-09 19:06:00+00:00,3.13,-6.42,2.03,296.03,15.87,7.42
2026-01-09 19:07:00+00:00,1.34,-5.99,3.90,282.61,32.46,7.27
2026-01-09 19:08:00+00:00,1.43,-4.18,5.36,288.94,50.55,6.95
2026-01-09 19:09:00+00:00,5.16,-5.42,1.42,313.57,10.71,7.61
2026-01-09 19:10:00+00:00,5.61,-5.31,0.98,316.62,7.24,7.79
2026-01-09 19:11:00+00:00,4.31,-6.36,-1.82,304.16,-13.34,7.89
2026-01-09 19:12:00+00:00,5.08,-5.32,2.21,313.64,16.69,7.68
2026-01-09 19:13:00+00:00,5.95,-4.81,1.65,321.07,12.19,7.83
2026-01-09 19:14:00+00:00,5.64,-5.27,2.07,316.90,15.03,7.99
2026-01-09 19:15:00+00:00,5.51,-5.24,1.91,316.41,14.09,7.84
2026-01-09 19:16:00+00:00,5.55,-5.75,0.16,313.95,1.15,7.99
2026-01-09 19:17:00+00:00,5.56,-5.26,-2.25,316.57,-16.39,7.97
2026-01-09 19:18:00+00:00,4.78,-3.79,-5.02,321.54,-39.43,7.90
2026-01-09 19:19:00+00:00,2.63,-5.44,-5.08,295.81,-40.04,7.89
2026-01-09 19:20:00+00:00,0.68,-5.20,-6.05,277.46,-49.08,8.01
2026-01-09 19:21:00+00:00,-0.14,-4.59,-6.43,268.19,-54.49,7.90
2026-01-09 19:22:00+00:00,5.51,-5.01,-0.58,317.75,-4.44,7.47
2026-01-09 19:23:00+00:00,5.17,-5.45,0.24,313.47,1.83,7.52
2026-01-09 19:24:00+00:00,3.31,-7.14,-1.54,294.91,-11.09,8.02
2026-01-09 19:25:00+00:00,3.81,-7.07,-1.63,298.32,-11.46,8.20
2026-01-09 19:26:00+00:00,3.69,-6.94,-1.92,297.99,-13.72,8.08
2026-01-09 19:27:00+00:00,3.97,-6.11,-3.73,302.98,-27.12,8.19
2026-01-09 19:28:00+00:00,6.16,-2.99,-3.57,334.11,-27.55,7.72
2026-01-09 19:29:00+00:00,6.65,-3.82,-0.64,330.11,-4.74,7.70
2026-01-09 19:30:00+00:00,5.76,0.60,-4.45,5.90,-37.53,7.31
2026-01-09 19:31:00+00:00,7.01,-1.91,-1.18,344.72,-9.25,7.36
2026-01-09 19:32:00+00:00,7.39,-1.60,-1.54,347.76,-11.50,7.72
2026-01-09 19:33:00+00:00,6.14,-4.79,0.88,322.07,6.45,7.83
2026-01-09 19:34:00+00:00,6.65,-4.32,0.11,326.96,0.77,7.93
2026-01-09 19:35:00+00:00,7.04,-3.69,0.86,332.31,6.19,7.99
2026-01-09 19:36:00+00:00,6.89,-3.85,0.12,330.85,0.84,7.90
2026-01-09 19:37:00+00:00,6.71,-4.08,0.19,328.71,1.39,7.85
2026-01-09 19:38:00+00:00,7.28,-2.33,-0.66,342.27,-4.95,7.67
2026-01-09 19:39:00+00:00,7.29,-1.95,-1.34,345.06,-10.03,7.67
2026-01-09 19:40:00+00:00,7.04,-1.92,-2.51,344.78,-18.95,7.72
2026-01-09 19:41:00+00:00,6.84,-2.00,-2.95,343.74,-22.50,7.71
2026-01-09 19:42:00+00:00,5.85,-3.86,-1.10,326.58,-8.96,7.09
2026-01-09 19:43:00+00:00,5.68,-5.55,-0.16,315.66,-1.18,7.94
2026-01-09 19:44:00+00:00,6.67,-3.60,-1.83,331.63,-13.57,7.80
2026-01-09 19:45:00+00:00,6.98,-2.23,-2.31,342.32,-17.47,7.69
2026-01-09 19:46:00+00:00,7.00,-2.03,-2.38,343.86,-18.10,7.67
2026-01-09 19:47:00+00:00,6.82,-2.38,-2.48,340.76,-18.93,7.64
2026-01-09 19:48:00+00:00,6.45,-2.95,-3.09,335.40,-23.57,7.74
2026-01-09 19:49:00+00:00,6.81,-2.66,-2.76,338.64,-20.66,7.82
2026-01-09 19:50:00+00:00,6.21,-2.03,-4.46,341.92,-34.35,7.91
2026-01-09 19:51:00+00:00,6.96,-3.04,-1.52,336.40,-11.28,7.75
2026-01-09 19:52:00+00:00,6.99,-2.99,-0.13,336.79,-0.95,7.60
2026-01-09 19:53:00+00:00,6.90,-0.98,-3.23,351.93,-24.92,7.68
2026-01-09 19:54:00+00:00,7.47,-1.41,-1.19,349.28,-8.88,7.69
2026-01-09 19:55:00+00:00,7.45,-1.79,0.21,346.47,1.56,7.67
2026-01-09 19:56:00+00:00,6.45,-3.72,1.00,330.04,7.65,7.52
2026-01-09 19:57:00+00:00,6.31,-4.94,-0.53,321.93,-3.76,8.03
2026-01-09 19:58:00+00:00,4.32,-6.40,3.50,304.03,24.37,8.48
2026-01-09 19:59:00+00:00,4.41,-6.38,3.45,304.68,23.99,8.49
2026-01-09 20:00:00+00:00,5.44,-5.86,2.32,312.87,16.16,8.32
2026-01-09 20:01:00+00:00,4.66,-6.78,1.89,304.53,12.91,8.44
2026-01-09 20:02:00+00:00,5.40,-6.21,0.19,311.05,1.32,8.23
2026-01-09 20:03:00+00:00,5.00,-5.34,-2.88,313.11,-21.49,7.86
2026-01-09 20:04:00+00:00,3.37,-6.83,-3.00,296.23,-21.48,8.19
2026-01-09 20:05:00+00:00,4.11,-6.73,-0.72,301.39,-5.24,7.91
2026-01-09 20:06:00+00:00,2.51,-7.42,4.16,288.72,27.98,8.87
2026-01-09 20:07:00+00:00,1.99,-7.63,4.27,284.62,28.45,8.97
2026-01-09 20:08:00+00:00,1.86,-8.13,3.47,282.87,22.60,9.03
2026-01-09 20:09:00+00:00,2.04,-8.11,3.27,284.12,21.34,8.98
2026-01-09 20:10:00+00:00,1.74,-8.17,3.26,282.00,21.34,8.97
2026-01-09 20:11:00+00:00,0.60,-5.83,6.61,275.88,48.42,8.84
2026-01-09 20:12:00+00:00,-0.85,-6.86,6.02,262.91,41.04,9.16
2026-01-09 20:13:00+00:00,-1.29,-7.04,5.94,259.61,39.70,9.31
2026-01-09 20:14:00+00:00,-1.50,-7.37,5.46,258.51,35.98,9.30
2026-01-09 20:20:00+00:00,0.61,-7.61,4.96,274.57,33.03,9.10
2026-01-09 20:25:00+00:00,-1.32,-7.52,5.34,260.03,34.96,9.32
2026-01-09 20:26:00+00:00,1.42,-6.18,5.97,282.99,43.27,8.70
2026-01-09 20:27:00+00:00,3.03,-5.54,6.40,298.68,45.42,8.99
2026-01-09 20:28:00+00:00,2.68,-5.64,6.49,295.44,46.09,9.01
2026-01-09 20:29:00+00:00,2.28,-5.45,5.21,292.73,41.40,7.88
2026-01-09 20:30:00+00:00,1.94,-5.46,5.66,289.58,44.33,8.10
2026-01-09 20:31:00+00:00,1.94,-4.80,6.67,292.00,52.18,8.45
2026-01-09 20:32:00+00:00,1.86,-3.52,7.74,297.79,62.80,8.71
2026-01-09 20:33:00+00:00,1.70,-4.77,6.95,289.60,53.93,8.60
2026-01-09 20:34:00+00:00,4.59,-3.27,5.84,324.53,46.01,8.11
2026-01-09 20:35:00+00:00,5.92,-4.21,3.37,324.57,24.87,8.01
2026-01-09 20:36:00+00:00,6.66,-4.18,1.11,327.88,8.04,7.94
2026-01-09 20:37:00+00:00,5.40,-5.71,0.75,313.39,5.43,7.89
2026-01-09 20:38:00+00:00,4.63,-6.89,-0.23,303.89,-1.59,8.30
2026-01-09 20:39:00+00:00,3.45,-6.53,0.42,297.82,3.23,7.40
2026-01-09 20:40:00+00:00,2.17,-6.82,3.16,287.61,23.79,7.83
2026-01-09 20:41:00+00:00,2.37,-7.50,3.11,287.53,21.59,8.46
2026-01-09 20:42:00+00:00,-0.22,-7.34,4.07,268.31,28.98,8.40
2026-01-09 20:43:00+00:00,0.98,-7.97,1.63,276.98,11.46,8.20
2026-01-09 20:44:00+00:00,2.52,-6.66,3.86,290.76,28.44,8.10
2026-01-09 20:45:00+00:00,0.02,-7.66,3.59,270.12,25.11,8.46
2026-01-09 20:46:00+00:00,-2.22,-7.89,1.60,254.31,11.07,8.35
2026-01-09 20:47:00+00:00,-3.14,-7.73,0.89,247.90,6.08,8.39
2026-01-09 20:48:00+00:00,-4.61,-7.10,1.91,237.00,12.68,8.68
2026-01-09 20:49:00+00:00,2.14,-6.24,4.10,288.94,31.89,7.77
2026-01-09 20:50:00+00:00,6.54,-0.48,3.90,355.81,30.73,7.62
2026-01-09 20:51:00+00:00,5.30,-1.01,1.81,349.24,18.57,5.69
2026-01-09 20:52:00+00:00,3.63,-0.84,2.00,346.96,28.16,4.23
2026-01-09 20:53:00+00:00,4.14,-0.78,2.25,349.35,28.10,4.78
2026-01-09 20:54:00+00:00,5.18,0.80,1.26,8.81,13.49,5.39
2026-01-09 20:55:00+00:00,5.35,-1.38,1.87,345.49,18.73,5.83
2026-01-09 20:56:00+00:00,5.04,-1.77,1.68,340.71,17.46,5.60
2026-01-09 20:57:00+00:00,4.88,-0.68,0.06,352.03,0.67,4.93
2026-01-09 20:58:00+00:00,5.79,-0.98,2.13,350.35,19.93,6.25
2026-01-09 20:59:00+00:00,6.67,-0.83,1.55,352.90,12.98,6.90
2026-01-09 21:00:00+00:00,6.03,0.40,0.43,3.83,4.07,6.06
2026-01-09 21:01:00+00:00,5.71,-0.06,0.78,359.36,7.74,5.77
2026-01-09 21:02:00+00:00,5.89,-0.48,1.02,355.34,9.75,6.00
2026-01-09 21:03:00+00:00,6.00,-1.45,-0.01,346.40,-0.05,6.17
2026-01-09 21:04:00+00:00,5.71,-0.88,-0.24,351.25,-2.33,5.79
2026-01-09 21:05:00+00:00,5.57,-1.86,0.18,341.55,1.74,5.88
2026-01-09 21:06:00+00:00,5.10,-1.28,0.25,345.90,2.75,5.26
2026-01-09 21:07:00+00:00,5.72,-1.89,1.11,341.70,10.47,6.13
2026-01-09 21:08:00+00:00,4.76,-2.33,-0.30,333.87,-3.19,5.31
2026-01-09 21:09:00+00:00,4.53,-0.02,0.42,359.77,5.35,4.55
2026-01-09 21:10:00+00:00,4.24,-1.29,0.50,343.11,6.49,4.46
2026-01-09 21:11:00+00:00,4.20,-0.28,0.40,356.12,5.40,4.23
2026-01-09 21:12:00+00:00,4.14,-2.14,-0.61,332.67,-7.44,4.70
2026-01-09 21:13:00+00:00,3.59,-0.92,0.71,345.65,10.88,3.77
2026-01-09 21:14:00+00:00,3.48,-3.01,-1.21,319.16,-14.71,4.75
2026-01-09 21:15:00+00:00,3.86,-3.62,-1.46,316.80,-15.39,5.49
2026-01-09 21:16:00+00:00,3.44,-1.21,-1.44,340.70,-21.50,3.92
2026-01-09 21:17:00+00:00,4.45,-1.52,-1.84,341.11,-21.34,5.05
2026-01-09 21:18:00+00:00,4.63,-3.29,-1.76,324.63,-17.23,5.95
2026-01-09 21:19:00+00:00,4.00,-1.13,-1.86,344.21,-24.12,4.56
2026-01-09 21:20:00+00:00,4.23,-0.24,-0.15,356.74,-2.08,4.24
2026-01-09 21:21:00+00:00,3.69,-1.68,-0.70,335.48,-9.83,4.12
2026-01-09 21:22:00+00:00,3.88,-2.95,0.45,322.74,5.30,4.89
2026-01-09 21:23:00+00:00,3.32,-1.28,-1.70,338.93,-25.51,3.94
2026-01-09 21:24:00+00:00,3.79,-0.96,-2.49,345.77,-32.45,4.64
2026-01-09 21:25:00+00:00,0.46,1.27,-3.85,70.17,-70.70,4.08
2026-01-09 21:26:00+00:00,-0.40,0.92,-1.76,113.32,-60.30,2.02
2026-01-09 21:27:00+00:00,1.13,0.11,-1.55,5.71,-53.78,1.92
2026-01-09 21:28:00+00:00,0.81,2.18,-3.53,69.59,-56.68,4.23
2026-01-09 21:29:00+00:00,2.98,0.75,-2.99,14.20,-44.27,4.29
2026-01-09 21:30:00+00:00,3.10,0.10,-2.55,1.84,-39.45,4.02
2026-01-09 21:31:00+00:00,3.39,1.67,-1.68,26.18,-24.02,4.13
2026-01-09 21:32:00+00:00,4.41,-0.14,-1.82,358.17,-22.43,4.78
2026-01-09 21:33:00+00:00,5.06,-0.39,-2.12,355.64,-22.62,5.50
2026-01-09 21:34:00+00:00,3.44,0.51,-0.43,8.52,-7.06,3.50
2026-01-09 21:35:00+00:00,3.53,-0.97,1.13,344.68,17.10,3.83
2026-01-09 21:36:00+00:00,3.91,-1.00,-0.58,345.64,-8.19,4.08
2026-01-09 21:37:00+00:00,4.21,-0.65,0.11,351.23,1.46,4.26
2026-01-09 21:38:00+00:00,3.60,-1.58,1.44,336.36,20.15,4.19
2026-01-09 21:39:00+00:00,4.05,-1.76,-0.49,336.56,-6.31,4.44
2026-01-09 21:40:00+00:00,3.58,-1.15,-0.84,342.18,-12.58,3.86
2026-01-09 21:41:00+00:00,3.98,-0.22,-1.12,356.83,-15.66,4.14
2026-01-09 21:42:00+00:00,5.01,-0.99,0.01,348.78,0.06,5.10
2026-01-09 21:43:00+00:00,5.00,-1.89,-0.45,339.28,-4.79,5.37
2026-01-09 21:44:00+00:00,4.65,-1.60,-0.90,341.01,-10.41,5.00
2026-01-09 21:45:00+00:00,4.73,-1.27,-1.92,344.95,-21.42,5.26
2026-01-09 21:46:00+00:00,3.89,0.42,-2.48,6.19,-32.39,4.63
2026-01-09 21:47:00+00:00,5.47,-1.60,-0.82,343.70,-8.14,5.76
2026-01-09 21:48:00+00:00,5.77,-0.08,-0.19,359.18,-1.89,5.78
2026-01-09 21:49:00+00:00,4.88,-0.79,-0.67,350.76,-7.67,4.99
2026-01-09 21:50:00+00:00,5.32,-0.62,-1.20,353.34,-12.59,5.49
2026-01-09 21:51:00+00:00,5.26,-0.86,-0.79,350.75,-8.48,5.39
2026-01-09 21:52:00+00:00,3.48,-1.26,1.98,340.04,28.12,4.20
2026-01-09 21:53:00+00:00,2.59,-0.42,-2.92,350.81,-48.02,3.93
2026-01-09 21:54:00+00:00,1.05,-0.74,1.14,324.92,41.71,1.72
2026-01-09 21:55:00+00:00,2.24,-2.36,1.08,313.52,18.45,3.43
2026-01-09 21:56:00+00:00,2.22,-1.65,0.39,323.29,8.10,2.79
2026-01-09 21:57:00+00:00,2.20,-3.00,2.04,306.33,28.70,4.24
2026-01-09 21:58:00+00:00,1.64,-2.43,0.67,304.02,12.77,3.01
2026-01-09 22:01:00+00:00,0.29,-6.90,-2.49,272.43,-19.83,7.34
2026-01-09 22:02:00+00:00,0.79,-4.89,-1.90,279.23,-21.01,5.30
2026-01-09 22:03:00+00:00,2.29,-4.86,0.39,295.24,4.14,5.39
2026-01-09 22:04:00+00:00,2.05,-4.72,-0.37,293.44,-4.08,5.16
2026-01-09 22:05:00+00:00,3.61,-4.34,0.66,309.70,6.69,5.68
2026-01-09 22:06:00+00:00,2.81,-4.12,-1.98,304.28,-21.70,5.37
2026-01-09 22:07:00+00:00,3.14,-3.33,-2.73,313.31,-30.79,5.33
2026-01-09 22:08:00+00:00,2.62,-4.28,-0.80,301.47,-9.06,5.09
2026-01-09 22:09:00+00:00,3.71,-2.62,-4.31,324.80,-43.51,6.26
2026-01-09 22:10:00+00:00,3.10,-2.55,-3.27,320.61,-39.14,5.17
2026-01-09 22:11:00+00:00,3.78,-3.64,-1.76,316.11,-18.57,5.54
2026-01-09 22:12:00+00:00,4.61,-3.41,-2.20,323.51,-21.04,6.14
2026-01-09 22:13:00+00:00,4.07,-2.19,-3.13,331.78,-34.14,5.58
2026-01-09 22:14:00+00:00,5.45,-1.15,-1.22,348.12,-12.32,5.70
2026-01-09 22:15:00+00:00,5.82,-1.54,-1.71,345.21,-15.88,6.26
2026-01-09 22:16:00+00:00,5.83,-1.18,-2.34,348.58,-21.48,6.39
2026-01-09 22:17:00+00:00,3.23,-3.11,0.55,316.02,6.95,4.52
2026-01-09 22:18:00+00:00,5.74,-1.62,-0.21,344.21,-1.98,5.97
2026-01-09 22:19:00+00:00,5.57,-2.47,0.24,336.07,2.24,6.10
2026-01-09 22:20:00+00:00,5.63,-1.42,0.52,345.85,5.13,5.83
2026-01-09 22:21:00+00:00,6.38,-0.26,0.67,357.68,5.96,6.42
2026-01-09 22:22:00+00:00,6.66,0.12,-0.85,1.05,-7.25,6.72
2026-01-09 22:23:00+00:00,6.70,0.59,-0.75,5.04,-6.34,6.77
2026-01-09 22:24:00+00:00,6.64,0.09,-1.14,0.78,-9.70,6.74
2026-01-09 22:25:00+00:00,6.30,-0.97,-0.87,351.20,-7.79,6.43
2026-01-09 22:26:00+00:00,6.22,-0.75,-1.51,353.11,-13.52,6.44
2026-01-09 22:27:00+00:00,6.19,-0.64,-1.62,354.09,-14.60,6.43
2026-01-09 22:28:00+00:00,6.20,-0.76,-0.95,353.04,-8.69,6.32
2026-01-09 22:29:00+00:00,5.63,-2.25,-0.02,338.25,-0.23,6.06
2026-01-09 22:30:00+00:00,6.18,-0.49,-1.60,355.47,-14.46,6.40
2026-01-09 22:31:00+00:00,6.41,-0.80,-0.40,352.85,-3.57,6.47
2026-01-09 22:32:00+00:00,6.02,-1.74,-0.13,343.89,-1.21,6.26
2026-01-09 22:33:00+00:00,5.80,-1.17,0.44,348.58,4.27,5.94
2026-01-09 22:34:00+00:00,4.10,-1.38,2.11,341.39,26.03,4.81
2026-01-09 22:35:00+00:00,5.86,-0.34,0.33,356.71,3.20,5.87
2026-01-09 22:36:00+00:00,5.80,-2.22,1.47,339.05,13.34,6.38
2026-01-09 22:37:00+00:00,5.94,-1.90,1.54,342.28,13.87,6.43
2026-01-09 22:38:00+00:00,4.97,-1.83,1.83,339.84,19.08,5.61
2026-01-09 22:39:00+00:00,4.04,-1.90,2.22,334.79,26.50,4.99
2026-01-09 22:40:00+00:00,4.24,-1.86,1.86,336.34,21.88,4.98
2026-01-09 22:41:00+00:00,5.09,-2.17,2.37,336.88,23.20,6.02
2026-01-09 22:42:00+00:00,5.25,-1.86,2.23,340.52,21.78,6.00
2026-01-09 22:43:00+00:00,5.24,-2.54,1.98,334.19,18.79,6.15
2026-01-09 22:44:00+00:00,5.05,-3.20,0.66,327.61,6.34,6.02
2026-01-09 22:45:00+00:00,2.78,-3.87,-2.38,305.68,-26.54,5.33
2026-01-09 22:46:00+00:00,2.12,-5.33,-0.99,291.70,-9.77,5.82
2026-01-09 22:47:00+00:00,3.00,-3.90,-3.04,307.58,-31.70,5.79
2026-01-09 22:48:00+00:00,1.40,-4.68,-2.08,286.69,-23.02,5.31
2026-01-09 22:49:00+00:00,4.57,-1.57,1.66,341.10,18.99,5.11
2026-01-09 22:50:00+00:00,5.41,-2.19,1.51,337.93,14.48,6.03
2026-01-09 22:51:00+00:00,6.01,-1.80,0.93,343.29,8.47,6.34
2026-01-09 22:52:00+00:00,6.22,-1.68,0.57,344.89,5.09,6.47
2026-01-09 22:53:00+00:00,6.52,-0.95,-0.03,351.71,-0.22,6.59
2026-01-09 22:54:00+00:00,6.90,-0.17,-0.15,358.58,-1.24,6.90
2026-01-09 22:55:00+00:00,6.77,-0.22,-0.29,358.11,-2.46,6.78
2026-01-09 22:56:00+00:00,6.78,-0.23,-0.02,358.06,-0.21,6.79
2026-01-09 22:57:00+00:00,6.83,-0.74,-0.33,353.80,-2.73,6.88
2026-01-09 22:58:00+00:00,6.37,-1.63,-0.89,345.60,-7.73,6.63
2026-01-09 22:59:00+00:00,5.35,-2.66,0.13,333.59,1.22,5.98
2026-01-09 23:00:00+00:00,4.14,-2.90,0.01,325.03,0.08,5.05
2026-01-09 23:01:00+00:00,3.43,-3.85,-1.94,311.68,-20.62,5.51
2026-01-09 23:02:00+00:00,1.34,-4.13,-2.83,288.04,-33.11,5.18
2026-01-09 23:03:00+00:00,1.44,-4.06,-3.05,289.49,-35.30,5.28
2026-01-09 23:04:00+00:00,1.43,-3.87,-2.35,290.24,-29.65,4.75
2026-01-09 23:05:00+00:00,1.69,-4.21,-2.00,291.81,-23.75,4.96
2026-01-09 23:06:00+00:00,0.43,-4.42,-3.77,275.56,-40.36,5.83
2026-01-09 23:07:00+00:00,-0.04,-4.07,-0.34,269.42,-4.76,4.08
2026-01-09 23:08:00+00:00,3.66,-2.35,4.29,327.27,44.61,6.11
2026-01-09 23:09:00+00:00,4.21,-3.49,3.27,320.32,30.92,6.37
2026-01-09 23:10:00+00:00,4.20,-4.51,1.97,312.95,17.71,6.46
2026-01-09 23:11:00+00:00,4.71,-2.98,2.84,327.63,27.03,6.26
2026-01-09 23:12:00+00:00,3.96,-3.12,4.41,321.71,41.18,6.70
2026-01-09 23:13:00+00:00,4.52,-3.31,3.45,323.78,31.65,6.58
2026-01-09 23:14:00+00:00,4.70,-3.82,2.52,320.90,22.60,6.56
2026-01-09 23:15:00+00:00,4.98,-3.06,2.20,328.43,20.67,6.24
2026-01-09 23:16:00+00:00,5.43,-3.41,1.58,327.89,13.86,6.60
2026-01-09 23:17:00+00:00,6.29,-3.16,0.90,333.29,7.27,7.10
2026-01-09 23:18:00+00:00,5.59,-2.98,-1.48,331.93,-13.18,6.50
2026-01-09 23:19:00+00:00,5.42,-3.21,0.01,329.40,0.06,6.30
2026-01-09 23:20:00+00:00,5.00,-3.54,-1.48,324.71,-13.62,6.30
2026-01-09 23:21:00+00:00,4.80,-3.48,-2.27,324.11,-20.97,6.35
2026-01-09 23:22:00+00:00,5.14,-2.22,-2.93,336.65,-27.64,6.32
2026-01-09 23:23:00+00:00,4.87,-1.89,-3.74,338.77,-35.63,6.43
2026-01-09 23:24:00+00:00,5.16,-1.81,-3.61,340.64,-33.47,6.55
2026-01-09 23:25:00+00:00,4.68,-1.28,-4.55,344.66,-43.16,6.66
2026-01-09 23:26:00+00:00,5.00,-1.62,-3.63,342.03,-34.63,6.38
2026-01-09 23:27:00+00:00,5.27,-2.41,-2.74,335.45,-25.34,6.41
2026-01-09 23:28:00+00:00,5.22,-3.49,-1.89,326.23,-16.73,6.55
2026-01-09 23:29:00+00:00,5.23,-3.89,-1.13,323.34,-9.81,6.61
2026-01-09 23:30:00+00:00,5.50,-3.72,-0.84,325.88,-7.20,6.69
2026-01-09 23:31:00+00:00,5.36,-4.03,-0.80,323.06,-6.81,6.75
2026-01-09 23:32:00+00:00,5.34,-2.09,-2.43,338.60,-22.97,6.23
2026-01-09 23:33:00+00:00,5.52,-3.02,-1.94,331.30,-17.18,6.58
2026-01-09 23:34:00+00:00,6.06,-3.03,-1.09,333.41,-9.17,6.86
2026-01-09 23:35:00+00:00,6.10,-3.29,-0.86,331.64,-7.09,6.98
2026-01-09 23:36:00+00:00,5.09,-3.22,-1.05,327.67,-9.85,6.11
2026-01-09 23:37:00+00:00,5.14,-3.72,-1.23,324.10,-10.93,6.47
2026-01-09 23:38:00+00:00,5.73,-3.82,-0.77,326.34,-6.35,6.93
2026-01-09 23:39:00+00:00,5.77,-3.60,0.06,328.05,0.52,6.80
2026-01-09 23:40:00+00:00,6.01,-3.18,-0.22,332.10,-1.84,6.80
2026-01-09 23:41:00+00:00,6.55,-2.48,0.43,339.23,3.54,7.02
2026-01-09 23:42:00+00:00,6.67,-2.49,1.27,339.52,10.13,7.23
2026-01-09 23:43:00+00:00,6.70,-2.63,0.93,338.57,7.38,7.26
2026-01-09 23:44:00+00:00,6.21,-3.66,0.72,329.49,5.72,7.24
2026-01-09 23:46:00+00:00,6.43,-5.09,0.60,321.66,4.16,8.22
2026-01-09 23:47:00+00:00,6.47,-5.03,0.63,322.15,4.38,8.22
2026-01-09 23:48:00+00:00,6.24,-5.24,0.51,319.99,3.56,8.16
2026-01-09 23:49:00+00:00,6.67,-4.33,1.52,326.98,10.82,8.10
2026-01-09 23:50:00+00:00,6.98,-3.54,1.58,333.10,11.40,7.99
2026-01-09 23:51:00+00:00,6.70,-4.16,1.41,328.17,10.14,8.01
2026-01-09 23:52:00+00:00,5.67,-6.20,0.16,312.42,1.12,8.40
2026-01-09 23:53:00+00:00,6.26,-5.48,0.77,318.81,5.26,8.36
2026-01-09 23:54:00+00:00,6.23,-5.63,0.85,317.91,5.79,8.44
2026-01-09 23:55:00+00:00,6.65,-4.86,1.42,323.82,9.77,8.36
2026-01-09 23:56:00+00:00,6.61,-4.83,1.07,323.88,7.42,8.26
2026-01-09 23:57:00+00:00,6.49,-4.52,-0.50,325.14,-3.65,7.93
2026-01-09 23:58:00+00:00,6.91,-3.64,-0.23,332.23,-1.66,7.81
2026-01-09 23:59:00+00:00,6.70,-4.02,0.08,329.03,0.58,7.82
2026-01-10 00:00:00+00:00,6.70,-3.82,0.05,330.31,0.39,7.71
2026-01-10 00:01:00+00:00,6.92,-3.68,0.38,331.96,2.75,7.85
2026-01-10 00:02:00+00:00,6.89,-3.68,1.32,331.86,9.61,7.92
2026-01-10 00:03:00+00:00,6.76,-3.65,0.73,331.66,5.41,7.71
2026-01-10 00:04:00+00:00,6.73,-3.69,0.24,331.26,1.77,7.68
2026-01-10 00:05:00+00:00,6.49,-3.66,0.15,330.58,1.17,7.45
2026-01-10 00:06:00+00:00,6.20,-4.26,3.43,325.54,24.51,8.27
2026-01-10 00:07:00+00:00,5.81,-4.36,3.72,323.13,27.10,8.16
2026-01-10 00:08:00+00:00,6.16,-3.70,3.79,328.99,27.84,8.12
2026-01-10 00:09:00+00:00,5.59,-4.11,3.82,323.66,28.84,7.93
2026-01-10 00:10:00+00:00,5.56,-3.59,3.74,327.11,29.46,7.60
2026-01-10 00:11:00+00:00,5.39,-2.39,4.26,336.06,35.82,7.27
2026-01-10 00:12:00+00:00,2.81,-6.46,-0.86,293.48,-6.95,7.10
2026-01-10 00:13:00+00:00,4.44,-5.56,-1.20,308.64,-9.61,7.22
2026-01-10 00:14:00+00:00,6.02,-3.71,0.61,328.34,4.90,7.09
2026-01-10 00:15:00+00:00,5.70,-1.93,3.11,341.34,27.33,6.77
2026-01-10 00:16:00+00:00,5.46,-2.87,2.12,332.23,18.96,6.52
2026-01-10 00:17:00+00:00,4.63,-3.59,1.23,322.21,11.88,5.99
2026-01-10 00:18:00+00:00,4.68,-4.72,1.75,314.76,14.76,6.87
2026-01-10 00:19:00+00:00,5.20,-4.43,0.30,319.56,2.49,6.83
2026-01-10 00:20:00+00:00,4.95,-4.22,-1.66,319.54,-14.29,6.71
2026-01-10 00:21:00+00:00,4.94,-4.23,-0.22,319.42,-1.90,6.51
2026-01-10 00:22:00+00:00,4.39,-5.07,0.85,310.83,7.22,6.76
2026-01-10 00:23:00+00:00,0.30,-2.74,-4.81,276.19,-60.16,5.54
2026-01-10 00:24:00+00:00,2.45,-4.90,-3.72,296.55,-34.19,6.63
2026-01-10 00:25:00+00:00,3.29,-4.57,-4.50,305.75,-38.63,7.21
2026-01-10 00:26:00+00:00,3.61,-5.26,-3.76,304.48,-30.53,7.40
2026-01-10 00:27:00+00:00,2.38,-5.66,-4.32,292.84,-35.13,7.51
2026-01-10 00:28:00+00:00,4.06,-4.99,-3.45,309.13,-28.22,7.30
2026-01-10 00:29:00+00:00,3.44,-5.45,-3.97,302.23,-31.61,7.57
2026-01-10 00:30:00+00:00,3.71,-4.72,-4.47,308.15,-36.66,7.48
2026-01-10 00:31:00+00:00,3.77,-4.65,-4.46,309.02,-36.66,7.46
2026-01-10 00:32:00+00:00,3.89,-5.39,-3.44,305.79,-27.34,7.48
2026-01-10 00:33:00+00:00,4.11,-6.45,-1.54,302.50,-11.39,7.81
2026-01-10 00:34:00+00:00,3.80,-6.79,-0.24,299.22,-1.75,7.78
2026-01-10 00:35:00+00:00,3.13,-7.17,-0.17,293.56,-1.27,7.82
2026-01-10 00:36:00+00:00,3.41,-7.18,0.34,295.39,2.43,7.96
2026-01-10 00:37:00+00:00,3.58,-7.23,0.15,296.32,1.06,8.07
2026-01-10 00:38:00+00:00,1.19,-7.08,2.47,279.58,18.99,7.59
2026-01-10 00:39:00+00:00,2.60,-6.57,-1.84,291.61,-14.60,7.30
2026-01-10 00:40:00+00:00,2.26,-4.82,-5.49,295.12,-45.92,7.65
2026-01-10 00:41:00+00:00,3.99,-5.81,-1.15,304.52,-9.27,7.14
2026-01-10 00:42:00+00:00,1.77,-3.57,3.99,296.38,45.05,5.64
2026-01-10 00:43:00+00:00,2.00,-4.38,3.64,294.52,37.07,6.04
2026-01-10 00:44:00+00:00,1.80,-4.34,4.80,292.48,45.57,6.72
2026-01-10 00:45:00+00:00,1.25,-2.60,6.59,295.66,66.34,7.19
2026-01-10 00:46:00+00:00,1.98,-3.01,6.00,303.30,59.00,7.00
2026-01-10 00:47:00+00:00,3.50,-3.90,4.63,311.90,41.45,6.99
2026-01-10 00:48:00+00:00,4.29,-4.22,4.06,315.45,33.99,7.26
2026-01-10 00:49:00+00:00,3.74,-4.53,4.66,309.60,38.44,7.50
2026-01-10 00:50:00+00:00,4.12,-4.05,4.54,315.49,38.14,7.35
2026-01-10 00:51:00+00:00,4.01,-3.88,4.51,315.93,38.94,7.18
2026-01-10 00:52:00+00:00,4.69,-3.49,3.80,323.36,33.02,6.97
2026-01-10 00:53:00+00:00,5.49,-1.24,3.12,347.22,29.04,6.43
2026-01-10 00:54:00+00:00,1.91,-3.69,6.15,297.36,56.01,7.42
2026-01-10 00:55:00+00:00,2.39,-2.78,6.80,310.65,61.68,7.73
2026-01-10 00:56:00+00:00,2.10,-3.18,6.89,303.45,61.04,7.88
2026-01-10 00:57:00+00:00,2.57,-2.17,6.77,319.90,63.55,7.56
2026-01-10 00:58:00+00:00,-3.22,-0.77,5.32,193.48,58.11,6.26
2026-01-10 00:59:00+00:00,-2.25,-0.56,5.64,193.92,67.64,6.10
2026-01-10 01:00:00+00:00,0.58,-2.33,5.88,283.99,67.81,6.35
2026-01-10 01:01:00+00:00,2.68,-3.83,5.95,305.02,51.85,7.57
2026-01-10 01:02:00+00:00,0.83,0.40,7.22,25.41,82.73,7.28
2026-01-10 01:03:00+00:00,0.94,-0.66,7.71,324.64,81.53,7.80
2026-01-10 01:04:00+00:00,0.23,1.35,7.14,80.49,79.17,7.27
2026-01-10 01:05:00+00:00,0.91,-0.08,7.65,355.12,83.16,7.70
2026-01-10 01:06:00+00:00,0.73,-1.61,7.88,294.44,77.39,8.08
2026-01-10 01:07:00+00:00,1.33,-2.79,7.25,295.48,66.94,7.88
2026-01-10 01:08:00+00:00,2.13,-1.64,7.26,322.41,69.71,7.74
2026-01-10 01:09:00+00:00,2.00,-2.02,7.32,314.63,68.78,7.86
2026-01-10 01:10:00+00:00,2.26,-2.08,7.20,317.30,66.91,7.83
2026-01-10 01:11:00+00:00,2.08,-1.65,7.40,321.62,70.29,7.86
2026-01-10 01:12:00+00:00,2.65,-1.88,7.27,324.59,65.89,7.96
2026-01-10 01:13:00+00:00,2.26,-3.09,7.39,306.21,62.63,8.32
2026-01-10 01:14:00+00:00,2.08,-4.14,6.65,296.67,55.11,8.11
2026-01-10 01:15:00+00:00,2.75,-2.89,6.24,313.56,57.40,7.40
2026-01-10 01:16:00+00:00,3.20,-0.44,6.09,352.18,62.09,6.90
2026-01-10 01:17:00+00:00,2.16,-1.01,6.69,334.81,70.39,7.10
2026-01-10 01:18:00+00:00,-1.06,-3.05,4.51,250.79,54.37,5.54
2026-01-10 01:19:00+00:00,-3.29,-3.53,4.78,227.00,44.73,6.80
2026-01-10 01:20:00+00:00,-3.00,-6.21,2.81,244.21,22.20,7.45
2026-01-10 01:21:00+00:00,-2.30,-6.33,3.57,250.00,27.94,7.63
2026-01-10 01:22:00+00:00,-1.27,-6.33,5.11,258.63,38.36,8.23
2026-01-10 01:23:00+00:00,-0.21,-5.64,5.54,267.91,44.45,7.91
2026-01-10 01:24:00+00:00,-0.76,-5.38,5.71,261.95,46.46,7.88
2026-01-10 01:25:00+00:00,-0.97,-6.38,4.54,261.39,35.14,7.90
2026-01-10 01:26:00+00:00,-2.52,-1.71,7.74,214.16,68.52,8.32
2026-01-10 01:27:00+00:00,-2.29,-3.00,7.26,232.65,62.52,8.18
2026-01-10 01:28:00+00:00,-2.77,-1.93,7.64,214.85,66.12,8.35
2026-01-10 01:29:00+00:00,-2.43,-2.28,7.95,223.08,67.25,8.62
2026-01-10 01:30:00+00:00,-3.28,-3.29,7.10,225.10,56.83,8.48
2026-01-10 01:31:00+00:00,-3.83,-5.44,5.64,234.87,40.30,8.72
2026-01-10 01:32:00+00:00,-3.76,-5.23,5.50,234.26,40.46,8.47
2026-01-10 01:33:00+00:00,-4.09,-2.97,7.07,215.99,54.44,8.69
2026-01-10 01:34:00+00:00,-4.46,-2.97,6.69,213.64,51.35,8.57
2026-01-10 01:35:00+00:00,-2.99,-2.11,7.54,215.24,64.10,8.39
2026-01-10 01:36:00+00:00,-3.13,-4.01,6.05,232.07,49.97,7.91
2026-01-10 01:37:00+00:00,0.99,-0.13,4.80,352.63,78.26,4.91
2026-01-10 01:38:00+00:00,1.62,-0.69,6.63,336.87,75.16,6.86
2026-01-10 01:39:00+00:00,0.65,-1.44,7.69,294.26,78.41,7.85
2026-01-10 01:40:00+00:00,0.37,-4.34,6.91,274.91,57.76,8.17
2026-01-10 01:41:00+00:00,-0.86,-4.07,7.12,258.06,59.67,8.24
2026-01-10 01:42:00+00:00,-1.35,-3.88,7.45,250.76,61.12,8.50
2026-01-10 01:43:00+00:00,0.23,-3.29,7.13,273.92,65.19,7.85
2026-01-10 01:44:00+00:00,-2.32,-4.68,6.53,243.64,51.37,8.36
2026-01-10 01:45:00+00:00,-2.70,-5.03,6.46,241.75,48.57,8.62
2026-01-10 01:46:00+00:00,-3.13,-5.02,6.50,238.04,47.68,8.79
2026-01-10 01:47:00+00:00,-3.10,-5.00,6.67,238.20,48.60,8.89
2026-01-10 01:48:00+00:00,-3.08,-5.39,6.50,240.21,46.33,8.99
2026-01-10 01:49:00+00:00,-3.97,-4.94,6.17,231.20,44.24,8.84
2026-01-10 01:50:00+00:00,-4.25,-5.82,4.94,233.86,34.46,8.74
2026-01-10 01:51:00+00:00,-3.47,-5.33,5.59,236.89,41.33,8.47
2026-01-10 01:52:00+00:00,-2.17,-5.02,6.68,246.65,50.70,8.64
2026-01-10 01:53:00+00:00,-2.74,-6.25,5.81,246.29,40.42,8.96
2026-01-10 01:54:00+00:00,-3.10,-7.35,3.28,247.11,22.37,8.62
2026-01-10 01:55:00+00:00,-5.11,-5.81,4.65,228.69,31.00,9.03
2026-01-10 01:56:00+00:00,-4.12,-5.53,5.36,233.30,37.86,8.74
2026-01-10 01:57:00+00:00,-3.55,-4.79,6.39,233.41,46.99,8.74
2026-01-10 01:58:00+00:00,-2.25,-4.84,7.01,245.10,52.72,8.81
2026-01-10 01:59:00+00:00,-0.68,-3.61,7.88,259.38,65.04,8.70
2026-01-10 02:00:00+00:00,3.35,-0.96,6.44,344.00,61.56,7.32
2026-01-10 02:01:00+00:00,0.69,-2.14,8.32,287.81,74.86,8.62
2026-01-10 02:02:00+00:00,4.45,-0.56,5.54,352.77,51.00,7.13
2026-01-10 02:03:00+00:00,4.45,0.23,5.66,2.99,51.82,7.21
2026-01-10 02:04:00+00:00,4.89,-0.83,4.56,350.41,42.59,6.73
2026-01-10 02:05:00+00:00,5.13,-0.35,4.82,356.07,43.15,7.05
2026-01-10 02:06:00+00:00,5.17,-0.69,5.21,352.35,45.00,7.37
2026-01-10 02:07:00+00:00,3.13,-1.16,7.06,339.68,64.70,7.81
2026-01-10 02:08:00+00:00,4.38,-2.63,5.73,329.03,48.26,7.67
2026-01-10 02:09:00+00:00,5.09,-3.42,4.38,326.06,35.52,7.53
2026-01-10 02:10:00+00:00,5.52,-3.22,4.57,329.75,35.60,7.85
2026-01-10 02:11:00+00:00,5.11,-3.37,5.76,326.60,43.28,8.40
2026-01-10 02:12:00+00:00,4.27,-5.20,5.51,309.39,39.31,8.69
2026-01-10 02:13:00+00:00,3.36,-3.27,7.48,315.83,57.90,8.83
2026-01-10 02:14:00+00:00,0.96,-2.84,8.69,288.66,70.97,9.19
2026-01-10 02:15:00+00:00,-1.56,-1.88,9.04,230.30,74.85,9.37
2026-01-10 02:16:00+00:00,-3.85,-0.39,9.01,185.84,66.77,9.81
2026-01-10 02:17:00+00:00,-3.24,-2.64,8.71,219.18,64.39,9.66
2026-01-10 02:18:00+00:00,-0.83,-3.94,9.08,258.17,66.09,9.93
2026-01-10 02:19:00+00:00,-0.81,-5.97,8.04,262.27,53.14,10.05
2026-01-10 02:20:00+00:00,-0.60,-6.38,7.80,264.67,50.60,10.10
2026-01-10 02:21:00+00:00,-0.51,-7.54,6.93,266.10,42.54,10.26
2026-01-10 02:22:00+00:00,-0.37,-7.82,6.17,267.28,38.21,9.97
2026-01-10 02:23:00+00:00,-0.16,-9.08,4.47,269.02,26.23,10.12
2026-01-10 02:24:00+00:00,0.19,-9.56,3.68,271.11,21.06,10.24
2026-01-10 02:25:00+00:00,-0.90,-9.63,1.03,264.64,6.08,9.73
2026-01-10 02:26:00+00:00,1.18,-9.36,1.14,277.17,6.90,9.50
2026-01-10 02:27:00+00:00,0.71,-9.30,-1.40,274.36,-8.52,9.43
2026-01-10 02:28:00+00:00,3.77,-7.33,3.50,297.22,23.04,8.95
2026-01-10 02:29:00+00:00,3.32,-7.78,-2.14,293.13,-14.17,8.73
2026-01-10 02:30:00+00:00,2.79,-8.19,-2.24,288.81,-14.54,8.94
2026-01-10 02:31:00+00:00,2.03,-8.56,0.38,283.36,2.48,8.80
2026-01-10 02:32:00+00:00,2.51,-8.80,-1.61,285.93,-9.98,9.29
2026-01-10 02:33:00+00:00,1.66,-9.18,-2.09,280.26,-12.62,9.56
2026-01-10 02:34:00+00:00,2.03,-7.35,-4.80,285.43,-32.18,9.01
2026-01-10 02:35:00+00:00,1.88,-8.80,-0.16,282.03,-1.02,9.00
2026-01-10 02:36:00+00:00,1.74,-10.08,1.41,279.79,7.85,10.32
2026-01-10 02:37:00+00:00,2.40,-9.62,-0.80,284.03,-4.61,9.94
2026-01-10 02:38:00+00:00,2.80,-8.77,-3.76,287.72,-22.24,9.94
2026-01-10 02:39:00+00:00,2.13,-9.23,-3.88,283.01,-22.29,10.24
2026-01-10 02:40:00+00:00,4.13,-7.68,-4.82,298.29,-28.91,9.96
2026-01-10 02:41:00+00:00,4.87,-6.62,-5.72,306.36,-34.85,10.01
2026-01-10 02:42:00+00:00,5.08,-5.95,-6.22,310.48,-38.46,10.00
2026-01-10 02:43:00+00:00,4.84,-6.83,-5.98,305.31,-35.56,10.29
2026-01-10 02:44:00+00:00,4.56,-6.02,-7.07,307.11,-43.08,10.34
2026-01-10 02:45:00+00:00,4.34,-6.21,-6.90,304.99,-42.31,10.24
2026-01-10 02:46:00+00:00,3.32,-4.06,-8.37,309.29,-57.91,9.88
2026-01-10 02:47:00+00:00,2.88,-2.30,-8.48,321.40,-66.49,9.25
2026-01-10 02:48:00+00:00,2.19,1.66,-8.22,37.27,-71.52,8.66
2026-01-10 02:49:00+00:00,2.51,-0.51,-7.90,348.54,-72.06,8.31
2026-01-10 02:50:00+00:00,1.12,-1.78,-8.35,302.12,-75.83,8.61
2026-01-10 02:51:00+00:00,1.30,-1.57,-8.45,309.53,-76.45,8.69
2026-01-10 02:52:00+00:00,2.15,-0.89,-8.60,337.48,-74.86,8.91
2026-01-10 02:53:00+00:00,1.63,-0.93,-8.59,330.19,-77.70,8.79
2026-01-10 02:54:00+00:00,1.52,-3.61,-7.90,292.78,-63.64,8.82
2026-01-10 02:55:00+00:00,1.95,-3.48,-7.75,299.24,-62.78,8.72
2026-01-10 02:56:00+00:00,2.25,-2.77,-7.96,309.06,-65.86,8.73
2026-01-10 02:57:00+00:00,3.11,-2.76,-7.38,318.41,-60.63,8.47
2026-01-10 02:58:00+00:00,2.18,-4.47,-6.56,296.00,-52.84,8.24
2026-01-10 02:59:00+00:00,2.15,-6.51,-4.92,288.28,-35.63,8.44
2026-01-10 03:00:00+00:00,2.04,-7.11,-4.45,285.97,-31.07,8.63
2026-01-10 03:01:00+00:00,2.32,-4.87,-6.42,295.46,-49.97,8.39
2026-01-10 03:02:00+00:00,2.03,-5.13,-6.71,291.61,-50.60,8.69
2026-01-10 03:03:00+00:00,1.67,-7.06,-5.15,283.28,-35.36,8.90
2026-01-10 03:04:00+00:00,-0.20,-6.62,-0.55,268.26,-4.76,6.64
2026-01-10 03:05:00+00:00,-4.28,-5.47,6.52,232.01,43.17,9.52
2026-01-10 03:06:00+00:00,-5.25,-5.08,6.55,224.06,41.89,9.81
2026-01-10 03:07:00+00:00,-4.55,-4.66,7.45,225.67,48.85,9.89
2026-01-10 03:08:00+00:00,-3.56,-4.68,8.07,232.77,53.90,9.98
2026-01-10 03:10:00+00:00,-0.71,-3.59,3.22,258.88,41.35,4.88
2026-01-10 03:11:00+00:00,2.65,-3.82,-4.28,304.77,-42.62,6.33
2026-01-10 03:12:00+00:00,1.09,-7.02,-2.41,278.80,-18.74,7.50
2026-01-10 03:13:00+00:00,-0.20,-7.38,-2.67,268.48,-19.91,7.85
2026-01-10 03:14:00+00:00,-0.26,-7.72,-1.65,268.05,-12.04,7.90
2026-01-10 03:15:00+00:00,-0.57,-7.83,-1.60,265.81,-11.49,8.01
2026-01-10 03:16:00+00:00,-0.35,-7.88,-1.83,267.45,-13.05,8.10
2026-01-10 03:17:00+00:00,0.58,-7.49,1.61,274.43,12.12,7.69
2026-01-10 03:18:00+00:00,0.44,-7.35,2.69,273.42,20.09,7.84
2026-01-10 03:19:00+00:00,1.17,-7.42,2.65,278.99,19.43,7.97
2026-01-10 03:20:00+00:00,-0.27,-6.83,-0.55,267.74,-4.63,6.86
2026-01-10 03:21:00+00:00,-0.77,-6.00,-0.36,262.68,-3.41,6.06
2026-01-10 03:22:00+00:00,-1.08,-7.85,1.36,262.14,9.74,8.04
2026-01-10 03:23:00+00:00,-0.43,-7.46,2.99,266.67,21.81,8.05
2026-01-10 03:24:00+00:00,-0.98,-5.25,5.60,259.41,46.33,7.74
2026-01-10 03:25:00+00:00,-1.04,-5.14,5.61,258.58,46.96,7.68
2026-01-10 03:26:00+00:00,-1.75,-6.20,5.01,254.24,37.86,8.16
2026-01-10 03:27:00+00:00,-1.40,-3.66,6.38,249.03,58.42,7.49
2026-01-10 03:28:00+00:00,-1.52,-2.67,7.04,240.26,66.42,7.68
2026-01-10 03:29:00+00:00,-1.67,-2.67,6.89,238.03,65.41,7.58
2026-01-10 03:30:00+00:00,-1.07,-3.72,6.33,253.94,58.58,7.42
2026-01-10 03:31:00+00:00,-0.91,-3.60,5.91,255.76,57.88,6.98
2026-01-10 03:32:00+00:00,0.01,-3.99,4.64,270.17,49.35,6.12
2026-01-10 03:33:00+00:00,-0.27,-3.64,3.28,265.80,41.94,4.90
2026-01-10 03:34:00+00:00,-0.86,-3.08,3.90,254.37,50.65,5.04
2026-01-10 03:35:00+00:00,-1.65,-2.77,7.04,239.16,65.41,7.75
2026-01-10 03:36:00+00:00,0.15,-3.02,6.17,272.86,63.86,6.87
2026-01-10 03:37:00+00:00,-1.19,-3.81,4.78,252.63,50.13,6.23
2026-01-10 03:38:00+00:00,-1.19,-4.51,4.30,255.16,42.68,6.34
2026-01-10 03:39:00+00:00,-0.70,-4.26,2.77,260.67,32.74,5.13
2026-01-10 03:40:00+00:00,1.02,-4.60,0.58,282.50,6.97,4.74
2026-01-10 03:41:00+00:00,1.29,-5.16,-1.07,284.01,-11.34,5.43
2026-01-10 03:42:00+00:00,1.11,-4.63,1.41,283.50,16.55,4.96
2026-01-10 03:43:00+00:00,-0.27,-3.56,2.43,265.63,34.26,4.32
2026-01-10 03:44:00+00:00,-0.26,-3.89,2.02,266.15,27.38,4.39
2026-01-10 03:45:00+00:00,2.60,-5.65,-3.71,294.76,-30.81,7.24
2026-01-10 03:46:00+00:00,3.70,-3.98,-7.22,312.88,-53.03,9.04
2026-01-10 03:47:00+00:00,3.73,-5.07,-6.68,306.33,-46.69,9.18
2026-01-10 03:48:00+00:00,3.79,-5.14,-6.56,306.39,-45.79,9.16
2026-01-10 03:49:00+00:00,3.92,-5.11,-6.60,307.48,-45.69,9.22
2026-01-10 03:50:00+00:00,4.35,-4.40,-6.10,314.66,-44.56,8.69
2026-01-10 03:51:00+00:00,4.14,-3.86,-6.40,316.99,-48.50,8.55
2026-01-10 03:52:00+00:00,4.03,-4.50,-5.51,311.84,-42.35,8.18
2026-01-10 03:53:00+00:00,3.31,-4.11,-6.20,308.86,-49.60,8.14
2026-01-10 03:54:00+00:00,4.28,-4.46,-4.97,313.85,-38.78,7.93
2026-01-10 03:55:00+00:00,5.55,-4.05,-2.42,323.88,-19.40,7.29
2026-01-10 03:56:00+00:00,3.87,-4.47,-1.53,310.84,-14.55,6.11
2026-01-10 03:57:00+00:00,1.56,-5.15,-4.97,286.88,-42.68,7.33
2026-01-10 03:58:00+00:00,3.19,-4.23,-3.76,307.02,-35.38,6.50
2026-01-10 04:00:00+00:00,3.30,-5.21,-1.04,302.33,-9.54,6.25
2026-01-10 04:01:00+00:00,1.43,-3.14,-4.82,294.45,-54.46,5.93
2026-01-10 04:03:00+00:00,-2.37,-2.60,-6.85,227.70,-62.83,7.70
2026-01-10 04:04:00+00:00,-2.02,-0.89,-6.56,203.73,-71.40,6.92
2026-01-10 04:05:00+00:00,-1.08,-2.30,-6.74,244.79,-69.35,7.20
2026-01-10 04:07:00+00:00,0.08,-5.22,-4.27,270.87,-39.27,6.75
2026-01-10 04:08:00+00:00,0.64,-3.85,-6.74,279.44,-59.90,7.79
2026-01-10 04:09:00+00:00,0.41,-2.12,-7.13,280.86,-73.12,7.45
2026-01-10 04:11:00+00:00,-0.27,-2.30,-7.51,263.21,-72.84,7.86
2026-01-10 04:12:00+00:00,-1.70,-1.27,-7.31,216.84,-73.84,7.61
2026-01-10 04:13:00+00:00,-1.82,-0.93,-7.30,207.23,-74.37,7.58
2026-01-10 04:15:00+00:00,1.66,-4.41,-6.13,290.60,-52.47,7.73
2026-01-10 04:16:00+00:00,3.65,-4.93,-2.96,306.53,-25.73,6.81
2026-01-10 04:17:00+00:00,3.21,-5.14,-3.72,301.98,-31.51,7.11
2026-01-10 04:19:00+00:00,0.89,-4.13,-6.92,282.16,-58.59,8.11
2026-01-10 04:20:00+00:00,0.73,-4.07,-7.55,280.13,-61.32,8.61
2026-01-10 04:21:00+00:00,0.45,-3.53,-7.69,277.31,-65.17,8.47
2026-01-10 04:23:00+00:00,0.81,-2.23,-8.09,290.02,-73.69,8.43
2026-01-10 04:24:00+00:00,0.67,-2.56,-7.95,284.59,-71.62,8.37
2026-01-10 04:25:00+00:00,0.41,-2.61,-8.24,278.95,-72.20,8.66
2026-01-10 04:27:00+00:00,-1.19,-3.65,-7.82,251.93,-63.81,8.71
2026-01-10 04:28:00+00:00,-1.31,-3.32,-7.97,248.38,-65.88,8.73
2026-01-10 04:29:00+00:00,-1.35,-3.39,-8.09,248.33,-65.71,8.87
2026-01-10 04:31:00+00:00,-1.65,-5.02,-6.12,251.81,-49.22,8.08
2026-01-10 04:32:00+00:00,-1.82,-4.81,-6.78,249.23,-52.80,8.51
2026-01-10 04:33:00+00:00,-1.34,-4.33,-7.05,252.83,-57.30,8.38
2026-01-10 04:35:00+00:00,-2.45,-4.10,-6.91,239.11,-55.34,8.40
2026-01-10 04:36:00+00:00,-3.61,-4.77,-4.64,232.91,-37.81,7.57
2026-01-10 04:37:00+00:00,-4.49,-4.72,-6.20,226.44,-43.57,8.99
2026-01-10 04:39:00+00:00,-3.85,-4.15,-7.08,227.13,-51.35,9.06
2026-01-10 04:40:00+00:00,-3.36,-3.62,-7.46,227.10,-56.48,8.95
2026-01-10 04:41:00+00:00,-2.93,-3.22,-7.67,227.64,-60.41,8.81
2026-01-10 04:43:00+00:00,-2.54,-2.42,-7.96,223.55,-66.19,8.70
2026-01-10 04:44:00+00:00,-3.24,-2.26,-7.75,214.83,-63.00,8.70
2026-01-10 04:45:00+00:00,-3.58,-1.71,-7.79,205.60,-63.03,8.74
2026-01-10 04:47:00+00:00,-3.84,-0.63,-7.61,189.36,-62.92,8.55
2026-01-10 04:48:00+00:00,-3.77,-0.80,-7.48,191.97,-62.74,8.42
2026-01-10 04:49:00+00:00,-3.67,-0.80,-6.97,192.37,-61.70,7.91
2026-01-10 04:51:00+00:00,3.54,0.37,4.66,5.89,52.61,5.86
2026-01-10 04:52:00+00:00,4.16,-0.50,4.80,353.12,48.92,6.37
2026-01-10 04:53:00+00:00,3.40,-0.95,5.52,344.31,57.38,6.55
2026-01-10 04:55:00+00:00,1.95,0.80,6.72,22.40,72.60,7.04
2026-01-10 04:56:00+00:00,0.27,2.33,6.58,83.50,70.37,6.99
2026-01-10 04:57:00+00:00,0.00,1.93,7.10,90.05,74.83,7.36
2026-01-10 04:59:00+00:00,0.64,1.87,6.91,71.08,74.04,7.19
2026-01-10 05:00:00+00:00,0.63,1.68,6.94,69.40,75.53,7.17
2026-01-10 05:01:00+00:00,1.05,1.79,6.60,59.66,72.54,6.92
2026-01-10 05:03:00+00:00,1.86,1.07,6.38,30.01,71.42,6.73
2026-01-10 05:04:00+00:00,4.18,-1.91,4.09,335.40,41.67,6.16
2026-01-10 05:05:00+00:00,3.71,-2.47,4.71,326.31,46.59,6.49
2026-01-10 05:06:00+00:00,3.53,-1.88,4.73,331.91,49.81,6.19
2026-01-10 05:07:00+00:00,3.06,-0.30,5.11,354.43,58.96,5.97
2026-01-10 05:08:00+00:00,2.69,0.96,5.46,19.53,62.39,6.17
2026-01-10 05:09:00+00:00,2.32,0.73,5.91,17.49,67.62,6.40
2026-01-10 05:11:00+00:00,2.15,-0.22,5.81,354.04,69.57,6.20
2026-01-10 05:12:00+00:00,2.31,-0.26,5.79,353.65,68.14,6.24
2026-01-10 05:13:00+00:00,3.40,-1.62,4.85,334.51,52.13,6.14
2026-01-10 05:15:00+00:00,4.71,-2.11,2.37,335.83,24.70,5.68
2026-01-10 05:16:00+00:00,4.73,-2.23,2.23,334.72,23.09,5.69
2026-01-10 05:17:00+00:00,4.31,-1.11,3.72,345.54,39.94,5.80
2026-01-10 05:19:00+00:00,4.91,-1.94,2.28,338.47,23.35,5.75
2026-01-10 05:20:00+00:00,5.01,-1.83,1.87,339.91,19.26,5.65
2026-01-10 05:21:00+00:00,5.32,-1.96,0.84,339.79,8.47,5.73
2026-01-10 05:23:00+00:00,4.70,-2.43,1.59,332.64,16.71,5.53
2026-01-10 05:24:00+00:00,4.14,-2.06,3.04,333.57,33.31,5.53
2026-01-10 05:25:00+00:00,3.99,-1.87,3.12,334.92,35.31,5.40
2026-01-10 05:26:00+00:00,2.47,-0.74,5.40,343.33,64.53,5.99
2026-01-10 05:27:00+00:00,2.39,-0.21,5.59,354.96,66.75,6.08
2026-01-10 05:28:00+00:00,1.95,-0.59,5.65,343.27,70.14,6.01
2026-01-10 05:29:00+00:00,2.13,-0.05,5.78,358.75,69.74,6.16
2026-01-10 05:31:00+00:00,2.58,-1.91,3.93,323.60,50.77,5.08
2026-01-10 05:32:00+00:00,1.99,-3.71,3.58,298.19,40.41,5.52
2026-01-10 05:33:00+00:00,1.11,-4.31,3.60,284.49,38.90,5.72
2026-01-10 05:35:00+00:00,0.61,-2.02,-4.48,286.85,-64.72,4.95
2026-01-10 05:36:00+00:00,0.37,-0.29,-5.57,322.06,-85.15,5.59
2026-01-10 05:37:00+00:00,0.85,0.78,-6.23,42.40,-79.52,6.33
2026-01-10 05:39:00+00:00,0.61,-0.63,-6.42,314.39,-82.24,6.48
2026-01-10 05:40:00+00:00,-0.28,1.80,-5.88,98.83,-72.83,6.15
2026-01-10 05:41:00+00:00,0.00,1.69,-6.03,89.97,-74.36,6.26
2026-01-10 05:42:00+00:00,1.10,0.42,-5.89,20.73,-78.71,6.01
2026-01-10 05:43:00+00:00,-1.01,2.11,-5.96,115.59,-68.54,6.40
2026-01-10 05:44:00+00:00,-0.46,1.23,-6.13,110.46,-77.89,6.27
2026-01-10 05:45:00+00:00,0.84,0.78,-5.80,42.99,-78.87,5.91
2026-01-10 05:47:00+00:00,0.93,1.44,-5.94,57.10,-73.93,6.18
2026-01-10 05:48:00+00:00,0.73,1.23,-5.96,59.50,-76.51,6.13
2026-01-10 05:49:00+00:00,0.85,0.87,-6.11,45.75,-78.72,6.23
2026-01-10 05:51:00+00:00,0.13,2.00,-5.98,86.20,-71.51,6.31
2026-01-10 05:52:00+00:00,-0.54,2.24,-6.00,103.59,-68.97,6.43
2026-01-10 05:53:00+00:00,-0.16,2.93,-5.68,93.06,-62.63,6.39
2026-01-10 05:55:00+00:00,2.23,-1.15,-5.47,332.65,-65.39,6.02
2026-01-10 05:56:00+00:00,2.96,-1.61,-4.76,331.53,-54.68,5.83
2026-01-10 05:57:00+00:00,3.89,-0.88,-4.05,347.24,-45.40,5.68
2026-01-10 05:59:00+00:00,-2.46,0.10,-6.19,177.70,-68.34,6.66
2026-01-10 06:00:00+00:00,-1.51,-1.13,-6.25,216.80,-73.17,6.52
2026-01-10 06:01:00+00:00,-1.29,-0.63,-6.37,206.01,-77.27,6.53
2026-01-10 06:02:00+00:00,0.89,-3.15,-4.91,285.77,-56.30,5.90
2026-01-10 06:03:00+00:00,1.11,-3.54,-4.77,287.44,-52.09,6.05
2026-01-10 06:04:00+00:00,1.62,-4.01,-4.15,291.97,-43.84,5.99
2026-01-10 06:05:00+00:00,1.57,-4.16,-4.04,290.73,-42.22,6.00
2026-01-10 06:07:00+00:00,1.34,-5.47,-0.62,283.77,-6.28,5.67
2026-01-10 06:08:00+00:00,0.75,-5.51,-1.15,277.71,-11.74,5.67
2026-01-10 06:09:00+00:00,2.24,-4.42,-2.46,296.93,-26.44,5.54
2026-01-10 06:10:00+00:00,2.62,-3.63,-3.45,305.86,-37.65,5.65
2026-01-10 06:11:00+00:00,2.40,-2.27,-4.21,316.54,-51.87,5.35
2026-01-10 06:12:00+00:00,2.32,-0.38,-5.22,350.72,-65.72,5.72
2026-01-10 06:13:00+00:00,2.00,-0.51,-5.57,345.64,-69.62,5.94
2026-01-10 06:15:00+00:00,1.75,-0.96,-5.65,331.25,-70.51,5.99
2026-01-10 06:16:00+00:00,0.40,-3.07,-5.70,277.45,-61.49,6.48
2026-01-10 06:17:00+00:00,1.23,-2.22,-5.61,299.12,-65.67,6.16
2026-01-10 06:19:00+00:00,1.07,-3.22,-5.40,288.47,-57.85,6.37
2026-01-10 06:20:00+00:00,1.14,-4.37,-4.05,284.68,-41.89,6.06
2026-01-10 06:21:00+00:00,0.63,-2.77,-4.41,282.79,-57.21,5.25
2026-01-10 06:23:00+00:00,1.27,-5.31,-2.36,283.44,-23.38,5.95
2026-01-10 06:24:00+00:00,1.24,-5.68,-1.59,282.33,-15.34,6.03
2026-01-10 06:25:00+00:00,0.77,-5.69,-1.63,277.70,-15.80,5.97
2026-01-10 06:27:00+00:00,0.48,-5.33,-2.36,275.10,-23.78,5.85
2026-01-10 06:28:00+00:00,0.22,-5.58,0.07,272.23,0.69,5.59
2026-01-10 06:29:00+00:00,0.41,-5.50,1.12,274.27,11.48,5.62
2026-01-10 06:30:00+00:00,0.28,-5.28,2.45,273.07,24.87,5.83
2026-01-10 06:31:00+00:00,-0.57,-5.10,3.24,263.64,32.26,6.07
2026-01-10 06:32:00+00:00,-0.34,-5.36,3.12,266.38,30.16,6.22
2026-01-10 06:33:00+00:00,-0.14,-5.55,2.85,268.53,27.21,6.24
2026-01-10 06:35:00+00:00,2.59,-4.38,-0.82,300.57,-9.12,5.16
2026-01-10 06:36:00+00:00,2.52,-4.12,-2.18,301.47,-24.33,5.30
2026-01-10 06:37:00+00:00,2.71,-4.48,-0.88,301.15,-9.49,5.31
2026-01-10 06:38:00+00:00,1.77,-4.95,0.82,289.72,8.86,5.32
2026-01-10 06:39:00+00:00,2.44,-5.57,0.85,293.66,7.94,6.13
2026-01-10 06:40:00+00:00,0.69,-5.61,1.87,277.02,18.27,5.95
2026-01-10 06:41:00+00:00,-0.41,-5.73,2.46,265.92,23.16,6.25
2026-01-10 06:43:00+00:00,1.43,-5.54,0.51,284.51,5.12,5.75
2026-01-10 06:44:00+00:00,2.55,-5.39,-0.36,295.32,-3.44,5.98
2026-01-10 06:45:00+00:00,2.61,-5.46,-0.19,295.54,-1.83,6.05
2026-01-10 06:46:00+00:00,2.78,-5.09,-0.50,298.63,-4.92,5.82
2026-01-10 06:47:00+00:00,3.05,-4.92,-0.64,301.75,-6.27,5.82
2026-01-10 06:48:00+00:00,2.93,-4.90,-0.96,300.87,-9.53,5.79
2026-01-10 06:49:00+00:00,3.02,-4.95,-0.97,301.41,-9.48,5.88
2026-01-10 06:51:00+00:00,3.40,-4.12,-0.83,309.53,-8.85,5.41
2026-01-10 06:52:00+00:00,2.98,-4.07,-2.41,306.20,-25.56,5.59
2026-01-10 06:53:00+00:00,2.76,-4.22,-2.15,303.15,-23.08,5.48
2026-01-10 06:54:00+00:00,2.27,-4.85,-2.17,295.06,-22.09,5.78
2026-01-10 06:55:00+00:00,2.09,-4.82,-2.43,293.44,-24.80,5.79
2026-01-10 06:56:00+00:00,2.08,-5.00,-1.53,292.55,-15.77,5.63
2026-01-10 06:57:00+00:00,2.45,-4.86,-1.80,296.78,-18.32,5.74
2026-01-10 06:58:00+00:00,1.52,-5.27,-0.79,286.07,-8.20,5.54
2026-01-10 06:59:00+00:00,1.24,-5.46,-0.89,282.77,-9.06,5.67
2026-01-10 07:00:00+00:00,1.86,-5.06,-1.08,290.16,-11.36,5.50
2026-01-10 07:01:00+00:00,1.60,-4.92,-1.81,287.99,-19.32,5.48
2026-01-10 07:03:00+00:00,2.63,-4.09,2.41,302.79,26.35,5.42
2026-01-10 07:04:00+00:00,2.52,-4.87,-0.08,297.33,-0.86,5.48
2026-01-10 07:05:00+00:00,2.89,-4.56,0.67,302.41,7.11,5.44
2026-01-10 07:06:00+00:00,2.32,-5.09,1.14,294.46,11.55,5.71
2026-01-10 07:07:00+00:00,1.95,-5.48,0.86,289.60,8.45,5.88
2026-01-10 07:08:00+00:00,2.15,-5.33,0.29,291.95,2.93,5.76
2026-01-10 07:09:00+00:00,1.86,-5.44,-0.22,288.85,-2.23,5.75
2026-01-10 07:11:00+00:00,3.81,-3.70,1.45,315.90,15.31,5.51
2026-01-10 07:12:00+00:00,3.95,-3.63,1.52,317.38,15.78,5.58
2026-01-10 07:13:00+00:00,4.18,-3.42,1.67,320.70,17.21,5.66
2026-01-10 07:14:00+00:00,4.70,-2.59,1.98,331.15,20.31,5.72
2026-01-10 07:15:00+00:00,0.61,-3.95,-4.44,278.77,-48.00,5.97
2026-01-10 07:16:00+00:00,-1.00,-3.93,-5.88,255.70,-55.39,7.15
2026-01-10 07:17:00+00:00,-0.86,-3.68,-6.03,256.85,-57.94,7.11
2026-01-10 07:18:00+00:00,-0.30,-3.19,-6.52,264.70,-63.83,7.27
2026-01-10 07:19:00+00:00,-0.14,-3.45,-6.43,267.65,-61.75,7.30
2026-01-10 07:20:00+00:00,-0.46,-3.09,-6.60,261.58,-64.66,7.30
2026-01-10 07:21:00+00:00,-0.16,-2.64,-6.74,266.43,-68.57,7.24
2026-01-10 07:22:00+00:00,-0.17,-2.60,-6.74,266.22,-68.87,7.22
2026-01-10 07:23:00+00:00,0.13,-2.18,-6.78,273.45,-72.12,7.12
2026-01-10 07:24:00+00:00,-0.25,-2.03,-6.23,262.99,-71.85,6.55
2026-01-10 08:19:00+00:00,-0.22,2.24,-5.66,95.67,-68.30,6.09
2026-01-10 08:20:00+00:00,-0.42,2.87,-5.54,98.29,-62.36,6.25
2026-01-10 08:21:00+00:00,0.49,1.74,-6.07,74.40,-73.42,6.33
2026-01-10 08:22:00+00:00,0.15,0.67,-6.30,77.44,-83.79,6.34
2026-01-10 08:23:00+00:00,0.55,2.13,-5.88,75.53,-69.49,6.28
2026-01-10 08:24:00+00:00,0.75,2.15,-5.97,70.89,-69.12,6.39
2026-01-10 08:25:00+00:00,0.40,1.72,-6.18,76.99,-74.03,6.43
2026-01-10 08:26:00+00:00,1.23,0.38,-5.37,17.03,-76.51,5.52
2026-01-10 08:28:00+00:00,0.29,-0.75,-6.04,291.03,-82.40,6.10
2026-01-10 08:29:00+00:00,0.09,-0.71,-6.03,277.18,-83.26,6.07
2026-01-10 08:30:00+00:00,0.08,-3.51,-1.95,271.38,-29.09,4.02
2026-01-10 08:31:00+00:00,1.19,-6.45,-1.16,280.43,-10.03,6.66
2026-01-10 08:32:00+00:00,1.00,-6.27,-1.67,279.06,-14.73,6.57
2026-01-10 08:33:00+00:00,1.01,-6.44,0.43,278.93,3.79,6.54
2026-01-10 08:34:00+00:00,1.14,-6.08,-0.67,280.62,-6.20,6.22
2026-01-10 08:36:00+00:00,0.58,-5.21,-2.76,276.31,-27.76,5.92
2026-01-10 08:37:00+00:00,1.28,-3.04,-5.31,292.84,-58.12,6.26
2026-01-10 08:38:00+00:00,1.44,-3.55,-5.96,292.12,-57.30,7.09
2026-01-10 08:40:00+00:00,4.00,-3.36,-2.85,319.93,-28.65,5.95
2026-01-10 08:41:00+00:00,3.22,-0.68,-4.71,348.00,-55.06,5.74
2026-01-10 08:42:00+00:00,3.31,-0.62,-4.24,349.34,-51.56,5.41
2026-01-10 08:44:00+00:00,4.96,-0.45,-3.08,354.83,-31.77,5.86
2026-01-10 08:45:00+00:00,5.20,0.35,-2.72,3.82,-27.56,5.88
2026-01-10 08:46:00+00:00,5.24,0.28,-2.66,3.07,-26.84,5.88
2026-01-10 08:47:00+00:00,5.34,-0.71,-3.04,352.41,-29.44,6.19
2026-01-10 08:48:00+00:00,5.34,-1.45,-2.67,344.81,-25.75,6.14
2026-01-10 08:49:00+00:00,4.05,-2.75,-3.65,325.84,-36.73,6.11
2026-01-10 08:50:00+00:00,2.37,-3.02,-4.45,308.13,-49.23,5.88
2026-01-10 08:51:00+00:00,1.66,-3.71,-4.67,294.13,-48.98,6.19
2026-01-10 08:52:00+00:00,0.16,-5.04,-3.83,271.87,-37.24,6.33
2026-01-10 08:53:00+00:00,-0.07,-5.73,-3.24,269.26,-29.53,6.58
2026-01-10 08:54:00+00:00,1.52,-1.26,-5.51,320.32,-70.24,5.85
2026-01-10 08:55:00+00:00,2.42,0.05,-5.69,1.07,-66.97,6.19
2026-01-10 08:56:00+00:00,3.11,-0.42,-5.44,352.32,-60.06,6.28
2026-01-10 08:57:00+00:00,1.62,-4.36,-3.92,290.40,-40.13,6.08
2026-01-10 08:58:00+00:00,1.69,-5.49,-3.61,287.12,-32.15,6.79
2026-01-10 08:59:00+00:00,0.56,-5.78,-3.55,275.54,-31.45,6.81
2026-01-10 09:00:00+00:00,1.18,-5.48,-3.76,282.14,-33.86,6.75
2026-01-10 09:01:00+00:00,1.12,-4.58,-4.52,283.78,-43.80,6.53
2026-01-10 09:02:00+00:00,1.68,-4.23,-3.85,291.69,-40.20,5.96
2026-01-10 09:03:00+00:00,1.91,-5.09,-3.04,290.56,-29.22,6.23
2026-01-10 09:04:00+00:00,1.31,-5.07,-3.49,284.42,-33.64,6.29
2026-01-10 09:05:00+00:00,1.04,-4.71,-4.18,282.50,-40.89,6.38
2026-01-10 09:06:00+00:00,1.92,-4.06,-4.66,295.31,-46.06,6.48
2026-01-10 09:08:00+00:00,2.42,-3.65,-4.86,303.58,-48.02,6.54
2026-01-10 09:09:00+00:00,2.50,-3.45,-5.14,305.93,-50.36,6.68
2026-01-10 09:10:00+00:00,2.21,-3.64,-4.01,301.32,-43.29,5.85
2026-01-10 09:11:00+00:00,0.11,-5.60,-3.42,271.09,-31.45,6.56
2026-01-10 09:12:00+00:00,2.10,-2.52,-4.57,309.84,-54.31,5.63
2026-01-10 09:13:00+00:00,3.49,0.82,-5.63,13.15,-57.50,6.67
2026-01-10 09:14:00+00:00,3.17,1.10,-5.67,19.10,-59.43,6.59
2026-01-10 09:15:00+00:00,3.03,1.74,-5.34,29.86,-56.82,6.38
2026-01-10 09:16:00+00:00,-0.58,-4.85,-2.86,263.23,-30.36,5.66
2026-01-10 09:17:00+00:00,1.70,0.50,-5.36,16.57,-71.74,5.64
2026-01-10 09:18:00+00:00,-0.05,-6.66,-0.41,269.59,-3.54,6.68
2026-01-10 09:19:00+00:00,0.46,-6.82,-1.94,273.87,-15.85,7.11
2026-01-10 09:20:00+00:00,0.54,-6.76,-2.58,274.57,-20.79,7.25
2026-01-10 09:21:00+00:00,1.09,-6.16,-3.41,280.05,-28.56,7.12
2026-01-10 09:22:00+00:00,1.06,-6.61,-2.41,279.14,-19.80,7.12
2026-01-10 09:23:00+00:00,1.24,-6.96,-1.75,280.13,-13.93,7.29
2026-01-10 09:24:00+00:00,0.94,-6.98,-1.94,277.65,-15.38,7.31
2026-01-10 09:25:00+00:00,1.23,-6.78,-2.11,280.27,-17.04,7.21
2026-01-10 09:26:00+00:00,1.31,-6.39,-2.71,281.58,-22.55,7.06
2026-01-10 09:28:00+00:00,0.75,-6.68,-1.79,276.40,-14.90,6.96
2026-01-10 09:29:00+00:00,0.37,-6.79,-1.40,273.16,-11.61,6.94
2026-01-10 09:30:00+00:00,0.30,-6.74,-2.14,272.58,-17.60,7.08
2026-01-10 09:32:00+00:00,0.43,-6.78,-1.97,273.60,-16.14,7.08
2026-01-10 09:33:00+00:00,0.73,-6.56,-2.39,276.35,-19.92,7.02
2026-01-10 09:34:00+00:00,1.09,-6.54,-2.58,279.50,-21.25,7.12
2026-01-10 09:36:00+00:00,1.83,-5.58,-3.79,288.11,-32.84,6.99
2026-01-10 09:37:00+00:00,2.14,-4.47,-4.67,295.52,-43.31,6.81
2026-01-10 09:38:00+00:00,2.23,-3.10,-5.62,305.75,-55.79,6.80
2026-01-10 09:40:00+00:00,2.86,-1.99,-5.78,325.07,-58.93,6.75
2026-01-10 09:41:00+00:00,2.67,-0.15,-5.96,356.72,-65.83,6.53
2026-01-10 09:42:00+00:00,2.67,-0.27,-5.99,354.17,-65.91,6.57
2026-01-10 09:43:00+00:00,2.58,-1.37,-6.07,332.04,-64.31,6.74
2026-01-10 09:44:00+00:00,2.70,-2.18,-5.94,321.11,-59.72,6.88
2026-01-10 09:45:00+00:00,2.53,-1.55,-6.16,328.54,-64.28,6.83
2026-01-10 09:46:00+00:00,2.53,-1.26,-6.40,333.56,-66.19,7.00
2026-01-10 09:48:00+00:00,2.60,-1.28,-6.02,333.78,-64.26,6.68
2026-01-10 09:49:00+00:00,2.08,-0.21,-6.23,354.30,-71.45,6.58
2026-01-10 09:50:00+00:00,1.19,0.21,-6.55,10.11,-79.57,6.66
2026-01-10 09:52:00+00:00,3.32,-0.20,-5.15,356.63,-57.15,6.13
2026-01-10 09:53:00+00:00,1.46,1.42,-6.01,44.23,-71.32,6.35
2026-01-10 09:54:00+00:00,1.71,0.08,-5.98,2.71,-74.03,6.23
2026-01-10 09:55:00+00:00,2.15,-3.66,-4.53,300.43,-46.82,6.21
2026-01-10 09:56:00+00:00,2.80,-6.08,-3.25,294.73,-25.91,7.44
2026-01-10 09:57:00+00:00,2.78,-6.35,-3.20,293.67,-24.77,7.64
2026-01-10 09:58:00+00:00,2.64,-6.66,-2.29,291.61,-17.74,7.52
2026-01-10 10:00:00+00:00,2.84,-6.79,-2.40,292.68,-18.07,7.74
2026-01-10 10:01:00+00:00,2.63,-6.70,-2.13,291.41,-16.47,7.51
2026-01-10 10:04:00+00:00,2.86,-6.83,-2.04,292.75,-15.43,7.68
2026-01-10 10:05:00+00:00,2.60,-7.02,-2.04,290.37,-15.21,7.76
2026-01-10 10:08:00+00:00,1.90,-7.33,-1.41,284.54,-10.56,7.70
2026-01-10 10:09:00+00:00,1.92,-7.22,-1.90,284.92,-14.23,7.71
2026-01-10 10:12:00+00:00,2.27,-7.15,-1.85,287.61,-13.87,7.73
2026-01-10 10:13:00+00:00,2.48,-6.82,-2.48,290.03,-18.88,7.67
2026-01-10 10:15:00+00:00,2.33,-7.32,-1.66,287.64,-12.16,7.86
2026-01-10 10:16:00+00:00,1.89,-7.29,-1.75,284.56,-13.10,7.74
2026-01-10 10:17:00+00:00,1.94,-7.30,-1.35,284.86,-10.13,7.67
2026-01-10 10:18:00+00:00,2.13,-7.15,-1.68,286.63,-12.71,7.65
2026-01-10 10:19:00+00:00,2.57,-6.88,-2.01,290.46,-15.31,7.61
2026-01-10 10:20:00+00:00,2.61,-6.58,-3.05,291.61,-23.30,7.71
2026-01-10 10:21:00+00:00,2.08,-7.06,-2.33,286.44,-17.58,7.72
2026-01-10 10:22:00+00:00,2.17,-8.15,-1.45,284.93,-9.77,8.56
2026-01-10 10:24:00+00:00,2.52,-6.72,-3.00,290.54,-22.64,7.78
2026-01-10 10:25:00+00:00,2.30,-6.67,-3.34,289.04,-25.32,7.81
2026-01-10 10:26:00+00:00,2.56,-6.94,-1.58,290.24,-12.09,7.56
2026-01-10 10:28:00+00:00,2.51,-6.96,-2.84,289.87,-20.97,7.92
2026-01-10 10:29:00+00:00,2.15,-7.30,-2.78,286.44,-20.04,8.10
2026-01-10 10:30:00+00:00,2.55,-6.15,-2.92,292.48,-23.65,7.27
2026-01-10 10:32:00+00:00,2.45,-6.91,-3.31,289.50,-24.33,8.04
2026-01-10 10:33:00+00:00,2.49,-6.79,-3.58,290.15,-26.33,8.07
2026-01-10 10:34:00+00:00,2.56,-7.32,-4.16,289.29,-28.19,8.80
2026-01-10 10:36:00+00:00,1.85,-6.92,-3.96,285.00,-28.95,8.18
2026-01-10 10:37:00+00:00,1.87,-6.35,-4.68,286.39,-35.27,8.10
2026-01-10 10:38:00+00:00,2.39,-7.20,-4.39,288.37,-30.09,8.76
2026-01-10 10:40:00+00:00,2.73,-5.48,-5.07,296.50,-39.61,7.95
2026-01-10 10:41:00+00:00,2.58,-5.50,-5.21,295.16,-40.61,8.01
2026-01-10 10:44:00+00:00,3.31,-4.00,-6.11,309.60,-49.63,8.02
2026-01-10 10:45:00+00:00,3.02,-3.68,-6.53,309.37,-53.88,8.09
2026-01-10 10:48:00+00:00,2.71,-1.96,-7.50,324.08,-66.00,8.21
2026-01-10 10:49:00+00:00,2.60,-1.88,-7.85,324.20,-67.77,8.48
2026-01-10 10:51:00+00:00,2.33,-0.61,-8.06,345.23,-73.36,8.41
2026-01-10 10:52:00+00:00,2.23,0.29,-8.12,7.40,-74.54,8.43
2026-01-10 10:53:00+00:00,2.34,-0.14,-8.29,356.65,-74.19,8.62
2026-01-10 10:55:00+00:00,2.47,0.79,-8.40,17.82,-72.83,8.80
2026-01-10 10:56:00+00:00,2.49,1.05,-8.45,22.79,-72.26,8.87
2026-01-10 10:57:00+00:00,2.39,1.58,-8.28,33.49,-70.88,8.76
2026-01-10 10:59:00+00:00,2.48,1.92,-8.47,37.64,-69.67,9.03
2026-01-10 11:00:00+00:00,2.39,1.88,-8.41,38.13,-70.14,8.95
2026-01-10 11:01:00+00:00,1.66,0.91,-8.80,28.87,-77.86,9.00
2026-01-10 11:02:00+00:00,1.11,1.07,-8.65,44.02,-79.87,8.79
2026-01-10 11:04:00+00:00,2.33,1.17,-8.38,26.64,-72.74,8.78
2026-01-10 11:05:00+00:00,2.62,2.42,-7.94,42.70,-65.78,8.71
2026-01-10 11:06:00+00:00,2.37,3.56,-8.29,56.36,-62.69,9.33
2026-01-10 11:08:00+00:00,2.75,4.05,-7.21,55.81,-55.78,8.71
2026-01-10 11:09:00+00:00,2.88,3.30,-7.69,48.88,-60.35,8.85
2026-01-10 11:10:00+00:00,2.86,1.88,-8.27,33.28,-67.55,8.95
2026-01-10 11:12:00+00:00,3.11,1.13,-8.14,19.95,-67.85,8.79
2026-01-10 11:13:00+00:00,2.95,1.24,-8.15,22.91,-68.58,8.76
2026-01-10 11:14:00+00:00,3.30,0.45,-7.61,7.78,-66.38,8.31
2026-01-10 11:16:00+00:00,2.99,0.59,-8.23,11.12,-69.67,8.77
2026-01-10 11:17:00+00:00,3.00,-0.40,-8.25,352.45,-69.86,8.78
2026-01-10 11:18:00+00:00,2.42,0.27,-8.03,6.36,-73.12,8.39
2026-01-10 11:20:00+00:00,2.79,-0.93,-8.35,341.56,-70.60,8.85
2026-01-10 11:21:00+00:00,2.78,-0.58,-8.35,348.29,-71.21,8.82
2026-01-10 11:22:00+00:00,2.51,-0.65,-8.96,345.42,-73.86,9.33
2026-01-10 11:24:00+00:00,2.16,-0.21,-8.47,354.37,-75.66,8.75
2026-01-10 11:25:00+00:00,1.94,-0.57,-8.52,343.59,-76.66,8.76
2026-01-10 11:26:00+00:00,1.60,-1.32,-9.22,320.48,-77.36,9.45
2026-01-10 11:28:00+00:00,1.86,-0.65,-8.36,340.76,-76.78,8.59
2026-01-10 11:29:00+00:00,2.04,-0.69,-8.21,341.29,-75.32,8.49
2026-01-10 11:30:00+00:00,2.95,-1.49,-7.39,333.21,-65.91,8.09
2026-01-10 11:32:00+00:00,1.88,-0.76,-8.34,337.99,-76.34,8.59
2026-01-10 11:33:00+00:00,2.42,-0.87,-8.15,340.31,-72.47,8.55
2026-01-10 11:34:00+00:00,2.66,-0.83,-7.31,342.66,-69.10,7.82
2026-01-10 11:36:00+00:00,2.12,-1.31,-8.09,328.34,-72.86,8.47
2026-01-10 11:37:00+00:00,2.27,-1.45,-8.04,327.34,-71.49,8.48
2026-01-10 11:38:00+00:00,1.25,-1.69,-8.38,306.40,-75.90,8.64
2026-01-10 11:40:00+00:00,2.56,-1.07,-7.67,337.33,-70.10,8.16
2026-01-10 11:41:00+00:00,2.21,-1.63,-7.74,323.73,-70.47,8.22
2026-01-10 11:44:00+00:00,2.07,-2.00,-7.50,316.07,-69.02,8.03
2026-01-10 11:45:00+00:00,1.76,-2.08,-7.45,310.22,-69.92,7.93
2026-01-10 11:48:00+00:00,2.11,-1.82,-7.22,319.19,-68.93,7.74
2026-01-10 11:49:00+00:00,2.27,-1.57,-7.11,325.31,-68.73,7.62
2026-01-10 11:50:00+00:00,1.58,-1.94,-7.33,309.14,-71.16,7.74
2026-01-10 11:51:00+00:00,1.63,-1.86,-7.28,311.32,-71.24,7.69
2026-01-10 11:52:00+00:00,1.72,-1.67,-7.42,315.80,-72.12,7.79
2026-01-10 11:53:00+00:00,2.17,-1.83,-7.13,319.85,-68.29,7.68
2026-01-10 11:54:00+00:00,2.06,-1.56,-7.06,322.83,-69.89,7.52
2026-01-10 11:55:00+00:00,2.03,-1.39,-7.15,325.51,-71.01,7.56
2026-01-10 11:56:00+00:00,1.94,-1.51,-7.25,322.13,-71.26,7.65
2026-01-10 11:57:00+00:00,2.01,-1.31,-7.28,326.88,-71.71,7.66
2026-01-10 11:58:00+00:00,1.95,-1.48,-8.13,322.74,-73.22,8.49
2026-01-10 12:00:00+00:00,1.34,-2.61,-6.94,297.21,-67.11,7.53
2026-01-10 12:01:00+00:00,0.75,-1.96,-7.64,290.90,-74.66,7.92
2026-01-10 12:02:00+00:00,2.13,-3.94,-6.92,298.38,-57.10,8.25
2026-01-10 12:04:00+00:00,1.24,-0.29,-7.59,346.64,-80.46,7.69
2026-01-10 12:05:00+00:00,1.23,-0.63,-7.49,332.79,-79.51,7.62
2026-01-10 12:06:00+00:00,1.29,-0.65,-6.54,333.14,-77.57,6.70
2026-01-10 12:08:00+00:00,1.67,-0.58,-7.56,340.81,-76.84,7.76
2026-01-10 12:09:00+00:00,1.79,-0.05,-7.28,358.39,-76.15,7.50
2026-01-10 12:10:00+00:00,2.04,2.06,-6.95,45.36,-67.36,7.53
2026-01-10 12:12:00+00:00,3.85,-0.16,-6.23,357.57,-58.28,7.33
2026-01-10 12:13:00+00:00,3.72,0.20,-6.31,3.13,-59.46,7.33
2026-01-10 12:14:00+00:00,3.28,0.85,-7.45,14.49,-65.58,8.18
2026-01-10 12:16:00+00:00,3.49,1.62,-6.29,24.90,-58.55,7.37
2026-01-10 12:17:00+00:00,4.03,1.92,-6.04,25.51,-53.53,7.51
2026-01-10 12:18:00+00:00,3.93,1.25,-6.66,17.65,-58.21,7.84
2026-01-10 12:20:00+00:00,3.61,2.46,-5.82,34.25,-53.13,7.27
2026-01-10 12:21:00+00:00,3.38,2.57,-5.81,37.25,-53.87,7.19
2026-01-10 12:22:00+00:00,3.94,1.72,-4.89,23.56,-48.68,6.52
2026-01-10 12:24:00+00:00,3.01,2.86,-5.63,43.46,-53.59,6.99
2026-01-10 12:25:00+00:00,1.70,2.28,-6.90,53.25,-67.59,7.46
2026-01-10 12:26:00+00:00,2.04,1.76,-6.93,40.77,-68.80,7.43
2026-01-10 12:28:00+00:00,2.11,2.51,-6.49,49.96,-63.22,7.27
2026-01-10 12:29:00+00:00,2.42,2.19,-6.59,42.08,-63.65,7.35
2026-01-10 12:30:00+00:00,2.49,3.22,-6.89,52.31,-59.42,8.01
2026-01-10 12:32:00+00:00,3.67,5.88,-0.60,58.03,-4.97,6.96
2026-01-10 12:33:00+00:00,3.45,5.73,-1.70,58.99,-14.25,6.90
2026-01-10 12:34:00+00:00,3.72,4.64,-2.92,51.31,-26.20,6.62
2026-01-10 12:36:00+00:00,1.04,2.78,-6.98,69.52,-66.93,7.58
2026-01-10 12:37:00+00:00,1.04,3.34,-6.73,72.69,-62.54,7.59
2026-01-10 12:38:00+00:00,1.57,2.43,-6.23,57.19,-65.11,6.86
2026-01-10 12:40:00+00:00,1.87,3.79,-6.45,63.72,-56.78,7.71
2026-01-10 12:41:00+00:00,1.95,3.63,-6.53,61.75,-57.70,7.72
2026-01-10 12:42:00+00:00,1.81,3.99,-5.88,65.61,-53.34,7.33
2026-01-10 12:44:00+00:00,1.76,3.70,-6.50,64.58,-57.76,7.68
2026-01-10 12:45:00+00:00,1.81,3.81,-5.88,64.64,-54.36,7.24
2026-01-10 12:46:00+00:00,1.32,4.24,-6.53,72.76,-55.79,7.90
2026-01-10 12:48:00+00:00,2.08,3.61,-5.93,60.05,-54.89,7.25
2026-01-10 12:49:00+00:00,2.32,3.92,-5.45,59.35,-50.09,7.10
2026-01-10 12:50:00+00:00,2.23,4.01,-5.81,60.90,-51.72,7.40
2026-01-10 12:52:00+00:00,2.33,5.28,-3.48,66.22,-31.07,6.74
2026-01-10 12:53:00+00:00,2.32,5.31,-3.41,66.43,-30.49,6.72
2026-01-10 12:54:00+00:00,2.63,3.62,-3.76,53.99,-40.06,5.84
2026-01-10 12:56:00+00:00,2.87,4.70,-4.03,58.59,-36.19,6.82
2026-01-10 12:57:00+00:00,2.43,4.42,-3.94,61.16,-38.01,6.40
2026-01-10 12:58:00+00:00,2.82,4.68,-3.01,58.98,-28.83,6.24
2026-01-10 13:00:00+00:00,2.65,5.16,-3.96,62.87,-34.29,7.02
2026-01-10 13:01:00+00:00,2.52,5.01,-4.29,63.24,-37.45,7.06
2026-01-10 13:02:00+00:00,2.29,5.01,-4.18,65.47,-37.23,6.91
2026-01-10 13:03:00+00:00,2.72,4.84,-4.38,60.67,-38.32,7.07
2026-01-10 13:04:00+00:00,2.86,4.82,-4.35,59.26,-37.84,7.09
2026-01-10 13:05:00+00:00,2.55,5.51,-3.37,65.16,-29.06,6.94
2026-01-10 13:06:00+00:00,2.69,4.99,-4.75,61.68,-39.93,7.39
2026-01-10 13:08:00+00:00,2.84,4.80,-4.67,59.45,-39.90,7.27
2026-01-10 13:09:00+00:00,2.77,5.00,-4.57,60.97,-38.64,7.31
2026-01-10 13:10:00+00:00,2.91,4.77,-4.67,58.59,-39.86,7.28
2026-01-10 13:12:00+00:00,3.45,4.35,-4.51,51.53,-39.07,7.15
2026-01-10 13:13:00+00:00,3.22,4.61,-4.56,55.06,-39.02,7.24
2026-01-10 13:14:00+00:00,2.74,5.51,-3.63,63.55,-30.55,7.15
2026-01-10 13:16:00+00:00,2.89,4.29,-4.90,56.04,-43.43,7.13
2026-01-10 13:17:00+00:00,3.07,3.90,-5.22,51.81,-46.42,7.20
2026-01-10 13:18:00+00:00,3.18,4.04,-4.74,51.81,-42.67,7.00
2026-01-10 13:20:00+00:00,3.34,4.89,-4.05,55.66,-34.40,7.18
2026-01-10 13:21:00+00:00,3.36,4.74,-4.19,54.63,-35.80,7.16
2026-01-10 13:22:00+00:00,3.68,4.46,-4.62,50.42,-38.65,7.40
2026-01-10 13:24:00+00:00,3.94,3.83,-4.63,44.16,-40.08,7.18
2026-01-10 13:25:00+00:00,3.75,4.03,-4.65,47.03,-40.22,7.21
2026-01-10 13:26:00+00:00,3.69,4.14,-4.98,48.27,-41.92,7.45
2026-01-10 13:28:00+00:00,3.92,4.78,-3.59,50.64,-30.15,7.15
2026-01-10 13:29:00+00:00,3.74,4.91,-3.62,52.73,-30.39,7.15
2026-01-10 13:30:00+00:00,4.48,4.33,-3.43,44.01,-28.81,7.11
2026-01-10 13:32:00+00:00,4.61,3.57,-3.80,37.80,-33.11,6.96
2026-01-10 13:33:00+00:00,5.30,2.45,-3.68,24.85,-32.22,6.90
2026-01-10 13:34:00+00:00,5.01,3.38,-3.44,34.06,-29.65,6.95
2026-01-10 13:36:00+00:00,4.16,4.10,-4.11,44.55,-35.15,7.14
2026-01-10 13:37:00+00:00,4.88,3.48,-3.84,35.51,-32.64,7.12
2026-01-10 13:38:00+00:00,4.54,4.01,-5.01,41.48,-39.64,7.86
2026-01-10 13:40:00+00:00,4.49,3.73,-4.12,39.71,-35.22,7.15
2026-01-10 13:41:00+00:00,4.48,3.91,-3.98,41.11,-33.79,7.15
2026-01-10 13:42:00+00:00,4.79,2.91,-4.79,31.34,-40.51,7.37
2026-01-10 13:44:00+00:00,4.36,4.08,-3.90,43.10,-33.12,7.14
2026-01-10 13:45:00+00:00,2.53,5.17,-3.54,63.95,-31.64,6.76
2026-01-10 13:46:00+00:00,1.39,4.88,-3.14,74.11,-31.75,5.96
2026-01-10 13:48:00+00:00,1.78,6.41,-2.90,74.46,-23.54,7.25
2026-01-10 13:49:00+00:00,1.93,6.69,-2.43,73.88,-19.24,7.37
2026-01-10 13:50:00+00:00,1.73,7.40,-1.64,76.84,-12.21,7.78
2026-01-10 13:52:00+00:00,2.29,6.34,-2.35,70.12,-19.20,7.14
2026-01-10 13:53:00+00:00,1.64,5.70,-1.02,73.94,-9.79,6.02
2026-01-10 13:54:00+00:00,1.23,6.53,-1.57,79.36,-13.32,6.83
2026-01-10 13:56:00+00:00,2.22,5.34,-2.68,67.43,-24.84,6.37
2026-01-10 13:57:00+00:00,2.69,5.21,-2.98,62.74,-26.92,6.58
2026-01-10 13:58:00+00:00,2.59,4.23,-4.56,58.49,-42.60,6.73
2026-01-10 14:00:00+00:00,2.48,2.84,-5.83,48.91,-57.09,6.94
2026-01-10 14:01:00+00:00,2.26,3.52,-5.80,57.28,-54.20,7.15
2026-01-10 14:02:00+00:00,2.33,2.49,-5.60,46.91,-58.67,6.56
2026-01-10 14:04:00+00:00,2.06,3.70,-5.73,60.87,-53.55,7.12
2026-01-10 14:05:00+00:00,1.70,3.46,-6.09,63.87,-57.68,7.21
2026-01-10 14:06:00+00:00,2.59,3.28,-5.23,51.61,-51.36,6.69
2026-01-10 14:08:00+00:00,1.93,3.13,-6.22,58.34,-59.39,7.23
2026-01-10 14:09:00+00:00,1.87,3.09,-6.27,58.77,-60.07,7.24
2026-01-10 14:10:00+00:00,1.56,3.42,-6.24,65.49,-58.96,7.28
2026-01-10 14:12:00+00:00,1.43,4.04,-6.11,70.49,-54.98,7.47
2026-01-10 14:13:00+00:00,0.97,4.47,-6.03,77.79,-52.85,7.57
2026-01-10 14:14:00+00:00,1.47,4.48,-6.05,71.85,-52.08,7.66
2026-01-10 14:16:00+00:00,2.14,3.74,-6.20,60.21,-55.17,7.55
2026-01-10 14:17:00+00:00,1.96,3.87,-6.15,63.12,-54.80,7.53
2026-01-10 14:18:00+00:00,2.24,3.82,-6.14,59.66,-54.18,7.57
2026-01-10 14:20:00+00:00,2.49,2.68,-6.73,47.09,-61.46,7.67
2026-01-10 14:21:00+00:00,2.64,2.96,-6.56,48.33,-58.81,7.66
2026-01-10 14:22:00+00:00,2.93,3.49,-6.05,50.03,-53.05,7.58
2026-01-10 14:24:00+00:00,2.88,3.57,-5.96,51.10,-52.37,7.52
2026-01-10 14:25:00+00:00,2.21,4.08,-6.05,61.54,-52.53,7.62
2026-01-10 14:26:00+00:00,1.90,4.39,-6.44,66.53,-53.41,8.02
2026-01-10 14:28:00+00:00,2.04,2.65,-6.94,52.40,-64.26,7.71
2026-01-10 14:29:00+00:00,1.28,1.00,-7.58,38.00,-77.91,7.75
2026-01-10 14:30:00+00:00,0.78,0.07,-8.70,5.21,-84.87,8.74
2026-01-10 14:32:00+00:00,1.11,0.37,-7.67,18.68,-81.33,7.76
2026-01-10 14:33:00+00:00,1.79,0.76,-7.54,23.06,-75.53,7.79
2026-01-10 14:34:00+00:00,1.94,-0.20,-7.85,354.13,-76.02,8.09
2026-01-10 14:36:00+00:00,1.36,-0.14,-7.74,354.32,-80.00,7.86
2026-01-10 14:37:00+00:00,1.58,0.15,-7.65,5.38,-78.29,7.81
2026-01-10 14:38:00+00:00,1.91,0.19,-7.63,5.55,-75.87,7.87
2026-01-10 14:40:00+00:00,2.13,0.23,-7.58,6.17,-74.24,7.88
2026-01-10 14:41:00+00:00,1.93,0.96,-7.54,26.56,-74.05,7.85
2026-01-10 14:42:00+00:00,1.61,0.36,-7.63,12.64,-77.83,7.81
2026-01-10 14:44:00+00:00,0.99,0.79,-7.88,38.54,-80.87,7.98
2026-01-10 14:45:00+00:00,1.43,1.08,-7.63,37.06,-76.82,7.83
2026-01-10 14:46:00+00:00,0.27,0.44,-7.84,58.53,-86.25,7.85
2026-01-10 14:48:00+00:00,0.21,-3.94,-6.61,273.11,-59.19,7.70
2026-01-10 14:49:00+00:00,0.63,-5.65,-5.78,276.40,-45.50,8.10
2026-01-10 14:50:00+00:00,0.87,-4.69,-6.28,280.47,-52.78,7.89
2026-01-10 14:51:00+00:00,-0.61,-5.84,-5.27,264.01,-41.91,7.89
2026-01-10 14:52:00+00:00,1.09,-4.12,-6.15,284.78,-55.33,7.48
2026-01-10 14:53:00+00:00,1.38,-3.33,-6.62,292.47,-61.45,7.53
2026-01-10 14:55:00+00:00,-0.40,-4.99,-6.32,265.46,-51.63,8.06
2026-01-10 14:56:00+00:00,-0.53,-5.13,-6.38,264.10,-51.04,8.20
2026-01-10 14:57:00+00:00,-0.28,-5.38,-6.18,267.04,-48.92,8.20
2026-01-10 14:59:00+00:00,-1.61,-6.61,-4.44,256.29,-33.14,8.13
2026-01-10 15:00:00+00:00,-2.21,-7.20,-3.50,252.91,-24.90,8.30
2026-01-10 15:01:00+00:00,-2.40,-6.80,-3.89,250.54,-28.31,8.20
2026-01-10 15:03:00+00:00,-2.23,-6.83,-3.73,251.94,-27.42,8.09
2026-01-10 15:04:00+00:00,-1.30,-6.56,-4.25,258.81,-32.42,7.92
2026-01-10 15:05:00+00:00,-1.98,-6.86,-3.62,253.90,-26.88,8.00
2026-01-10 15:07:00+00:00,-1.76,-5.79,-4.57,253.07,-37.02,7.58
2026-01-10 15:08:00+00:00,-0.54,-4.61,-6.23,263.35,-53.33,7.76
2026-01-10 15:09:00+00:00,-1.14,-5.20,-5.76,257.66,-47.24,7.84
2026-01-10 15:11:00+00:00,-0.02,-3.03,-6.87,269.70,-66.20,7.51
2026-01-10 15:12:00+00:00,-0.21,-3.17,-6.78,266.16,-64.90,7.49
2026-01-10 15:13:00+00:00,-0.11,-2.96,-6.84,267.94,-66.61,7.46
2026-01-10 15:15:00+00:00,-0.13,-2.75,-6.85,267.25,-68.12,7.38
2026-01-10 15:16:00+00:00,-0.17,-2.40,-6.94,265.88,-70.88,7.35
2026-01-10 15:17:00+00:00,-0.30,-2.30,-6.83,262.58,-71.26,7.21
2026-01-10 15:20:00+00:00,0.58,-1.93,-7.00,286.72,-73.97,7.29
2026-01-10 15:21:00+00:00,0.66,-1.67,-7.09,291.65,-75.77,7.31
2026-01-10 15:22:00+00:00,1.03,-2.27,-7.93,294.47,-72.56,8.32
2026-01-10 15:24:00+00:00,0.55,-0.95,-7.67,300.13,-81.83,7.75
2026-01-10 15:25:00+00:00,0.51,-1.36,-7.56,290.47,-79.10,7.70
2026-01-10 15:26:00+00:00,0.39,-3.06,-7.22,277.27,-66.89,7.85
2026-01-10 15:28:00+00:00,1.22,-2.56,-6.97,295.50,-67.90,7.53
2026-01-10 15:29:00+00:00,1.12,-2.26,-6.91,296.46,-69.96,7.35
2026-01-10 15:30:00+00:00,1.60,-1.28,-6.83,321.48,-73.29,7.13
2026-01-10 15:31:00+00:00,1.49,-2.09,-6.61,305.51,-68.80,7.09
2026-01-10 15:32:00+00:00,1.29,-2.51,-6.48,297.19,-66.46,7.07
2026-01-10 15:33:00+00:00,1.07,-2.34,-6.58,294.46,-68.63,7.07
2026-01-10 15:34:00+00:00,0.75,-2.29,-6.22,288.10,-68.86,6.67
2026-01-10 15:36:00+00:00,1.20,-6.59,-3.37,280.34,-26.71,7.50
2026-01-10 15:37:00+00:00,1.38,-6.38,-3.72,282.21,-29.66,7.52
2026-01-10 15:38:00+00:00,1.44,-4.64,-5.01,287.20,-45.89,6.98
2026-01-10 15:39:00+00:00,1.73,-2.87,-6.21,301.09,-61.67,7.06
2026-01-10 15:40:00+00:00,1.62,-2.04,-6.47,308.48,-68.12,6.97
2026-01-10 15:41:00+00:00,1.51,-1.76,-6.48,310.55,-70.28,6.88
2026-01-10 15:42:00+00:00,1.89,-3.01,-6.55,302.17,-61.55,7.46
2026-01-10 15:44:00+00:00,2.10,-1.39,-6.37,326.52,-68.41,6.86
2026-01-10 15:45:00+00:00,2.73,-1.31,-6.02,334.32,-63.27,6.74
2026-01-10 15:46:00+00:00,1.54,-2.25,-6.50,304.46,-67.25,7.04
2026-01-10 15:48:00+00:00,2.16,-1.77,-6.50,320.73,-66.73,7.08
2026-01-10 15:49:00+00:00,2.55,-1.79,-6.46,324.92,-64.30,7.17
2026-01-10 15:50:00+00:00,2.76,-1.63,-6.27,329.38,-62.89,7.04
2026-01-10 15:51:00+00:00,2.69,-2.21,-6.13,320.63,-60.38,7.05
2026-01-10 15:52:00+00:00,2.47,-2.74,-6.05,311.97,-58.62,7.09
2026-01-10 15:53:00+00:00,3.00,-3.33,-5.58,312.03,-51.24,7.16
2026-01-10 15:54:00+00:00,2.89,-3.65,-6.12,308.35,-52.76,7.69
2026-01-10 15:56:00+00:00,2.77,-3.79,-5.06,306.16,-47.15,6.90
2026-01-10 15:57:00+00:00,1.89,-3.15,-6.07,301.00,-58.77,7.10
2026-01-10 15:58:00+00:00,2.02,-2.89,-6.10,304.99,-59.96,7.05
2026-01-10 15:59:00+00:00,2.48,-2.22,-5.65,318.18,-59.51,6.55
2026-01-10 16:00:00+00:00,2.16,-1.92,-6.44,318.39,-65.88,7.06
2026-01-10 16:01:00+00:00,2.01,-1.36,-6.59,325.96,-69.79,7.03
2026-01-10 16:04:00+00:00,2.18,-1.56,-6.45,324.39,-67.45,6.99
2026-01-10 16:05:00+00:00,2.11,-1.92,-6.15,317.74,-65.14,6.78
2026-01-10 16:08:00+00:00,1.93,-0.99,-6.69,332.78,-72.05,7.03
2026-01-10 16:09:00+00:00,2.22,-0.37,-6.76,350.61,-71.61,7.12
2026-01-10 16:12:00+00:00,1.48,1.49,-7.19,45.14,-73.72,7.49
2026-01-10 16:13:00+00:00,1.76,0.90,-7.31,27.01,-74.90,7.57
2026-01-10 16:15:00+00:00,1.58,0.99,-7.28,31.90,-75.62,7.51
2026-01-10 16:16:00+00:00,1.24,1.36,-7.43,47.62,-76.05,7.66
2026-01-10 16:17:00+00:00,1.27,1.18,-7.56,42.93,-77.04,7.76
2026-01-10 16:20:00+00:00,1.85,0.75,-7.17,22.16,-74.46,7.44
2026-01-10 16:21:00+00:00,2.02,0.38,-7.14,10.56,-73.93,7.43
2026-01-10 16:23:00+00:00,1.93,0.66,-7.23,18.81,-74.23,7.51
2026-01-10 16:24:00+00:00,1.64,0.88,-7.28,28.16,-75.64,7.51
2026-01-10 16:25:00+00:00,1.86,0.81,-7.11,23.58,-74.09,7.39
2026-01-10 16:27:00+00:00,1.73,-0.27,-7.10,351.16,-76.15,7.31
2026-01-10 16:28:00+00:00,1.88,-0.10,-6.84,356.82,-74.60,7.09
2026-01-10 16:29:00+00:00,1.86,-0.09,-6.80,357.25,-74.66,7.05
2026-01-10 16:32:00+00:00,1.96,-1.02,-6.46,332.52,-71.15,6.83
2026-01-10 16:33:00+00:00,1.75,-1.02,-6.45,329.86,-72.59,6.76
2026-01-10 16:35:00+00:00,2.44,0.39,-6.16,9.12,-68.17,6.64
2026-01-10 16:36:00+00:00,2.74,1.41,-6.10,27.27,-63.21,6.83
2026-01-10 16:37:00+00:00,2.90,0.51,-6.25,9.89,-64.76,6.91
2026-01-10 16:40:00+00:00,2.94,4.28,-4.29,55.51,-39.59,6.74
2026-01-10 16:41:00+00:00,3.29,3.91,-4.60,49.87,-41.96,6.87
2026-01-10 16:44:00+00:00,3.20,1.99,-6.18,31.84,-58.64,7.24
2026-01-10 16:45:00+00:00,3.35,1.03,-6.35,17.06,-61.06,7.25
2026-01-10 16:48:00+00:00,1.88,0.50,-7.10,14.87,-74.65,7.36
2026-01-10 16:49:00+00:00,1.99,0.36,-7.24,10.15,-74.37,7.52
2026-01-10 16:51:00+00:00,2.98,1.95,-5.81,33.14,-58.48,6.81
2026-01-10 16:52:00+00:00,2.83,1.11,-6.43,21.44,-64.72,7.11
2026-01-10 16:53:00+00:00,3.05,1.65,-6.07,28.38,-60.30,6.99
2026-01-10 16:56:00+00:00,2.24,-0.49,-6.13,347.78,-69.51,6.55
2026-01-10 16:57:00+00:00,1.44,-3.89,-6.15,290.35,-55.98,7.42
2026-01-10 16:59:00+00:00,1.42,-3.53,-6.13,291.91,-58.16,7.22
2026-01-10 17:00:00+00:00,1.28,-1.85,-6.00,304.67,-69.44,6.41
2026-01-10 17:01:00+00:00,2.34,1.46,-6.81,31.95,-67.91,7.35
2026-01-10 17:03:00+00:00,2.74,1.21,-6.83,23.93,-66.32,7.45
2026-01-10 17:04:00+00:00,2.76,1.53,-6.71,29.03,-64.82,7.41
2026-01-10 17:05:00+00:00,2.35,1.59,-6.95,34.13,-67.80,7.51
2026-01-10 17:08:00+00:00,2.88,1.19,-6.45,22.38,-64.25,7.17
2026-01-10 17:09:00+00:00,2.57,2.84,-6.43,47.92,-59.24,7.49
2026-01-10 17:11:00+00:00,1.19,3.93,-5.72,73.09,-54.31,7.04
2026-01-10 17:12:00+00:00,2.20,3.29,-5.73,56.14,-55.38,6.96
2026-01-10 17:13:00+00:00,2.62,2.61,-5.83,44.89,-57.61,6.90
2026-01-10 17:16:00+00:00,2.90,1.22,-5.78,22.74,-61.41,6.58
2026-01-10 17:17:00+00:00,2.12,-0.89,-6.26,337.32,-69.82,6.67
2026-01-10 17:19:00+00:00,1.13,-3.93,-6.25,286.04,-56.78,7.47
2026-01-10 17:20:00+00:00,0.67,-5.01,-5.61,277.64,-47.98,7.56
2026-01-10 17:21:00+00:00,0.53,-4.56,-5.87,276.69,-51.98,7.45
2026-01-10 17:23:00+00:00,2.44,4.07,-2.43,59.02,-27.06,5.33
2026-01-10 17:24:00+00:00,2.58,6.66,-1.63,68.81,-12.83,7.33
2026-01-10 17:25:00+00:00,4.13,5.85,-2.12,54.79,-16.49,7.47
2026-01-10 17:28:00+00:00,4.12,5.63,-2.76,53.81,-21.62,7.50
2026-01-10 17:29:00+00:00,3.62,6.29,-2.44,60.07,-18.59,7.66
2026-01-10 17:32:00+00:00,3.79,6.37,-2.80,59.22,-20.70,7.93
2026-01-10 17:33:00+00:00,4.02,5.87,-3.31,55.59,-24.99,7.84
2026-01-10 17:36:00+00:00,4.96,4.04,-4.42,39.15,-34.66,7.78
2026-01-10 17:37:00+00:00,4.80,4.84,-4.27,45.24,-32.05,8.04
2026-01-10 17:40:00+00:00,4.52,4.67,-4.86,45.90,-36.79,8.11
2026-01-10 17:41:00+00:00,4.53,4.29,-5.27,43.42,-40.17,8.17
2026-01-10 17:44:00+00:00,4.43,5.32,-4.22,50.21,-31.34,8.11
2026-01-10 17:45:00+00:00,4.50,5.54,-4.20,50.92,-30.43,8.28
2026-01-10 17:47:00+00:00,4.56,6.16,-3.17,53.46,-22.48,8.30
2026-01-10 17:48:00+00:00,4.59,6.15,-3.36,53.26,-23.63,8.37
2026-01-10 17:49:00+00:00,3.98,6.73,-2.77,59.43,-19.51,8.29
2026-01-10 17:52:00+00:00,4.14,5.20,-4.85,51.46,-36.10,8.22
2026-01-10 17:53:00+00:00,4.24,5.42,-4.59,51.95,-33.69,8.27
2026-01-10 17:56:00+00:00,3.47,6.39,-4.77,61.45,-33.24,8.69
2026-01-10 17:57:00+00:00,3.44,5.85,-5.37,59.57,-38.33,8.66
2026-01-10 18:00:00+00:00,4.18,1.72,-7.10,22.30,-57.52,8.42
2026-01-10 18:01:00+00:00,4.08,2.00,-7.28,26.14,-58.02,8.58
2026-01-10 18:04:00+00:00,3.12,5.59,-4.25,60.82,-33.58,7.69
2026-01-10 18:05:00+00:00,3.32,6.39,-3.57,62.59,-26.38,8.04
2026-01-10 18:07:00+00:00,3.61,5.71,-4.09,57.69,-31.20,7.89
2026-01-10 18:08:00+00:00,2.88,6.23,-4.22,65.21,-31.59,8.06
2026-01-10 18:09:00+00:00,2.68,6.69,-3.52,68.18,-26.06,8.02
2026-01-10 18:12:00+00:00,1.90,7.53,-2.91,75.83,-20.55,8.30
2026-01-10 18:13:00+00:00,3.19,5.61,-4.87,60.34,-37.02,8.08
2026-01-10 18:16:00+00:00,3.07,3.33,-6.70,47.34,-55.93,8.09
2026-01-10 18:17:00+00:00,3.34,3.59,-6.46,47.12,-52.78,8.11
2026-01-10 18:20:00+00:00,3.10,3.81,-6.39,50.86,-52.48,8.06
2026-01-10 18:21:00+00:00,3.79,2.75,-6.35,35.93,-53.60,7.88
2026-01-10 18:24:00+00:00,4.73,4.16,-4.98,41.33,-38.37,8.03
2026-01-10 18:25:00+00:00,4.70,4.24,-4.65,42.04,-36.28,7.85
2026-01-10 18:28:00+00:00,3.92,4.54,-5.23,49.20,-41.09,7.95
2026-01-10 18:29:00+00:00,4.15,3.97,-5.54,43.75,-43.97,7.98
2026-01-10 18:32:00+00:00,4.89,2.30,-5.64,25.14,-46.18,7.81
2026-01-10 18:33:00+00:00,4.74,2.32,-6.01,26.06,-48.71,8.00
2026-01-10 18:36:00+00:00,5.37,2.71,-4.82,26.83,-38.71,7.71
2026-01-10 18:37:00+00:00,4.90,2.43,-5.49,26.42,-45.10,7.75
2026-01-10 18:40:00+00:00,4.33,2.01,-5.84,24.95,-50.72,7.54
2026-01-10 18:41:00+00:00,4.57,2.37,-5.74,27.39,-48.10,7.71
2026-01-10 18:44:00+00:00,4.48,1.81,-6.23,21.96,-52.18,7.89
2026-01-10 18:45:00+00:00,4.57,1.80,-6.07,21.49,-51.03,7.80
2026-01-10 18:48:00+00:00,4.55,2.41,-5.92,27.87,-48.96,7.84
2026-01-10 18:49:00+00:00,4.62,2.83,-5.59,31.55,-45.92,7.79
2026-01-10 18:52:00+00:00,4.04,0.23,-6.00,3.29,-56.00,7.23
2026-01-10 18:53:00+00:00,3.73,1.38,-5.62,20.28,-54.70,6.89
2026-01-10 18:56:00+00:00,3.77,0.83,-6.06,12.38,-57.48,7.19
2026-01-10 18:57:00+00:00,3.16,0.82,-6.36,14.53,-62.82,7.15
2026-01-10 19:00:00+00:00,3.37,0.61,-5.86,10.24,-59.72,6.78
2026-01-10 19:01:00+00:00,3.72,1.13,-5.87,16.95,-56.48,7.04
2026-01-10 19:04:00+00:00,1.67,-0.56,-7.35,341.51,-76.53,7.56
2026-01-10 19:05:00+00:00,1.61,-1.48,-7.18,317.43,-73.11,7.51
2026-01-10 19:07:00+00:00,2.10,-0.66,-7.32,342.70,-73.23,7.64
2026-01-10 19:08:00+00:00,1.61,-0.98,-7.44,328.74,-75.80,7.68
2026-01-10 19:09:00+00:00,0.75,-0.98,-7.53,307.44,-80.70,7.63
2026-01-10 19:11:00+00:00,3.36,0.93,-5.63,15.46,-58.23,6.63
2026-01-10 19:12:00+00:00,4.56,1.56,-4.84,18.93,-45.13,6.83
2026-01-10 19:13:00+00:00,4.11,1.27,-5.17,17.09,-50.19,6.72
2026-01-10 19:16:00+00:00,4.10,1.73,-4.58,22.89,-45.83,6.38
2026-01-10 19:17:00+00:00,4.75,1.76,-3.30,20.37,-33.05,6.05
2026-01-10 19:20:00+00:00,4.01,1.67,-4.23,22.61,-44.25,6.07
2026-01-10 19:21:00+00:00,4.44,1.47,-3.54,18.29,-37.08,5.87
2026-01-10 19:22:00+00:00,4.59,0.33,-4.00,4.17,-41.03,6.10
2026-01-10 19:24:00+00:00,3.93,2.58,-3.56,33.28,-37.14,5.89
2026-01-10 19:25:00+00:00,3.04,3.87,-3.31,51.81,-33.92,5.93
2026-01-10 19:28:00+00:00,2.03,2.54,-3.37,51.34,-45.95,4.69
2026-01-10 19:29:00+00:00,1.84,3.71,-3.42,63.61,-39.54,5.37
2026-01-10 19:32:00+00:00,1.65,3.62,-4.73,65.52,-49.95,6.17
2026-01-10 19:33:00+00:00,2.05,3.40,-4.70,58.96,-49.81,6.15
2026-01-10 19:36:00+00:00,-0.31,3.37,-9.22,95.30,-69.84,9.82
2026-01-10 19:37:00+00:00,-2.53,2.88,-15.28,131.39,-75.91,15.75
2026-01-10 19:39:00+00:00,-3.97,2.60,-18.30,146.76,-75.44,18.91
2026-01-10 19:40:00+00:00,-2.54,5.34,-17.15,115.39,-70.97,18.14
2026-01-10 19:41:00+00:00,-0.81,12.33,-6.46,93.78,-27.62,13.94
2026-01-10 19:44:00+00:00,-1.06,11.63,-5.21,95.21,-24.05,12.79
2026-01-10 19:45:00+00:00,-0.56,12.17,-4.62,92.62,-20.79,13.03
2026-01-10 19:46:00+00:00,-0.82,12.72,-3.81,93.69,-16.65,13.30
2026-01-10 19:48:00+00:00,0.06,13.96,-3.52,89.74,-14.16,14.39
2026-01-10 19:49:00+00:00,0.26,14.62,-1.09,88.97,-4.25,14.66
2026-01-10 19:52:00+00:00,1.07,15.76,-4.39,86.13,-15.53,16.40
2026-01-10 19:53:00+00:00,-1.48,15.61,-4.37,95.42,-15.57,16.27
2026-01-10 19:56:00+00:00,-1.25,16.27,0.93,94.39,3.28,16.35
2026-01-10 19:57:00+00:00,0.34,15.02,4.15,88.71,15.43,15.58
2026-01-10 20:00:00+00:00,-1.59,13.36,-3.05,96.78,-12.79,13.79
2026-01-10 20:01:00+00:00,-2.71,13.14,-3.28,101.66,-13.75,13.81
2026-01-10 20:03:00+00:00,1.30,9.92,-7.44,82.56,-36.64,12.46
2026-01-10 20:04:00+00:00,0.27,9.51,-7.31,88.34,-37.53,12.00
2026-01-10 20:05:00+00:00,-2.25,11.21,-5.98,101.34,-27.61,12.90
2026-01-10 20:08:00+00:00,-2.77,12.32,-8.01,102.69,-32.41,14.95
2026-01-10 20:09:00+00:00,-2.14,11.69,-8.18,100.39,-34.51,14.43
2026-01-10 20:12:00+00:00,-0.35,8.96,-11.57,92.21,-52.22,14.64
2026-01-10 20:13:00+00:00,-0.02,7.32,-12.39,90.15,-59.43,14.39
2026-01-10 20:14:00+00:00,-0.45,5.96,-14.96,94.29,-68.23,16.11
2026-01-10 20:16:00+00:00,-3.64,4.34,-14.01,129.99,-67.98,15.12
2026-01-10 20:17:00+00:00,-4.13,2.49,-15.25,148.87,-72.46,15.99
2026-01-10 20:20:00+00:00,0.29,-3.45,-19.21,274.83,-79.80,19.52
2026-01-10 20:21:00+00:00,-0.48,-4.66,-19.12,264.17,-76.23,19.69
2026-01-10 20:22:00+00:00,-0.17,-4.29,-19.27,267.78,-77.43,19.74
2026-01-10 20:24:00+00:00,-0.78,-2.62,-18.92,253.49,-81.78,19.12
2026-01-10 20:25:00+00:00,-0.08,-2.75,-18.80,268.39,-81.67,19.00
2026-01-10 20:27:00+00:00,3.10,-3.31,-16.80,313.11,-74.88,17.40
2026-01-10 20:28:00+00:00,1.54,2.31,-15.24,56.21,-79.68,15.49
2026-01-10 20:30:00+00:00,1.47,1.01,-10.24,34.50,-80.14,10.39
2026-01-10 20:31:00+00:00,-0.91,2.13,-9.30,113.13,-76.00,9.59
2026-01-10 20:32:00+00:00,-1.31,3.68,-10.59,109.57,-69.78,11.29
2026-01-10 20:34:00+00:00,-1.57,5.02,-9.53,107.36,-61.09,10.88
2026-01-10 20:35:00+00:00,-1.55,4.96,-9.26,107.34,-60.69,10.62
2026-01-10 20:36:00+00:00,-0.61,3.44,-9.78,100.08,-70.36,10.38
2026-01-10 20:38:00+00:00,-4.79,1.66,-11.72,160.93,-66.62,12.77
2026-01-10 20:39:00+00:00,-5.35,3.15,-11.08,149.53,-60.72,12.70
2026-01-10 20:40:00+00:00,-3.37,1.04,-10.27,162.81,-71.02,10.86
2026-01-10 20:42:00+00:00,-3.09,2.88,-10.96,137.06,-68.93,11.74
2026-01-10 20:43:00+00:00,-3.25,2.11,-10.92,146.98,-70.44,11.59
2026-01-10 20:44:00+00:00,-3.05,-0.31,-9.34,185.84,-71.84,9.83
2026-01-10 20:46:00+00:00,-3.66,3.33,-10.68,137.74,-65.14,11.78
2026-01-10 20:47:00+00:00,-2.60,3.26,-9.87,128.56,-67.07,10.71
2026-01-10 20:48:00+00:00,-2.42,2.60,-9.56,133.02,-69.62,10.20
2026-01-10 20:50:00+00:00,-0.46,-1.47,-9.08,252.60,-80.37,9.21
2026-01-10 20:51:00+00:00,-0.59,-1.84,-10.55,252.24,-79.60,10.73
2026-01-10 20:52:00+00:00,-0.87,-1.67,-9.91,242.38,-79.23,10.09
2026-01-10 20:54:00+00:00,-3.00,1.23,-9.60,157.68,-71.34,10.14
2026-01-10 20:55:00+00:00,-1.74,-0.25,-8.09,188.31,-77.73,8.28
2026-01-10 20:56:00+00:00,0.34,-5.69,-6.71,273.38,-49.65,8.80
2026-01-10 20:57:00+00:00,-1.11,-1.51,-8.85,233.67,-78.00,9.05
2026-01-10 20:58:00+00:00,-2.90,0.64,-10.28,167.48,-73.90,10.70
2026-01-10 20:59:00+00:00,-3.64,1.76,-8.71,154.18,-65.08,9.60
2026-01-10 21:00:00+00:00,-3.74,0.30,-7.49,175.35,-63.40,8.38
2026-01-10 21:01:00+00:00,-4.28,-1.52,-8.18,199.62,-60.98,9.36
2026-01-10 21:02:00+00:00,-5.09,2.90,-7.24,150.28,-51.02,9.31
2026-01-10 21:03:00+00:00,-5.74,4.88,-7.55,139.62,-45.06,10.66
2026-01-10 21:04:00+00:00,-5.37,2.77,-7.32,152.75,-50.47,9.50
2026-01-10 21:06:00+00:00,-4.76,1.63,-6.96,161.11,-54.10,8.59
2026-01-10 21:07:00+00:00,-5.35,2.93,-6.41,151.29,-46.46,8.85
2026-01-10 21:08:00+00:00,-5.71,4.20,-6.25,143.70,-41.41,9.45
2026-01-10 21:10:00+00:00,-4.45,2.27,-7.03,152.95,-54.63,8.63
2026-01-10 21:11:00+00:00,-5.82,2.64,-5.29,155.61,-39.61,8.30
2026-01-10 21:12:00+00:00,-5.63,3.07,-6.21,151.36,-44.11,8.93
2026-01-10 21:14:00+00:00,-3.22,0.58,-8.41,169.74,-68.75,9.02
2026-01-10 21:15:00+00:00,-2.10,-0.29,-8.07,187.86,-75.31,8.34
2026-01-10 21:16:00+00:00,-0.52,0.47,-8.16,138.09,-85.12,8.19
2026-01-10 21:17:00+00:00,0.46,-0.36,-9.57,322.12,-86.52,9.59
2026-01-10 21:18:00+00:00,0.53,-1.38,-9.60,291.19,-81.24,9.71
2026-01-10 21:19:00+00:00,-1.24,0.44,-8.87,160.28,-81.56,8.97
2026-01-10 21:20:00+00:00,-1.47,-1.61,-8.24,227.59,-75.20,8.53
2026-01-10 21:21:00+00:00,-2.06,-1.26,-8.22,211.55,-73.61,8.56
2026-01-10 21:22:00+00:00,-1.22,-1.86,-8.71,236.75,-75.70,8.99
2026-01-10 21:23:00+00:00,-1.37,-1.85,-8.97,233.56,-75.60,9.26
2026-01-10 21:24:00+00:00,-0.22,-3.74,-8.03,266.70,-64.98,8.86
2026-01-10 21:25:00+00:00,0.18,-2.27,-8.14,274.59,-74.38,8.46
2026-01-10 21:26:00+00:00,0.93,-1.43,-8.00,303.21,-77.97,8.18
2026-01-10 21:27:00+00:00,2.05,-4.71,-8.37,293.47,-58.46,9.82
2026-01-10 21:28:00+00:00,1.73,-1.64,-8.11,316.50,-73.62,8.45
2026-01-10 21:29:00+00:00,2.32,-3.91,-7.62,300.70,-59.20,8.88
2026-01-10 21:30:00+00:00,1.15,-3.83,-8.88,286.69,-65.76,9.74
2026-01-10 21:31:00+00:00,0.56,0.18,-9.58,18.25,-86.49,9.60
2026-01-10 21:32:00+00:00,0.72,-2.51,-8.77,285.90,-73.41,9.15
2026-01-10 21:34:00+00:00,1.68,-5.02,-9.49,288.54,-60.84,10.87
2026-01-10 21:35:00+00:00,4.01,-1.82,-8.75,335.58,-63.25,9.79
2026-01-10 21:36:00+00:00,6.34,1.67,-7.96,14.75,-50.53,10.31
2026-01-10 21:38:00+00:00,8.37,-1.15,-9.04,352.20,-46.96,12.37
2026-01-10 21:39:00+00:00,5.38,-0.93,-9.05,350.22,-58.90,10.57
2026-01-10 21:40:00+00:00,1.94,1.35,-9.15,34.71,-75.52,9.45
2026-01-10 21:41:00+00:00,2.07,0.55,-5.34,14.97,-68.09,5.76
2026-01-10 21:42:00+00:00,1.41,-1.19,-9.69,319.82,-79.20,9.86
2026-01-10 21:43:00+00:00,-0.94,1.19,-10.32,128.37,-81.65,10.43
2026-01-10 21:44:00+00:00,-3.49,2.63,-9.65,143.01,-65.65,10.59
2026-01-10 21:45:00+00:00,-3.77,0.51,-10.23,172.23,-69.62,10.91
2026-01-10 21:46:00+00:00,-3.72,-1.10,-8.53,196.40,-65.54,9.37
2026-01-10 21:47:00+00:00,-5.02,0.83,-8.66,170.63,-59.57,10.05
2026-01-10 21:48:00+00:00,-4.97,0.97,-7.84,168.92,-57.13,9.34
2026-01-10 21:49:00+00:00,-3.48,-3.56,-8.68,225.62,-60.18,10.00
2026-01-10 21:50:00+00:00,-3.48,-3.37,-10.01,224.10,-64.16,11.12
2026-01-10 21:51:00+00:00,-3.33,-1.05,-8.59,197.53,-67.88,9.27
2026-01-10 21:52:00+00:00,-3.64,-0.07,-8.75,181.02,-67.43,9.47
2026-01-10 21:53:00+00:00,-3.12,-2.46,-8.79,218.24,-65.67,9.64
2026-01-10 21:54:00+00:00,-3.11,-0.59,-9.76,190.79,-72.02,10.26
2026-01-10 21:55:00+00:00,-3.30,0.42,-9.28,172.66,-70.28,9.85
2026-01-10 21:56:00+00:00,-3.23,-2.02,-7.73,211.98,-63.80,8.62
2026-01-10 21:57:00+00:00,-3.96,1.18,-5.20,163.46,-51.52,6.64
2026-01-10 21:58:00+00:00,-3.14,-3.51,-8.43,228.13,-60.79,9.65
2026-01-10 22:04:00+00:00,1.63,3.51,-2.50,65.10,-32.90,4.61
2026-01-10 22:05:00+00:00,0.19,-0.78,-7.45,283.43,-83.89,7.50
2026-01-10 22:06:00+00:00,-1.42,2.91,-6.77,116.06,-64.44,7.50
2026-01-10 22:07:00+00:00,-1.42,-2.37,-6.30,239.07,-66.34,6.87
2026-01-10 22:08:00+00:00,-1.20,-4.64,-3.94,255.51,-39.43,6.20
2026-01-10 22:09:00+00:00,-1.59,-4.40,-5.55,250.11,-49.86,7.25
2026-01-10 22:10:00+00:00,-1.71,-3.42,-4.79,243.47,-51.42,6.13
2026-01-10 22:11:00+00:00,-1.76,-2.85,-4.84,238.25,-55.33,5.88
2026-01-10 22:12:00+00:00,-1.08,-4.07,-4.11,255.11,-44.33,5.89
2026-01-10 22:14:00+00:00,-0.35,-5.67,-3.03,266.48,-28.12,6.44
2026-01-10 22:15:00+00:00,-0.73,-6.18,-2.10,263.31,-18.65,6.57
2026-01-10 22:16:00+00:00,-0.13,-3.34,-2.98,267.78,-41.65,4.48
2026-01-10 22:18:00+00:00,2.23,-2.32,-5.02,313.89,-57.32,5.97
2026-01-10 22:19:00+00:00,2.54,-3.20,-4.97,308.44,-50.58,6.44
2026-01-10 22:20:00+00:00,2.69,-3.90,-5.85,304.57,-51.03,7.53
2026-01-10 22:21:00+00:00,0.89,-3.89,-6.30,282.85,-57.62,7.46
2026-01-10 22:22:00+00:00,-1.62,-1.05,-5.20,212.81,-69.63,5.55
2026-01-10 22:23:00+00:00,-2.58,-4.09,-5.18,237.77,-46.98,7.09
2026-01-10 22:24:00+00:00,-3.87,-4.84,-1.74,231.36,-15.71,6.44
2026-01-10 22:25:00+00:00,-4.18,-6.74,-4.20,238.18,-27.92,8.97
2026-01-10 22:26:00+00:00,-3.90,-2.62,-5.85,213.82,-51.24,7.51
2026-01-10 22:27:00+00:00,-1.30,-3.29,-4.29,248.36,-50.50,5.56
2026-01-10 22:28:00+00:00,-0.09,-3.48,-4.99,268.49,-55.08,6.08
2026-01-10 22:29:00+00:00,0.14,-2.12,-9.01,273.74,-76.73,9.26
2026-01-10 22:30:00+00:00,0.92,-1.25,-8.52,306.53,-79.69,8.66
2026-01-10 22:31:00+00:00,1.99,-0.40,-6.44,348.53,-72.51,6.75
2026-01-10 22:32:00+00:00,2.29,-0.68,-6.62,343.39,-70.18,7.03
2026-01-10 22:33:00+00:00,2.33,-0.92,-8.26,338.56,-73.13,8.63
2026-01-10 22:34:00+00:00,2.14,-0.14,-6.94,356.37,-72.82,7.26
2026-01-10 22:35:00+00:00,2.69,-0.58,-5.85,347.92,-64.78,6.47
2026-01-10 22:36:00+00:00,1.59,-2.36,-6.13,304.04,-65.11,6.76
2026-01-10 22:38:00+00:00,4.09,2.30,-6.55,29.37,-54.42,8.06
2026-01-10 22:39:00+00:00,5.44,0.10,-6.66,1.02,-50.74,8.60
2026-01-10 22:40:00+00:00,5.83,-0.16,-5.39,358.46,-42.71,7.94
2026-01-10 22:42:00+00:00,3.08,2.32,-5.84,37.08,-56.57,7.00
2026-01-10 22:43:00+00:00,2.63,-0.34,-6.60,352.65,-68.12,7.11
2026-01-10 22:44:00+00:00,2.50,-0.60,-5.21,346.50,-63.71,5.82
2026-01-10 22:46:00+00:00,3.10,2.16,-4.67,34.92,-50.98,6.00
2026-01-10 22:47:00+00:00,1.90,3.23,-5.36,59.52,-55.02,6.54
2026-01-10 22:48:00+00:00,-0.33,0.39,-6.01,129.96,-85.11,6.03
2026-01-10 22:50:00+00:00,3.81,-5.30,-0.43,305.71,-3.79,6.54
2026-01-10 22:51:00+00:00,4.18,-5.91,-2.12,305.31,-16.31,7.54
2026-01-10 22:52:00+00:00,4.25,-3.91,-3.30,317.40,-29.76,6.65
2026-01-10 22:53:00+00:00,3.43,-5.08,-5.62,304.04,-42.48,8.32
2026-01-10 22:54:00+00:00,2.77,-5.42,-6.42,297.08,-46.53,8.85
2026-01-10 22:55:00+00:00,2.62,-2.95,-6.20,311.62,-57.50,7.36
2026-01-10 22:56:00+00:00,2.78,-2.08,-4.94,323.16,-54.88,6.04
2026-01-10 22:58:00+00:00,2.60,-2.58,-6.33,315.18,-59.96,7.32
2026-01-10 22:59:00+00:00,2.54,-3.30,-5.52,307.64,-52.94,6.91
2026-01-10 23:00:00+00:00,1.98,-0.41,-5.64,348.27,-70.27,5.99
2026-01-10 23:02:00+00:00,2.84,-1.63,-7.10,330.21,-65.23,7.82
2026-01-10 23:03:00+00:00,2.87,-1.82,-6.87,327.65,-63.71,7.66
2026-01-10 23:04:00+00:00,1.57,-0.52,-8.51,341.73,-78.98,8.67
2026-01-10 23:06:00+00:00,0.85,-3.32,-8.07,284.30,-66.99,8.77
2026-01-10 23:07:00+00:00,0.36,-1.00,-8.93,289.81,-83.21,9.00
2026-01-10 23:08:00+00:00,1.00,-1.11,-8.21,311.89,-79.70,8.35
2026-01-10 23:10:00+00:00,2.15,-2.03,-7.70,316.73,-69.02,8.25
2026-01-10 23:11:00+00:00,1.67,-1.17,-8.00,324.92,-75.71,8.25
2026-01-10 23:12:00+00:00,1.73,-2.01,-6.63,310.74,-68.21,7.14
2026-01-10 23:14:00+00:00,2.50,-5.50,-5.87,294.47,-44.17,8.43
2026-01-10 23:15:00+00:00,2.48,-3.99,-5.78,301.81,-50.91,7.45
2026-01-10 23:16:00+00:00,2.35,-3.55,-3.21,303.52,-36.99,5.34
2026-01-10 23:18:00+00:00,1.18,-2.44,-6.73,295.76,-68.07,7.26
2026-01-10 23:19:00+00:00,0.95,-2.74,-5.79,289.07,-63.41,6.47
2026-01-10 23:20:00+00:00,-0.37,-3.15,-5.87,263.29,-61.59,6.67
2026-01-10 23:22:00+00:00,-0.37,-4.64,-5.94,265.39,-51.91,7.55
2026-01-10 23:23:00+00:00,0.60,-2.90,-6.19,281.61,-64.44,6.87
2026-01-10 23:24:00+00:00,2.10,-1.70,-5.51,321.05,-63.88,6.14
2026-01-10 23:26:00+00:00,3.78,-4.14,-4.42,312.39,-38.27,7.14
2026-01-10 23:27:00+00:00,3.86,-2.53,-5.06,326.71,-47.61,6.85
2026-01-10 23:28:00+00:00,5.53,-0.62,-2.32,353.63,-22.64,6.03
2026-01-10 23:29:00+00:00,6.54,-3.91,-0.42,329.15,-3.17,7.63
2026-01-10 23:30:00+00:00,6.27,-3.24,-1.44,332.66,-11.54,7.20
2026-01-10 23:31:00+00:00,6.46,-3.09,0.10,334.47,0.80,7.16
2026-01-10 23:32:00+00:00,7.30,-3.97,1.84,331.43,12.47,8.51
2026-01-10 23:34:00+00:00,7.72,-4.65,0.46,328.92,2.93,9.03
2026-01-10 23:35:00+00:00,7.47,-2.91,1.47,338.72,10.42,8.15
2026-01-10 23:36:00+00:00,7.62,-2.84,3.04,339.55,20.49,8.69
2026-01-10 23:38:00+00:00,8.12,-2.80,2.73,340.97,17.65,9.01
2026-01-10 23:39:00+00:00,8.34,-2.35,3.50,344.24,21.99,9.34
2026-01-10 23:40:00+00:00,8.34,-2.03,2.30,346.32,14.99,8.89
2026-01-10 23:42:00+00:00,9.17,-3.07,3.46,341.50,19.69,10.27
2026-01-10 23:43:00+00:00,8.61,-3.08,2.58,340.32,15.77,9.51
2026-01-10 23:44:00+00:00,8.26,-2.57,1.84,342.69,12.02,8.84
2026-01-10 23:46:00+00:00,11.32,-7.63,6.88,326.02,26.76,15.29
2026-01-10 23:48:00+00:00,11.28,-8.27,4.96,323.75,19.53,14.84
2026-01-10 23:49:00+00:00,10.73,-7.74,6.45,324.19,25.98,14.71
2026-01-10 23:50:00+00:00,11.08,-5.32,8.74,334.35,35.42,15.08
2026-01-10 23:53:00+00:00,8.34,-7.20,9.60,319.22,41.05,14.61
2026-01-10 23:54:00+00:00,8.14,-6.89,10.18,319.74,43.67,14.75
2026-01-10 23:56:00+00:00,8.04,-8.55,8.74,313.23,36.69,14.63
2026-01-10 23:57:00+00:00,7.10,-8.95,9.39,308.43,39.42,14.79
2026-01-10 23:58:00+00:00,7.01,-9.03,9.72,307.85,40.37,15.00
2026-01-11 00:01:00+00:00,10.19,-9.02,5.37,318.50,21.52,14.63
2026-01-11 00:02:00+00:00,10.28,-9.09,4.58,318.53,18.46,14.46
2026-01-11 00:04:00+00:00,8.37,-8.46,9.24,314.70,37.83,15.06
2026-01-11 00:05:00+00:00,7.50,-10.09,8.41,306.61,33.79,15.12
2026-01-11 00:06:00+00:00,8.47,-9.02,8.48,313.21,34.41,15.00
2026-01-11 00:08:00+00:00,11.34,-4.87,7.49,336.75,31.26,14.44
2026-01-11 00:09:00+00:00,9.64,-6.96,8.36,324.17,35.12,14.54
2026-01-11 00:12:00+00:00,9.97,-5.01,10.61,333.31,43.56,15.40
2026-01-11 00:13:00+00:00,9.46,-3.20,11.70,341.29,49.52,15.38
2026-01-11 00:14:00+00:00,8.28,-5.21,12.14,327.82,51.13,15.59
2026-01-11 00:16:00+00:00,11.32,-9.25,5.44,320.73,20.40,15.60
2026-01-11 00:17:00+00:00,11.14,-9.26,6.02,320.27,22.57,15.69
2026-01-11 00:18:00+00:00,11.30,-9.31,5.98,320.51,22.23,15.82
2026-01-11 00:21:00+00:00,7.42,-10.08,8.27,306.38,33.46,15.00
2026-01-11 00:22:00+00:00,7.90,-9.62,7.80,309.40,32.06,14.69
2026-01-11 00:24:00+00:00,8.17,-12.96,-0.39,302.23,-1.44,15.33
2026-01-11 00:25:00+00:00,8.73,-12.81,2.18,304.28,8.02,15.66
2026-01-11 00:26:00+00:00,9.48,-12.36,1.79,307.50,6.57,15.68
2026-01-11 00:29:00+00:00,9.44,-12.19,-3.31,307.74,-12.11,15.77
2026-01-11 00:30:00+00:00,9.37,-12.83,-2.36,306.14,-8.44,16.06
2026-01-11 00:32:00+00:00,9.07,-12.52,-3.18,305.91,-11.64,15.79
2026-01-11 00:33:00+00:00,9.32,-12.44,-3.27,306.84,-11.89,15.89
2026-01-11 00:34:00+00:00,9.27,-12.68,-2.36,306.17,-8.55,15.89
2026-01-11 00:37:00+00:00,10.32,-11.85,-4.90,311.06,-17.33,16.46
2026-01-11 00:38:00+00:00,10.47,-11.38,-4.45,312.63,-16.06,16.09
2026-01-11 00:41:00+00:00,10.72,-11.72,-4.24,312.46,-14.96,16.44
2026-01-11 00:42:00+00:00,10.92,-11.44,-4.02,313.68,-14.27,16.31
2026-01-11 00:44:00+00:00,11.16,-11.16,-4.59,315.00,-16.21,16.44
2026-01-11 00:45:00+00:00,10.95,-10.86,-5.41,315.25,-19.34,16.34
2026-01-11 00:46:00+00:00,9.17,-13.34,-4.67,304.48,-16.08,16.85
2026-01-11 00:49:00+00:00,9.06,-12.49,-5.63,305.95,-20.04,16.42
2026-01-11 00:50:00+00:00,9.59,-12.31,-5.34,307.92,-18.88,16.50
2026-01-11 00:52:00+00:00,9.93,-11.14,-5.86,311.72,-21.43,16.03
2026-01-11 00:53:00+00:00,9.82,-11.07,-6.08,311.60,-22.34,16.00
2026-01-11 00:54:00+00:00,9.96,-10.80,-5.51,312.68,-20.56,15.69
2026-01-11 00:57:00+00:00,9.88,-12.50,-2.19,308.32,-7.82,16.09
2026-01-11 00:58:00+00:00,9.60,-12.77,-2.54,306.94,-9.03,16.17
2026-01-11 01:00:00+00:00,9.59,-12.38,-3.59,307.76,-12.91,16.07
2026-01-11 01:01:00+00:00,9.87,-12.13,-3.21,309.15,-11.59,15.97
2026-01-11 01:02:00+00:00,9.33,-12.67,-0.15,306.38,-0.56,15.74
2026-01-11 01:05:00+00:00,9.35,-11.93,-3.48,308.09,-12.92,15.55
2026-01-11 01:06:00+00:00,9.91,-13.00,0.40,307.31,1.39,16.35
2026-01-11 01:08:00+00:00,9.40,-10.72,3.96,311.26,15.52,14.79
2026-01-11 01:09:00+00:00,8.13,-11.77,3.04,304.65,12.01,14.62
2026-01-11 01:10:00+00:00,8.45,-10.41,5.39,309.05,21.91,14.45
2026-01-11 01:12:00+00:00,8.76,-9.93,4.71,311.44,19.58,14.05
2026-01-11 01:13:00+00:00,7.94,-12.60,-3.13,302.23,-11.87,15.22
2026-01-11 01:14:00+00:00,8.83,-12.42,-1.63,305.41,-6.09,15.32
2026-01-11 01:17:00+00:00,9.98,-11.27,-0.10,311.54,-0.39,15.05
2026-01-11 01:18:00+00:00,10.27,-11.15,0.90,312.67,3.38,15.19
2026-01-11 01:20:00+00:00,7.93,-12.69,-1.26,302.01,-4.81,15.02
2026-01-11 01:21:00+00:00,8.01,-12.51,0.01,302.64,0.06,14.85
2026-01-11 01:22:00+00:00,8.39,-12.56,0.50,303.74,1.90,15.11
2026-01-11 01:25:00+00:00,8.11,-12.45,1.16,303.10,4.48,14.90
2026-01-11 01:26:00+00:00,9.22,-11.28,2.56,309.27,9.97,14.80
2026-01-11 01:28:00+00:00,9.41,-11.22,1.68,309.99,6.56,14.74
2026-01-11 01:29:00+00:00,9.63,-11.03,2.02,311.11,7.84,14.78
2026-01-11 01:30:00+00:00,10.05,-10.37,2.84,314.11,11.14,14.72
2026-01-11 01:33:00+00:00,8.95,-11.71,0.85,307.41,3.31,14.76
2026-01-11 01:34:00+00:00,9.10,-11.42,2.35,308.53,9.14,14.79
2026-01-11 01:37:00+00:00,8.28,-12.03,-1.69,304.51,-6.59,14.70
2026-01-11 01:38:00+00:00,8.53,-11.82,-1.40,305.81,-5.48,14.64
2026-01-11 01:46:00+00:00,8.14,-11.85,-1.31,304.47,-5.21,14.43
2026-01-11 01:54:00+00:00,6.95,-12.53,0.47,298.99,1.87,14.34
2026-01-11 02:06:00+00:00,9.76,-7.45,6.99,322.63,29.66,14.13
2026-01-11 02:14:00+00:00,6.77,-7.16,10.16,313.40,45.88,14.16
2026-01-11 02:22:00+00:00,7.19,-6.93,9.39,316.09,43.25,13.71
2026-01-11 02:34:00+00:00,5.71,-8.44,9.64,304.10,43.40,14.03
2026-01-11 02:42:00+00:00,5.24,-5.28,10.37,314.78,54.36,12.76
2026-01-11 03:10:00+00:00,7.36,-8.28,5.37,311.63,25.86,12.31
2026-01-11 03:54:00+00:00,7.01,-9.70,0.01,305.88,0.07,11.97
2026-01-11 03:55:00+00:00,7.09,-9.56,0.89,306.58,4.25,11.94
2026-01-11 03:56:00+00:00,6.95,-9.87,-0.89,305.17,-4.20,12.11
2026-01-11 03:57:00+00:00,6.68,-10.07,-2.18,303.54,-10.22,12.28
2026-01-11 03:58:00+00:00,5.93,-10.29,-3.21,299.95,-15.15,12.30
2026-01-11 04:00:00+00:00,6.66,-9.77,-1.16,304.30,-5.60,11.88
2026-01-11 04:01:00+00:00,7.07,-9.31,-0.60,307.21,-2.92,11.71
2026-01-11 04:03:00+00:00,7.15,-8.97,-2.31,308.55,-11.41,11.70
2026-01-11 04:04:00+00:00,7.38,-9.00,-1.60,309.36,-7.84,11.75
2026-01-11 04:05:00+00:00,7.49,-8.83,-1.71,310.32,-8.40,11.70
2026-01-11 04:07:00+00:00,7.61,-9.38,2.65,309.05,12.36,12.37
2026-01-11 04:08:00+00:00,7.74,-9.15,3.00,310.21,14.06,12.35
2026-01-11 04:09:00+00:00,7.55,-9.49,2.46,308.48,11.48,12.37
2026-01-11 04:11:00+00:00,6.32,-10.32,1.28,301.51,6.05,12.17
2026-01-11 04:12:00+00:00,6.36,-10.04,0.90,302.35,4.32,11.92
2026-01-11 04:13:00+00:00,6.68,-9.78,1.37,304.33,6.61,11.93
2026-01-11 04:15:00+00:00,6.87,-10.24,1.34,303.85,6.21,12.40
2026-01-11 04:16:00+00:00,6.98,-10.04,1.24,304.79,5.77,12.29
2026-01-11 04:17:00+00:00,7.35,-9.85,1.70,306.74,7.87,12.41
2026-01-11 04:19:00+00:00,4.84,-11.37,-4.34,293.05,-19.36,13.10
2026-01-11 04:20:00+00:00,4.67,-11.37,-4.91,292.33,-21.77,13.23
2026-01-11 04:21:00+00:00,4.05,-11.43,-5.25,289.52,-23.41,13.22
2026-01-11 04:23:00+00:00,4.32,-11.56,-5.53,290.50,-24.14,13.52
2026-01-11 04:24:00+00:00,4.07,-11.67,-5.66,289.24,-24.60,13.59
2026-01-11 04:25:00+00:00,4.28,-11.37,-5.95,290.65,-26.08,13.53
2026-01-11 04:27:00+00:00,4.29,-11.04,-6.49,291.23,-28.71,13.51
2026-01-11 04:28:00+00:00,4.60,-11.27,-6.08,292.22,-26.55,13.61
2026-01-11 04:29:00+00:00,4.83,-11.46,-5.69,292.85,-24.58,13.68
2026-01-11 04:31:00+00:00,5.79,-11.48,-4.88,296.76,-20.79,13.75
2026-01-11 04:32:00+00:00,5.06,-11.69,-5.25,293.40,-22.39,13.78
2026-01-11 04:33:00+00:00,4.63,-11.67,-5.74,291.63,-24.57,13.80
2026-01-11 04:34:00+00:00,5.59,-11.49,-5.08,295.95,-21.67,13.75
2026-01-11 04:35:00+00:00,4.72,-11.54,-5.79,292.23,-24.92,13.75
2026-01-11 04:36:00+00:00,5.92,-11.28,-5.14,297.71,-21.98,13.74
2026-01-11 04:37:00+00:00,5.11,-11.26,-5.98,294.40,-25.80,13.73
2026-01-11 04:39:00+00:00,4.01,-11.67,-6.21,288.96,-26.72,13.82
2026-01-11 04:40:00+00:00,5.15,-12.00,-4.51,293.22,-19.07,13.82
2026-01-11 04:41:00+00:00,4.17,-11.72,-5.96,289.60,-25.60,13.80
2026-01-11 04:42:00+00:00,4.63,-11.88,-5.44,291.29,-23.09,13.87
2026-01-11 04:43:00+00:00,4.89,-11.77,-5.41,292.55,-23.02,13.84
2026-01-11 04:44:00+00:00,4.03,-11.24,-7.09,289.71,-30.72,13.88
2026-01-11 04:45:00+00:00,4.85,-11.49,-5.69,292.91,-24.52,13.71
2026-01-11 04:47:00+00:00,5.21,-11.03,-6.25,295.26,-27.14,13.71
2026-01-11 04:48:00+00:00,5.13,-11.21,-6.01,294.61,-25.99,13.72
2026-01-11 04:49:00+00:00,4.62,-11.43,-6.12,292.00,-26.40,13.76
2026-01-11 04:51:00+00:00,4.75,-11.54,-5.79,292.38,-24.87,13.75
2026-01-11 04:52:00+00:00,6.19,-10.98,-5.37,299.40,-23.06,13.70
2026-01-11 04:53:00+00:00,6.77,-10.94,-4.86,301.74,-20.71,13.75
2026-01-11 04:55:00+00:00,5.64,-11.31,-5.53,296.49,-23.63,13.80
2026-01-11 04:56:00+00:00,4.71,-10.84,-7.11,293.49,-31.05,13.79
2026-01-11 04:57:00+00:00,3.97,-10.55,-8.04,290.62,-35.47,13.85
2026-01-11 04:59:00+00:00,4.56,-11.14,-6.72,292.24,-29.17,13.79
2026-01-11 05:00:00+00:00,4.20,-11.25,-6.64,290.46,-28.95,13.72
2026-01-11 05:01:00+00:00,4.67,-11.14,-6.54,292.74,-28.41,13.74
2026-01-11 05:02:00+00:00,4.80,-10.99,-6.76,293.57,-29.42,13.77
2026-01-11 05:03:00+00:00,5.20,-11.17,-6.16,294.95,-26.58,13.78
2026-01-11 05:04:00+00:00,4.89,-11.02,-6.59,293.95,-28.66,13.74
2026-01-11 05:05:00+00:00,5.05,-11.03,-6.41,294.62,-27.87,13.72
2026-01-11 05:07:00+00:00,5.88,-11.05,-5.76,298.01,-24.70,13.78
2026-01-11 05:08:00+00:00,5.75,-11.53,-4.77,296.51,-20.30,13.74
2026-01-11 05:09:00+00:00,5.52,-11.54,-5.07,295.58,-21.62,13.76
2026-01-11 05:10:00+00:00,5.67,-11.17,-5.72,296.92,-24.53,13.78
2026-01-11 05:11:00+00:00,5.92,-11.43,-4.75,297.40,-20.25,13.72
2026-01-11 05:12:00+00:00,3.61,-11.33,-6.86,287.67,-29.97,13.72
2026-01-11 05:13:00+00:00,3.96,-10.93,-7.44,289.94,-32.63,13.80
2026-01-11 05:15:00+00:00,2.84,-12.00,-5.85,283.33,-25.37,13.65
2026-01-11 05:16:00+00:00,3.20,-11.91,-5.97,285.03,-25.85,13.70
2026-01-11 05:17:00+00:00,2.71,-11.28,-7.32,283.49,-32.27,13.72
2026-01-11 05:18:00+00:00,2.77,-10.89,-7.85,284.28,-34.93,13.71
2026-01-11 05:19:00+00:00,1.81,-10.83,-8.24,279.48,-36.91,13.73
2026-01-11 05:20:00+00:00,2.63,-11.14,-7.55,283.29,-33.42,13.71
2026-01-11 05:21:00+00:00,1.59,-10.79,-8.31,278.39,-37.32,13.71
2026-01-11 05:23:00+00:00,1.26,-10.40,-8.80,276.89,-40.02,13.68
2026-01-11 05:24:00+00:00,1.81,-10.26,-8.80,280.01,-40.19,13.64
2026-01-11 05:25:00+00:00,2.30,-10.61,-8.27,282.25,-37.32,13.65
2026-01-11 05:27:00+00:00,0.80,-10.21,-8.77,274.47,-40.58,13.49
2026-01-11 05:28:00+00:00,1.55,-10.32,-8.50,278.53,-39.14,13.46
2026-01-11 05:29:00+00:00,1.75,-9.98,-8.72,279.96,-40.71,13.37
2026-01-11 05:30:00+00:00,4.63,-10.71,-6.78,293.38,-30.17,13.50
2026-01-11 05:31:00+00:00,3.92,-10.88,-7.24,289.79,-32.04,13.64
2026-01-11 05:32:00+00:00,4.16,-10.56,-6.84,291.52,-31.10,13.25
2026-01-11 05:33:00+00:00,8.33,-8.42,-3.99,314.68,-18.63,12.50
2026-01-11 05:35:00+00:00,8.44,-8.21,-0.45,315.80,-2.17,11.78
2026-01-11 05:36:00+00:00,10.40,-6.32,2.86,328.69,13.25,12.50
2026-01-11 05:37:00+00:00,3.83,-10.44,-6.73,290.12,-31.19,13.00
2026-01-11 05:38:00+00:00,3.10,-10.59,-8.30,286.33,-36.93,13.81
2026-01-11 05:39:00+00:00,4.71,-10.33,-7.72,294.50,-34.20,13.73
2026-01-11 05:40:00+00:00,5.10,-10.33,-7.63,296.27,-33.51,13.81
2026-01-11 05:41:00+00:00,4.63,-10.36,-7.79,294.09,-34.45,13.77
2026-01-11 05:43:00+00:00,4.67,-10.24,-7.89,294.53,-35.04,13.75
2026-01-11 05:44:00+00:00,4.46,-10.33,-7.90,293.33,-35.08,13.75
2026-01-11 05:45:00+00:00,3.69,-10.09,-8.54,290.07,-38.47,13.72
2026-01-11 05:47:00+00:00,4.79,-10.57,-7.30,294.40,-32.18,13.71
2026-01-11 05:48:00+00:00,2.63,-9.41,-9.41,285.60,-43.93,13.56
2026-01-11 05:49:00+00:00,2.99,-9.90,-8.71,286.82,-40.10,13.52
2026-01-11 05:51:00+00:00,3.98,-11.33,-6.28,289.36,-27.61,13.56
2026-01-11 05:52:00+00:00,4.86,-11.33,-5.79,293.24,-25.15,13.62
2026-01-11 05:53:00+00:00,5.34,-11.29,-5.51,295.33,-23.82,13.65
2026-01-11 05:55:00+00:00,6.71,-10.86,-3.96,301.70,-17.24,13.36
2026-01-11 05:56:00+00:00,7.42,-10.52,-3.41,305.19,-14.85,13.32
2026-01-11 05:57:00+00:00,7.25,-10.17,-2.36,305.46,-10.70,12.71
2026-01-11 05:59:00+00:00,8.22,-9.12,0.48,312.02,2.25,12.28
2026-01-11 06:00:00+00:00,9.13,-7.06,5.18,322.29,24.15,12.65
2026-01-11 06:01:00+00:00,8.88,-8.05,3.83,317.81,17.73,12.58
2026-01-11 06:03:00+00:00,6.89,-10.51,2.73,303.23,12.27,12.86
2026-01-11 06:04:00+00:00,5.74,-10.68,-3.12,298.26,-14.43,12.52
2026-01-11 06:05:00+00:00,7.36,-10.59,0.82,304.79,3.65,12.92
2026-01-11 06:07:00+00:00,8.04,-9.78,-2.07,309.41,-9.27,12.83
2026-01-11 06:08:00+00:00,6.99,-10.60,-2.03,303.42,-9.08,12.86
2026-01-11 06:09:00+00:00,8.02,-9.86,-1.97,309.12,-8.80,12.87
2026-01-11 06:11:00+00:00,6.46,-10.81,-2.79,300.85,-12.50,12.89
2026-01-11 06:12:00+00:00,5.46,-10.81,-4.18,296.80,-19.04,12.82
2026-01-11 06:13:00+00:00,5.62,-10.59,-4.77,297.96,-21.67,12.90
2026-01-11 06:15:00+00:00,4.70,-10.70,-5.67,293.73,-25.87,13.00
2026-01-11 06:16:00+00:00,5.25,-10.64,-5.09,296.25,-23.20,12.91
2026-01-11 06:17:00+00:00,5.81,-10.72,-4.04,298.46,-18.34,12.84
2026-01-11 06:19:00+00:00,4.87,-10.36,-6.33,295.16,-28.93,13.08
2026-01-11 06:20:00+00:00,3.40,-9.99,-7.77,288.80,-36.38,13.11
2026-01-11 06:21:00+00:00,3.98,-9.92,-7.52,291.84,-35.13,13.07
2026-01-11 06:23:00+00:00,2.26,-9.35,-8.78,283.57,-42.38,13.02
2026-01-11 06:24:00+00:00,6.30,-9.99,-2.16,302.26,-10.39,12.01
2026-01-11 06:25:00+00:00,7.52,-10.16,-0.23,306.52,-1.04,12.65
2026-01-11 06:26:00+00:00,7.38,-10.36,-0.25,305.47,-1.13,12.73
2026-01-11 06:27:00+00:00,7.46,-10.13,0.42,306.38,1.90,12.58
2026-01-11 06:28:00+00:00,7.82,-9.80,-0.54,308.59,-2.47,12.55
2026-01-11 06:29:00+00:00,7.91,-9.82,0.06,308.84,0.29,12.61
2026-01-11 06:31:00+00:00,8.64,-8.93,-0.36,314.07,-1.65,12.43
2026-01-11 06:32:00+00:00,8.65,-8.72,-1.84,314.75,-8.53,12.42
2026-01-11 06:33:00+00:00,7.53,-9.41,-3.00,308.67,-13.96,12.42
2026-01-11 06:34:00+00:00,7.08,-9.71,-2.90,306.11,-13.58,12.36
2026-01-11 06:35:00+00:00,7.08,-9.27,-4.37,307.39,-20.54,12.46
2026-01-11 06:36:00+00:00,7.81,-9.15,-1.50,310.47,-7.10,12.12
2026-01-11 06:37:00+00:00,8.36,-8.84,0.38,313.40,1.77,12.17
2026-01-11 06:39:00+00:00,7.91,-8.98,-2.16,311.40,-10.24,12.16
2026-01-11 06:40:00+00:00,8.38,-8.41,-3.00,314.87,-14.19,12.24
2026-01-11 06:41:00+00:00,8.63,-7.90,-3.61,317.52,-17.17,12.24
2026-01-11 06:43:00+00:00,8.77,-8.46,-1.00,316.02,-4.70,12.23
2026-01-11 06:44:00+00:00,8.74,-8.56,-0.77,315.61,-3.62,12.26
2026-01-11 06:45:00+00:00,8.57,-8.66,-1.22,314.70,-5.70,12.24
2026-01-11 06:47:00+00:00,8.01,-7.91,-4.41,315.39,-21.39,12.09
2026-01-11 06:48:00+00:00,7.24,-7.60,-5.70,313.59,-28.50,11.95
2026-01-11 06:49:00+00:00,9.33,-7.46,-2.03,321.36,-9.66,12.12
2026-01-11 06:51:00+00:00,8.01,-9.05,-2.21,311.53,-10.38,12.29
2026-01-11 06:52:00+00:00,8.57,-8.67,-1.60,314.65,-7.46,12.29
2026-01-11 06:53:00+00:00,8.57,-8.75,-1.33,314.43,-6.18,12.32
2026-01-11 06:54:00+00:00,8.47,-8.75,-1.09,314.07,-5.13,12.23
2026-01-11 06:55:00+00:00,8.36,-8.77,-1.53,313.62,-7.20,12.21
2026-01-11 06:56:00+00:00,8.93,-8.21,-0.43,317.40,-2.04,12.14
2026-01-11 06:57:00+00:00,8.73,-8.36,-1.02,316.22,-4.84,12.13
2026-01-11 06:59:00+00:00,8.42,-8.78,-1.17,313.77,-5.51,12.22
2026-01-11 07:00:00+00:00,8.17,-8.95,-1.50,312.36,-7.06,12.21
2026-01-11 07:01:00+00:00,7.79,-9.32,-1.80,309.91,-8.41,12.28
2026-01-11 07:02:00+00:00,7.81,-9.28,-1.94,310.10,-9.09,12.28
2026-01-11 07:03:00+00:00,7.78,-9.26,-2.25,310.05,-10.54,12.30
2026-01-11 07:04:00+00:00,7.97,-9.09,-2.14,311.22,-10.04,12.28
2026-01-11 07:05:00+00:00,7.65,-9.43,-2.29,309.06,-10.67,12.36
2026-01-11 07:07:00+00:00,7.86,-9.11,-2.05,310.80,-9.68,12.21
2026-01-11 07:08:00+00:00,8.26,-8.79,-0.73,313.21,-3.45,12.08
2026-01-11 07:09:00+00:00,8.13,-8.95,-0.38,312.23,-1.80,12.09
2026-01-11 07:10:00+00:00,7.92,-8.94,-2.29,311.53,-10.84,12.16
2026-01-11 07:11:00+00:00,8.50,-8.57,-1.60,314.75,-7.55,12.18
2026-01-11 07:12:00+00:00,8.20,-8.63,-2.41,313.52,-11.44,12.14
2026-01-11 07:13:00+00:00,8.39,-8.45,-2.21,314.78,-10.49,12.11
2026-01-11 07:15:00+00:00,9.11,-7.79,-1.47,319.46,-7.01,12.07
2026-01-11 07:16:00+00:00,8.83,-8.20,-1.06,317.12,-5.05,12.09
2026-01-11 07:17:00+00:00,8.14,-8.89,-1.85,312.48,-8.75,12.20
2026-01-11 07:19:00+00:00,7.22,-8.96,-4.02,308.86,-19.27,12.19
2026-01-11 07:20:00+00:00,7.23,-9.01,-4.08,308.74,-19.48,12.25
2026-01-11 07:21:00+00:00,7.61,-8.91,-3.43,310.53,-16.31,12.21
2026-01-11 07:22:00+00:00,7.72,-8.88,-3.15,311.01,-15.00,12.18
2026-01-11 07:23:00+00:00,7.81,-8.95,-2.87,311.08,-13.60,12.22
2026-01-11 07:24:00+00:00,8.02,-8.81,-2.10,312.32,-9.98,12.10
2026-01-11 08:14:00+00:00,6.27,-8.90,-4.49,305.18,-22.44,11.78
2026-01-11 08:15:00+00:00,6.15,-8.65,-5.03,305.42,-25.37,11.75
2026-01-11 08:16:00+00:00,7.34,-8.13,-4.19,312.06,-20.94,11.73
2026-01-11 08:17:00+00:00,7.31,-8.18,-4.05,311.76,-20.28,11.70
2026-01-11 08:18:00+00:00,7.74,-8.11,-3.04,313.63,-15.17,11.62
2026-01-11 08:19:00+00:00,7.72,-8.27,-2.80,313.05,-13.92,11.65
2026-01-11 08:20:00+00:00,7.77,-8.03,-3.17,314.06,-15.85,11.62
2026-01-11 08:21:00+00:00,7.88,-7.98,-2.94,314.65,-14.68,11.59
2026-01-11 08:22:00+00:00,7.75,-8.09,-2.80,313.75,-14.05,11.55
2026-01-11 08:23:00+00:00,8.15,-7.72,-2.44,316.56,-12.28,11.49
2026-01-11 08:24:00+00:00,8.53,-7.63,-1.60,318.17,-7.98,11.56
2026-01-11 08:25:00+00:00,8.40,-7.84,-1.27,316.98,-6.29,11.56
2026-01-11 08:27:00+00:00,8.79,-7.20,-0.12,320.69,-0.61,11.36
2026-01-11 08:28:00+00:00,8.75,-7.16,-0.03,320.71,-0.15,11.31
2026-01-11 08:29:00+00:00,8.84,-7.11,0.17,321.19,0.85,11.35
2026-01-11 08:30:00+00:00,8.96,-6.91,1.00,322.35,5.03,11.35
2026-01-11 08:31:00+00:00,9.05,-6.57,0.74,324.02,3.77,11.21
2026-01-11 08:33:00+00:00,9.20,-6.35,1.48,325.39,7.53,11.27
2026-01-11 08:34:00+00:00,7.31,-8.19,-2.22,311.72,-11.46,11.20
2026-01-11 08:35:00+00:00,6.10,-8.83,-4.45,304.65,-22.55,11.62
2026-01-11 08:36:00+00:00,6.21,-9.03,-4.40,304.51,-21.87,11.81
2026-01-11 08:37:00+00:00,6.25,-9.01,-4.39,304.78,-21.81,11.81
2026-01-11 08:38:00+00:00,6.21,-8.93,-4.66,304.82,-23.20,11.83
2026-01-11 08:39:00+00:00,6.16,-8.87,-4.85,304.76,-24.19,11.84
2026-01-11 08:40:00+00:00,6.25,-8.77,-4.80,305.47,-24.03,11.79
2026-01-11 08:41:00+00:00,6.48,-8.56,-4.80,307.11,-24.07,11.76
2026-01-11 08:42:00+00:00,6.20,-8.86,-4.67,304.99,-23.37,11.77
2026-01-11 08:43:00+00:00,6.41,-8.74,-4.70,306.27,-23.43,11.81
2026-01-11 08:44:00+00:00,6.49,-8.78,-4.46,306.46,-22.22,11.79
2026-01-11 08:45:00+00:00,5.95,-9.04,-4.82,303.35,-24.01,11.84
2026-01-11 08:46:00+00:00,5.54,-9.00,-5.47,301.64,-27.34,11.90
2026-01-11 08:47:00+00:00,5.86,-8.71,-4.99,303.92,-25.42,11.62
2026-01-11 08:48:00+00:00,6.09,-8.59,-4.50,305.33,-23.16,11.45
2026-01-11 08:49:00+00:00,6.81,-8.51,-3.62,308.66,-18.38,11.49
2026-01-11 08:50:00+00:00,6.65,-8.40,-4.14,308.34,-21.12,11.49
2026-01-11 08:51:00+00:00,7.04,-7.85,-4.44,311.88,-22.83,11.44
2026-01-11 08:52:00+00:00,6.76,-8.33,-4.14,309.03,-21.12,11.50
2026-01-11 08:53:00+00:00,6.85,-8.42,-3.65,309.16,-18.61,11.45
2026-01-11 08:54:00+00:00,6.57,-8.57,-3.96,307.50,-20.14,11.50
2026-01-11 08:55:00+00:00,6.39,-8.34,-4.68,307.46,-24.00,11.51
2026-01-11 08:56:00+00:00,6.24,-8.61,-4.50,305.93,-22.94,11.54
2026-01-11 08:57:00+00:00,6.16,-8.81,-4.21,304.93,-21.39,11.55
2026-01-11 08:58:00+00:00,6.18,-8.70,-4.24,305.39,-21.69,11.48
2026-01-11 08:59:00+00:00,5.90,-8.55,-4.20,304.61,-22.02,11.21
2026-01-11 09:00:00+00:00,5.89,-8.43,-4.53,304.96,-23.79,11.24
2026-01-11 09:01:00+00:00,5.88,-8.41,-4.58,304.94,-24.04,11.24
2026-01-11 09:02:00+00:00,5.81,-8.12,-5.03,305.62,-26.73,11.18
2026-01-11 09:03:00+00:00,5.64,-8.79,-4.37,302.68,-22.71,11.32
2026-01-11 09:04:00+00:00,5.84,-8.84,-3.92,303.43,-20.30,11.29
2026-01-11 09:05:00+00:00,5.92,-8.97,-3.90,303.43,-19.97,11.43
2026-01-11 09:06:00+00:00,5.91,-9.06,-3.88,303.11,-19.71,11.49
2026-01-11 09:07:00+00:00,5.63,-9.20,-3.68,301.48,-18.83,11.40
2026-01-11 09:08:00+00:00,5.64,-9.36,-3.70,301.10,-18.71,11.53
2026-01-11 09:09:00+00:00,5.64,-9.22,-3.91,301.46,-19.89,11.49
2026-01-11 09:10:00+00:00,5.31,-8.78,-4.86,301.16,-25.33,11.35
2026-01-11 09:11:00+00:00,5.38,-8.62,-4.64,301.97,-24.55,11.17
2026-01-11 09:12:00+00:00,5.58,-8.76,-4.09,302.50,-21.47,11.17
2026-01-11 09:13:00+00:00,5.92,-8.91,-3.89,303.59,-19.99,11.38
2026-01-11 09:14:00+00:00,5.91,-8.87,-4.12,303.66,-21.15,11.43
2026-01-11 09:15:00+00:00,5.84,-8.90,-4.08,303.27,-20.99,11.40
2026-01-11 09:16:00+00:00,5.79,-8.82,-3.82,303.28,-19.93,11.22
2026-01-11 09:17:00+00:00,5.72,-8.83,-3.76,302.93,-19.66,11.18
2026-01-11 09:18:00+00:00,4.76,-9.01,-4.56,297.88,-24.12,11.16
2026-01-11 09:19:00+00:00,4.82,-8.99,-4.79,298.20,-25.16,11.26
2026-01-11 09:20:00+00:00,5.02,-8.79,-4.90,299.72,-25.81,11.25
2026-01-11 09:21:00+00:00,4.79,-8.59,-5.56,299.15,-29.46,11.30
2026-01-11 09:22:00+00:00,4.60,-8.30,-6.16,298.98,-32.97,11.31
2026-01-11 09:23:00+00:00,4.51,-8.45,-6.16,298.07,-32.75,11.39
2026-01-11 09:24:00+00:00,4.28,-9.79,-4.20,293.63,-21.48,11.48
2026-01-11 09:25:00+00:00,4.62,-9.88,-4.23,295.07,-21.19,11.70
2026-01-11 09:26:00+00:00,4.72,-9.73,-4.27,295.87,-21.55,11.63
2026-01-11 09:27:00+00:00,4.64,-9.19,-4.70,296.79,-24.55,11.31
2026-01-11 09:28:00+00:00,4.52,-9.19,-4.95,296.20,-25.80,11.38
2026-01-11 09:30:00+00:00,4.44,-8.96,-4.91,296.35,-26.15,11.14
2026-01-11 09:34:00+00:00,3.99,-8.68,-5.89,294.72,-31.65,11.22
2026-01-11 09:35:00+00:00,4.17,-8.98,-5.35,294.89,-28.37,11.26
2026-01-11 09:36:00+00:00,4.54,-9.00,-5.26,296.76,-27.53,11.37
2026-01-11 09:37:00+00:00,4.81,-9.10,-5.12,297.86,-26.46,11.50
2026-01-11 09:38:00+00:00,4.88,-9.05,-5.13,298.36,-26.50,11.49
2026-01-11 09:39:00+00:00,5.12,-8.89,-5.09,299.96,-26.39,11.45
2026-01-11 09:40:00+00:00,5.07,-8.88,-5.10,299.73,-26.50,11.42
2026-01-11 09:41:00+00:00,4.73,-8.79,-5.10,298.30,-27.08,11.21
2026-01-11 09:43:00+00:00,4.62,-9.06,-4.96,297.03,-25.98,11.31
2026-01-11 09:44:00+00:00,4.75,-8.60,-5.18,298.93,-27.82,11.11
2026-01-11 09:46:00+00:00,5.24,-8.13,-5.86,302.81,-31.21,11.31
2026-01-11 09:49:00+00:00,5.95,-6.69,-6.83,311.66,-37.33,11.26
2026-01-11 09:50:00+00:00,6.01,-7.05,-6.55,310.49,-35.27,11.35
2026-01-11 09:52:00+00:00,6.12,-6.31,-7.11,314.13,-38.95,11.31
2026-01-11 09:55:00+00:00,4.46,-9.23,-4.42,295.80,-23.33,11.17
2026-01-11 09:57:00+00:00,4.97,-9.21,-5.06,298.32,-25.81,11.63
2026-01-11 10:00:00+00:00,5.00,-9.23,-4.90,298.46,-25.04,11.58
2026-01-11 10:01:00+00:00,6.00,-8.01,-5.51,306.87,-28.82,11.42
2026-01-11 10:02:00+00:00,6.00,-7.76,-5.84,307.72,-30.77,11.42
2026-01-11 10:03:00+00:00,5.51,-8.35,-5.70,303.39,-29.68,11.52
2026-01-11 10:04:00+00:00,4.84,-8.69,-5.44,299.14,-28.69,11.34
2026-01-11 10:05:00+00:00,4.45,-8.47,-4.94,297.71,-27.34,10.77
2026-01-11 10:06:00+00:00,4.59,-7.93,-5.40,300.05,-30.50,10.64
2026-01-11 10:07:00+00:00,4.47,-8.58,-5.20,297.52,-28.24,10.98
2026-01-11 10:08:00+00:00,4.25,-8.83,-5.01,295.73,-27.07,11.00
2026-01-11 10:09:00+00:00,4.19,-8.92,-4.81,295.17,-26.04,10.96
2026-01-11 10:10:00+00:00,4.64,-8.17,-5.48,299.58,-30.26,10.88
2026-01-11 10:11:00+00:00,4.74,-7.96,-5.53,300.80,-30.84,10.79
2026-01-11 10:12:00+00:00,5.69,-6.42,-6.14,311.57,-35.57,10.55
2026-01-11 10:13:00+00:00,4.77,-7.45,-5.73,302.62,-32.93,10.54
2026-01-11 10:14:00+00:00,5.40,-6.42,-6.38,310.05,-37.27,10.54
2026-01-11 10:15:00+00:00,5.21,-6.83,-6.16,307.32,-35.65,10.57
2026-01-11 10:16:00+00:00,5.24,-6.93,-6.06,307.07,-34.91,10.60
2026-01-11 10:17:00+00:00,5.61,-6.92,-6.29,309.04,-35.24,10.91
2026-01-11 10:18:00+00:00,5.38,-7.00,-5.98,307.55,-34.10,10.66
2026-01-11 10:19:00+00:00,5.23,-7.16,-6.01,306.14,-34.15,10.71
2026-01-11 10:20:00+00:00,5.19,-7.32,-5.99,305.36,-33.73,10.79
2026-01-11 10:21:00+00:00,5.20,-7.32,-6.04,305.40,-33.90,10.82
2026-01-11 10:22:00+00:00,5.02,-7.28,-5.64,304.61,-32.53,10.49
2026-01-11 10:23:00+00:00,5.02,-7.36,-5.57,304.28,-32.02,10.51
2026-01-11 10:24:00+00:00,4.95,-7.29,-5.42,304.20,-31.61,10.35
2026-01-11 10:25:00+00:00,4.97,-7.38,-5.43,303.95,-31.39,10.43
2026-01-11 10:26:00+00:00,5.15,-7.55,-6.01,304.33,-33.33,10.94
2026-01-11 10:27:00+00:00,5.17,-7.67,-5.83,304.01,-32.23,10.93
2026-01-11 10:28:00+00:00,5.02,-7.73,-5.93,303.03,-32.75,10.96
2026-01-11 10:29:00+00:00,4.93,-7.81,-5.76,302.26,-31.94,10.88
2026-01-11 10:30:00+00:00,4.99,-7.64,-5.77,303.14,-32.30,10.79
2026-01-11 10:31:00+00:00,4.97,-7.74,-5.85,302.71,-32.45,10.90
2026-01-11 10:32:00+00:00,4.99,-7.81,-5.78,302.58,-31.92,10.92
2026-01-11 10:33:00+00:00,4.99,-7.65,-5.73,303.11,-32.10,10.78
2026-01-11 10:34:00+00:00,4.72,-7.50,-5.73,302.18,-32.89,10.55
2026-01-11 10:35:00+00:00,4.83,-7.85,-5.56,301.57,-31.11,10.76
2026-01-11 10:36:00+00:00,4.77,-7.85,-5.41,301.26,-30.51,10.66
2026-01-11 10:37:00+00:00,4.67,-7.87,-5.41,300.66,-30.62,10.63
2026-01-11 10:38:00+00:00,4.56,-8.07,-5.17,299.46,-29.14,10.61
2026-01-11 10:39:00+00:00,4.47,-8.11,-5.00,298.83,-28.38,10.53
2026-01-11 10:40:00+00:00,4.89,-7.24,-6.06,304.03,-34.73,10.63
2026-01-11 10:41:00+00:00,4.98,-7.16,-6.43,304.80,-36.40,10.84
2026-01-11 10:42:00+00:00,5.16,-7.39,-6.10,304.94,-34.08,10.88
2026-01-11 10:43:00+00:00,5.12,-7.56,-5.86,304.10,-32.68,10.85
2026-01-11 10:44:00+00:00,5.16,-7.71,-5.58,303.75,-31.03,10.83
2026-01-11 10:45:00+00:00,5.03,-7.94,-5.41,302.34,-29.93,10.84
2026-01-11 10:46:00+00:00,5.08,-7.63,-5.59,303.65,-31.36,10.74
2026-01-11 10:47:00+00:00,5.16,-6.83,-5.97,307.04,-34.92,10.44
2026-01-11 10:48:00+00:00,4.98,-6.90,-5.59,305.85,-33.30,10.18
2026-01-11 10:49:00+00:00,4.66,-6.99,-5.54,303.69,-33.40,10.06
2026-01-11 10:50:00+00:00,5.00,-7.15,-5.61,304.95,-32.76,10.37
2026-01-11 10:51:00+00:00,5.08,-7.25,-5.49,305.03,-31.84,10.42
2026-01-11 10:52:00+00:00,4.47,-7.79,-5.39,299.86,-30.99,10.48
2026-01-11 10:53:00+00:00,4.00,-7.50,-6.14,298.06,-35.85,10.49
2026-01-11 10:54:00+00:00,3.57,-8.11,-5.83,293.73,-33.32,10.61
2026-01-11 10:55:00+00:00,3.57,-8.24,-5.86,293.44,-33.14,10.73
2026-01-11 10:56:00+00:00,3.57,-8.29,-5.63,293.33,-31.96,10.64
2026-01-11 10:57:00+00:00,3.33,-8.65,-5.22,291.08,-29.37,10.63
2026-01-11 10:58:00+00:00,3.03,-8.38,-5.20,289.87,-30.26,10.32
2026-01-11 10:59:00+00:00,3.12,-8.39,-5.26,290.40,-30.45,10.38
2026-01-11 11:00:00+00:00,3.10,-8.52,-5.12,289.99,-29.47,10.41
2026-01-11 11:01:00+00:00,3.06,-8.51,-5.33,289.77,-30.49,10.49
2026-01-11 11:02:00+00:00,3.26,-8.22,-5.96,291.67,-33.98,10.66
2026-01-11 11:03:00+00:00,3.12,-8.22,-5.81,290.80,-33.43,10.54
2026-01-11 11:04:00+00:00,3.01,-8.50,-5.33,289.47,-30.60,10.48
2026-01-11 11:05:00+00:00,2.80,-7.89,-5.69,289.52,-34.20,10.12
2026-01-11 11:06:00+00:00,2.47,-7.94,-6.12,287.26,-36.35,10.32
2026-01-11 11:07:00+00:00,2.81,-8.08,-5.86,289.16,-34.39,10.37
2026-01-11 11:08:00+00:00,2.94,-7.89,-5.91,290.46,-35.06,10.29
2026-01-11 11:09:00+00:00,2.76,-8.17,-5.91,288.67,-34.41,10.45
2026-01-11 11:10:00+00:00,2.85,-8.11,-5.91,289.36,-34.51,10.43
2026-01-11 11:11:00+00:00,2.79,-8.08,-5.98,289.04,-34.98,10.43
2026-01-11 11:12:00+00:00,2.61,-8.20,-5.81,287.65,-34.05,10.38
2026-01-11 11:13:00+00:00,2.53,-8.32,-5.77,286.88,-33.58,10.44
2026-01-11 11:14:00+00:00,2.58,-7.91,-6.08,288.02,-36.16,10.31
2026-01-11 11:15:00+00:00,2.56,-7.88,-6.17,288.00,-36.65,10.33
2026-01-11 11:16:00+00:00,2.59,-7.80,-6.26,288.38,-37.28,10.33
2026-01-11 11:17:00+00:00,2.77,-7.55,-6.48,290.15,-38.87,10.32
2026-01-11 11:18:00+00:00,3.03,-7.43,-6.37,292.21,-38.44,10.24
2026-01-11 11:19:00+00:00,2.90,-7.55,-6.36,290.99,-38.18,10.29
2026-01-11 11:20:00+00:00,2.81,-7.74,-6.32,289.91,-37.50,10.38
2026-01-11 11:21:00+00:00,2.56,-7.55,-6.73,288.75,-40.17,10.43
2026-01-11 11:22:00+00:00,2.83,-8.13,-6.22,289.19,-35.85,10.62
2026-01-11 11:23:00+00:00,3.21,-7.95,-6.17,291.98,-35.74,10.57
2026-01-11 11:24:00+00:00,3.27,-7.90,-6.26,292.48,-36.22,10.59
2026-01-11 11:25:00+00:00,3.12,-7.82,-6.28,291.75,-36.71,10.51
2026-01-11 11:26:00+00:00,3.29,-7.84,-6.29,292.76,-36.52,10.58
2026-01-11 11:27:00+00:00,2.96,-8.24,-5.90,289.77,-34.00,10.56
2026-01-11 11:28:00+00:00,2.57,-8.37,-5.85,287.05,-33.77,10.53
2026-01-11 11:29:00+00:00,3.41,-7.12,-6.77,295.59,-40.62,10.40
2026-01-11 11:30:00+00:00,2.61,-7.96,-6.30,288.13,-36.95,10.49
2026-01-11 11:31:00+00:00,2.74,-7.86,-6.18,289.24,-36.59,10.37
2026-01-11 11:32:00+00:00,2.90,-7.61,-6.31,290.90,-37.76,10.30
2026-01-11 11:33:00+00:00,3.02,-7.53,-6.50,291.85,-38.68,10.40
2026-01-11 11:34:00+00:00,2.83,-7.37,-6.61,290.99,-39.93,10.29
2026-01-11 11:35:00+00:00,2.75,-7.23,-6.51,290.85,-40.10,10.11
2026-01-11 11:36:00+00:00,2.66,-7.19,-6.55,290.34,-40.52,10.08
2026-01-11 11:37:00+00:00,2.84,-7.34,-6.48,291.13,-39.48,10.19
2026-01-11 11:38:00+00:00,2.74,-7.38,-6.66,290.35,-40.24,10.32
2026-01-11 11:39:00+00:00,2.62,-7.32,-6.61,289.67,-40.35,10.20
2026-01-11 11:40:00+00:00,2.75,-7.37,-6.50,290.44,-39.57,10.21
2026-01-11 11:41:00+00:00,2.75,-7.24,-6.33,290.79,-39.28,10.01
2026-01-11 11:42:00+00:00,2.89,-7.26,-6.22,291.75,-38.52,9.98
2026-01-11 11:43:00+00:00,2.97,-7.38,-6.20,291.90,-37.93,10.08
2026-01-11 11:44:00+00:00,3.09,-7.37,-6.09,292.79,-37.32,10.05
2026-01-11 11:45:00+00:00,3.04,-7.38,-6.12,292.39,-37.47,10.06
2026-01-11 11:46:00+00:00,3.04,-7.41,-6.17,292.33,-37.60,10.11
2026-01-11 11:47:00+00:00,3.14,-7.15,-6.19,293.67,-38.41,9.97
2026-01-11 11:48:00+00:00,3.54,-6.89,-6.28,297.21,-39.04,9.97
2026-01-11 11:49:00+00:00,3.50,-6.91,-6.35,296.87,-39.35,10.02
2026-01-11 11:50:00+00:00,3.55,-6.90,-6.29,297.25,-39.00,9.99
2026-01-11 11:51:00+00:00,3.53,-6.84,-6.37,297.29,-39.62,9.99
2026-01-11 11:52:00+00:00,3.22,-7.13,-6.19,294.29,-38.37,9.97
2026-01-11 11:53:00+00:00,3.05,-7.23,-6.46,292.88,-39.48,10.16
2026-01-11 11:54:00+00:00,3.13,-7.20,-6.26,293.51,-38.58,10.04
2026-01-11 11:55:00+00:00,3.22,-7.17,-6.07,294.20,-37.68,9.93
2026-01-11 11:56:00+00:00,3.26,-7.34,-6.30,293.97,-38.08,10.21
2026-01-11 11:57:00+00:00,3.46,-7.19,-6.38,295.72,-38.66,10.22
2026-01-11 11:58:00+00:00,3.46,-7.09,-6.34,296.02,-38.76,10.12
2026-01-11 11:59:00+00:00,3.28,-7.20,-6.38,294.47,-38.89,10.17
2026-01-11 12:00:00+00:00,3.32,-7.14,-6.38,294.94,-39.00,10.13
2026-01-11 12:01:00+00:00,3.25,-7.09,-6.49,294.59,-39.76,10.15
2026-01-11 12:02:00+00:00,3.24,-7.03,-6.55,294.78,-40.23,10.14
2026-01-11 12:03:00+00:00,3.28,-7.22,-6.42,294.44,-39.01,10.21
2026-01-11 12:04:00+00:00,3.44,-7.09,-6.42,295.92,-39.18,10.16
2026-01-11 12:05:00+00:00,3.38,-7.07,-6.54,295.56,-39.85,10.21
2026-01-11 12:06:00+00:00,3.56,-6.90,-6.57,297.27,-40.26,10.17
2026-01-11 12:07:00+00:00,3.61,-6.65,-6.58,298.53,-41.00,10.03
2026-01-11 12:08:00+00:00,2.81,-7.33,-6.21,290.95,-38.37,10.01
2026-01-11 12:09:00+00:00,0.85,-8.30,-5.52,275.84,-33.48,10.00
2026-01-11 12:10:00+00:00,-0.76,-8.86,-4.94,265.12,-29.08,10.17
2026-01-11 12:11:00+00:00,1.42,-8.45,-5.02,279.52,-30.39,9.93
2026-01-11 12:12:00+00:00,1.88,-7.90,-5.61,283.36,-34.63,9.87
2026-01-11 12:13:00+00:00,1.34,-7.95,-5.52,279.54,-34.41,9.77
2026-01-11 12:14:00+00:00,1.17,-8.61,-4.68,277.71,-28.28,9.87
2026-01-11 12:15:00+00:00,-1.11,-8.89,-5.09,262.87,-29.58,10.30
2026-01-11 12:16:00+00:00,-0.95,-8.78,-5.29,263.84,-30.91,10.30
2026-01-11 12:17:00+00:00,0.48,-8.92,-5.12,273.10,-29.84,10.29
2026-01-11 12:18:00+00:00,-0.22,-8.33,-5.83,268.46,-34.96,10.17
2026-01-11 12:19:00+00:00,0.92,-8.18,-6.02,276.39,-36.18,10.19
2026-01-11 12:20:00+00:00,3.27,-7.17,-6.37,294.50,-38.94,10.13
2026-01-11 12:21:00+00:00,3.62,-6.88,-5.97,297.74,-37.49,9.80
2026-01-11 12:22:00+00:00,3.54,-6.96,-6.28,296.96,-38.78,10.02
2026-01-11 12:23:00+00:00,3.21,-6.93,-6.40,294.83,-39.96,9.97
2026-01-11 12:24:00+00:00,3.28,-6.95,-6.61,295.29,-40.70,10.13
2026-01-11 12:25:00+00:00,3.59,-6.85,-6.68,297.64,-40.85,10.22
2026-01-11 12:26:00+00:00,3.44,-6.67,-6.62,297.32,-41.42,10.01
2026-01-11 12:27:00+00:00,3.53,-6.57,-7.04,298.24,-43.36,10.25
2026-01-11 12:28:00+00:00,3.60,-6.39,-7.02,299.42,-43.74,10.15
2026-01-11 12:29:00+00:00,3.73,-6.01,-7.12,301.83,-45.17,10.04
2026-01-11 12:30:00+00:00,3.65,-5.87,-7.38,301.88,-46.87,10.11
2026-01-11 12:31:00+00:00,3.63,-5.93,-7.21,301.47,-46.06,10.01
2026-01-11 12:32:00+00:00,3.77,-5.43,-7.33,304.80,-47.94,9.87
2026-01-11 12:33:00+00:00,3.67,-5.29,-6.81,304.74,-46.62,9.37
2026-01-11 12:34:00+00:00,3.70,-5.39,-6.82,304.45,-46.18,9.45
2026-01-11 12:35:00+00:00,3.26,-5.79,-6.90,299.34,-46.08,9.58
2026-01-11 12:36:00+00:00,3.11,-5.80,-6.77,298.24,-45.80,9.44
2026-01-11 12:37:00+00:00,3.71,-5.46,-6.58,304.18,-44.92,9.31
2026-01-11 12:38:00+00:00,3.47,-5.64,-7.00,301.64,-46.60,9.64
2026-01-11 12:39:00+00:00,3.89,-5.40,-7.00,305.76,-46.47,9.66
2026-01-11 12:40:00+00:00,1.21,-6.42,-6.88,280.70,-46.47,9.49
2026-01-11 12:41:00+00:00,-0.08,-6.71,-6.79,269.29,-45.34,9.54
2026-01-11 12:42:00+00:00,-0.63,-6.85,-6.81,264.75,-44.71,9.68
2026-01-11 12:43:00+00:00,-1.40,-6.96,-6.60,258.66,-42.91,9.69
2026-01-11 12:44:00+00:00,-1.51,-6.73,-6.73,257.39,-44.29,9.64
2026-01-11 12:45:00+00:00,-1.04,-6.59,-6.77,261.00,-45.42,9.51
2026-01-11 12:46:00+00:00,-0.98,-6.23,-7.07,261.03,-48.24,9.47
2026-01-11 12:47:00+00:00,-1.38,-6.30,-6.84,257.66,-46.71,9.40
2026-01-11 12:48:00+00:00,-2.76,-5.79,-6.91,244.52,-47.16,9.43
2026-01-11 12:49:00+00:00,-1.04,-5.83,-7.20,259.86,-50.57,9.32
2026-01-11 12:50:00+00:00,-1.24,-5.31,-7.56,256.84,-54.20,9.32
2026-01-11 12:51:00+00:00,-0.13,-5.42,-7.90,268.63,-55.55,9.58
2026-01-11 12:52:00+00:00,-0.05,-5.72,-7.99,269.47,-54.39,9.82
2026-01-11 12:53:00+00:00,0.31,-5.74,-7.82,273.06,-53.67,9.71
2026-01-11 12:54:00+00:00,0.41,-5.86,-7.91,273.97,-53.42,9.85
2026-01-11 12:55:00+00:00,0.94,-5.86,-7.90,279.10,-53.08,9.89
2026-01-11 12:56:00+00:00,1.09,-5.05,-8.50,282.12,-58.70,9.95
2026-01-11 12:57:00+00:00,0.59,-5.41,-8.36,276.20,-56.92,9.97
2026-01-11 12:58:00+00:00,0.82,-5.46,-8.12,278.58,-55.77,9.82
2026-01-11 12:59:00+00:00,1.04,-5.36,-8.03,281.00,-55.79,9.71
2026-01-11 13:00:00+00:00,0.28,-5.46,-8.14,272.89,-56.11,9.80
2026-01-11 13:01:00+00:00,-0.56,-5.14,-8.55,263.80,-58.81,9.99
2026-01-11 13:02:00+00:00,-0.36,-5.11,-8.66,265.92,-59.40,10.06
2026-01-11 13:03:00+00:00,-0.27,-5.07,-8.67,266.98,-59.64,10.05
2026-01-11 13:04:00+00:00,-0.69,-4.95,-8.79,262.06,-60.40,10.11
2026-01-11 13:05:00+00:00,-0.75,-4.72,-8.75,260.95,-61.36,9.97
2026-01-11 13:06:00+00:00,-1.44,-4.89,-8.55,253.63,-59.20,9.95
2026-01-11 13:07:00+00:00,-1.10,-4.90,-8.58,257.32,-59.68,9.94
2026-01-11 13:08:00+00:00,-1.65,-4.96,-8.16,251.58,-57.36,9.69
2026-01-11 13:09:00+00:00,-2.25,-5.19,-7.94,246.59,-54.54,9.75
2026-01-11 13:10:00+00:00,-1.95,-4.73,-8.02,247.59,-57.46,9.52
2026-01-11 13:11:00+00:00,-1.49,-5.20,-7.89,254.02,-55.59,9.57
2026-01-11 13:12:00+00:00,-1.85,-4.97,-7.95,249.55,-56.32,9.56
2026-01-11 13:13:00+00:00,-2.26,-5.36,-7.81,247.16,-53.36,9.74
2026-01-11 13:14:00+00:00,-1.83,-4.82,-8.11,249.24,-57.56,9.61
2026-01-11 13:15:00+00:00,-1.98,-5.35,-7.67,249.67,-53.35,9.56
2026-01-11 13:16:00+00:00,-3.41,-6.24,-6.64,241.35,-43.05,9.72
2026-01-11 13:17:00+00:00,-4.81,-6.95,-5.37,235.31,-32.45,10.02
2026-01-11 13:18:00+00:00,-4.65,-6.61,-5.80,234.90,-35.68,9.95
2026-01-11 13:19:00+00:00,-4.37,-6.79,-5.85,237.25,-35.91,9.97
2026-01-11 13:20:00+00:00,-4.43,-6.43,-6.22,235.41,-38.51,9.98
2026-01-11 13:21:00+00:00,-4.28,-6.69,-6.52,237.37,-39.38,10.27
2026-01-11 13:22:00+00:00,-3.38,-6.26,-6.46,241.64,-42.26,9.61
2026-01-11 13:23:00+00:00,-3.35,-6.02,-6.70,240.89,-44.21,9.61
2026-01-11 13:24:00+00:00,-3.24,-5.87,-6.37,241.08,-43.52,9.25
2026-01-11 13:25:00+00:00,-3.16,-5.59,-6.66,240.53,-46.05,9.24
2026-01-11 13:26:00+00:00,-3.30,-5.43,-6.74,238.71,-46.70,9.27
2026-01-11 13:27:00+00:00,-3.28,-5.56,-6.72,239.45,-46.14,9.32
2026-01-11 13:28:00+00:00,-3.03,-5.45,-6.73,240.96,-47.19,9.17
2026-01-11 13:29:00+00:00,-2.34,-5.16,-7.04,245.65,-51.19,9.04
2026-01-11 13:30:00+00:00,-2.35,-4.99,-7.20,244.80,-52.55,9.08
2026-01-11 13:31:00+00:00,-2.34,-5.26,-7.55,245.99,-52.66,9.49
2026-01-11 13:32:00+00:00,-2.10,-5.12,-7.70,247.75,-54.28,9.48
2026-01-11 13:33:00+00:00,-1.91,-5.04,-7.69,249.26,-55.00,9.39
2026-01-11 13:34:00+00:00,-1.64,-4.91,-7.76,251.51,-56.30,9.33
2026-01-11 13:35:00+00:00,-1.78,-5.11,-7.71,250.78,-54.92,9.42
2026-01-11 13:36:00+00:00,-1.47,-4.84,-7.77,253.09,-56.92,9.27
2026-01-11 13:37:00+00:00,-1.64,-4.68,-7.62,250.70,-56.98,9.09
2026-01-11 13:38:00+00:00,-1.56,-4.76,-7.65,251.86,-56.79,9.14
2026-01-11 13:39:00+00:00,-1.22,-4.45,-7.88,254.61,-59.65,9.13
2026-01-11 13:40:00+00:00,-1.21,-4.41,-7.91,254.69,-59.99,9.13
2026-01-11 13:41:00+00:00,-0.99,-4.20,-8.11,256.76,-62.01,9.19
2026-01-11 13:42:00+00:00,-0.96,-5.38,-7.77,259.86,-54.88,9.50
2026-01-11 13:43:00+00:00,-1.13,-6.03,-7.85,259.38,-52.00,9.97
2026-01-11 13:44:00+00:00,-1.11,-6.24,-7.85,259.92,-51.09,10.09
2026-01-11 13:45:00+00:00,-1.43,-5.26,-7.87,254.76,-55.28,9.57
2026-01-11 13:46:00+00:00,-1.30,-5.18,-7.64,255.95,-55.03,9.32
2026-01-11 13:47:00+00:00,-1.34,-5.20,-7.66,255.57,-54.97,9.36
2026-01-11 13:48:00+00:00,-1.55,-5.07,-7.68,252.97,-55.41,9.33
2026-01-11 13:49:00+00:00,-1.71,-4.97,-7.79,250.99,-55.99,9.39
2026-01-11 13:50:00+00:00,-1.95,-5.06,-7.87,248.96,-55.42,9.56
2026-01-11 13:51:00+00:00,-2.06,-4.87,-7.98,247.05,-56.49,9.57
2026-01-11 13:52:00+00:00,-1.93,-4.85,-8.10,248.32,-57.20,9.64
2026-01-11 13:53:00+00:00,-1.74,-4.69,-8.20,249.66,-58.65,9.60
2026-01-11 13:54:00+00:00,-1.24,-3.74,-8.76,251.62,-65.77,9.61
2026-01-11 13:55:00+00:00,-0.96,-3.51,-9.01,254.72,-68.01,9.72
2026-01-11 13:56:00+00:00,-0.67,-4.10,-8.60,260.71,-64.23,9.55
2026-01-11 13:57:00+00:00,-0.87,-5.93,-7.66,261.65,-51.96,9.73
2026-01-11 13:58:00+00:00,-1.25,-6.05,-7.74,258.33,-51.43,9.91
2026-01-11 13:59:00+00:00,-1.12,-5.83,-8.07,259.10,-53.67,10.02
2026-01-11 14:00:00+00:00,-1.02,-5.35,-8.60,259.20,-57.63,10.18
2026-01-11 14:01:00+00:00,-0.90,-5.43,-8.61,260.54,-57.44,10.22
2026-01-11 14:02:00+00:00,-1.11,-5.13,-8.79,257.84,-59.17,10.24
2026-01-11 14:03:00+00:00,-1.19,-4.64,-9.06,255.58,-62.12,10.25
2026-01-11 14:04:00+00:00,-1.40,-4.61,-8.99,253.09,-61.80,10.20
2026-01-11 14:05:00+00:00,-1.57,-4.68,-8.70,251.39,-60.43,10.00
2026-01-11 14:06:00+00:00,-1.91,-4.49,-8.81,246.95,-61.02,10.07
2026-01-11 14:07:00+00:00,-2.77,-2.19,-9.24,218.41,-69.09,9.89
2026-01-11 14:08:00+00:00,-1.96,-2.13,-9.38,227.33,-72.83,9.82
2026-01-11 14:09:00+00:00,-2.07,-1.84,-9.45,221.53,-73.65,9.85
2026-01-11 14:10:00+00:00,-1.33,-3.70,-8.81,250.24,-65.93,9.65
2026-01-11 14:11:00+00:00,-1.52,-2.69,-9.43,240.45,-71.87,9.93
2026-01-11 14:12:00+00:00,1.29,-6.14,-8.01,281.89,-51.90,10.18
2026-01-11 14:13:00+00:00,0.84,-6.05,-8.57,277.94,-54.54,10.52
2026-01-11 14:14:00+00:00,0.31,-5.66,-8.94,273.15,-57.61,10.58
2026-01-11 14:15:00+00:00,0.47,-5.87,-8.75,274.58,-56.08,10.55
2026-01-11 14:16:00+00:00,0.47,-5.24,-9.07,275.11,-59.90,10.49
2026-01-11 14:17:00+00:00,0.42,-3.43,-9.79,276.95,-70.56,10.39
2026-01-11 14:18:00+00:00,1.13,-4.65,-9.09,283.68,-62.23,10.27
2026-01-11 14:19:00+00:00,0.53,-4.96,-9.07,276.06,-61.20,10.34
2026-01-11 14:20:00+00:00,0.54,-4.71,-9.13,276.56,-62.54,10.29
2026-01-11 14:21:00+00:00,0.77,-4.37,-9.29,280.01,-64.48,10.29
2026-01-11 14:22:00+00:00,0.38,-4.50,-9.34,274.79,-64.20,10.37
2026-01-11 14:23:00+00:00,0.24,-4.54,-9.40,273.03,-64.21,10.44
2026-01-11 14:24:00+00:00,0.23,-4.51,-9.42,272.91,-64.36,10.45
2026-01-11 14:25:00+00:00,-0.03,-4.34,-9.54,269.56,-65.56,10.48
2026-01-11 14:26:00+00:00,-0.45,-4.52,-9.53,264.34,-64.52,10.55
2026-01-11 14:27:00+00:00,-0.32,-4.70,-9.48,266.09,-63.60,10.59
2026-01-11 14:28:00+00:00,0.01,-4.96,-9.35,270.08,-62.04,10.59
2026-01-11 14:29:00+00:00,0.62,-5.16,-9.22,276.85,-60.60,10.59
2026-01-11 14:30:00+00:00,0.12,-5.00,-9.35,271.39,-61.85,10.61
2026-01-11 14:31:00+00:00,-0.67,-4.30,-9.72,261.21,-65.88,10.65
2026-01-11 14:32:00+00:00,-1.71,-3.46,-9.94,243.62,-68.79,10.67
2026-01-11 14:33:00+00:00,-2.24,-3.16,-9.99,234.61,-68.82,10.72
2026-01-11 14:34:00+00:00,-1.96,-3.65,-10.05,241.82,-67.57,10.87
2026-01-11 14:35:00+00:00,-2.12,-3.56,-10.08,239.20,-67.64,10.90
2026-01-11 14:36:00+00:00,-2.24,-4.42,-9.72,243.12,-62.99,10.91
2026-01-11 14:37:00+00:00,-2.01,-3.73,-9.92,241.62,-66.89,10.79
2026-01-11 14:38:00+00:00,-2.05,-3.42,-9.89,239.03,-68.01,10.66
2026-01-11 14:39:00+00:00,-2.77,-3.21,-10.12,229.22,-67.24,10.97
2026-01-11 14:40:00+00:00,-2.57,-3.05,-10.26,229.89,-68.73,11.01
2026-01-11 14:41:00+00:00,-2.62,-2.94,-10.26,228.29,-68.98,10.99
2026-01-11 14:42:00+00:00,-2.75,-2.54,-10.30,222.74,-70.02,10.96
2026-01-11 14:43:00+00:00,-2.09,-3.11,-10.29,236.18,-69.98,10.95
2026-01-11 14:44:00+00:00,-1.43,-3.66,-10.10,248.65,-68.72,10.84
2026-01-11 14:45:00+00:00,-1.25,-3.85,-10.07,252.00,-68.10,10.86
2026-01-11 14:46:00+00:00,-1.27,-3.78,-10.18,251.49,-68.63,10.93
2026-01-11 14:47:00+00:00,-1.48,-3.45,-10.24,246.79,-69.88,10.90
2026-01-11 14:48:00+00:00,-1.48,-3.51,-10.29,247.13,-69.67,10.98
2026-01-11 14:49:00+00:00,-1.37,-3.37,-10.34,247.88,-70.62,10.96
2026-01-11 14:50:00+00:00,-1.58,-3.42,-10.33,245.23,-69.96,10.99
2026-01-11 14:51:00+00:00,-1.47,-3.18,-10.44,245.26,-71.44,11.01
2026-01-11 14:52:00+00:00,-1.62,-3.58,-10.30,245.60,-69.11,11.02
2026-01-11 14:53:00+00:00,-1.59,-3.70,-10.26,246.72,-68.59,11.02
2026-01-11 14:54:00+00:00,-1.50,-3.53,-10.30,246.94,-69.59,10.99
2026-01-11 14:55:00+00:00,-1.24,-2.88,-10.46,246.81,-73.29,10.92
2026-01-11 14:56:00+00:00,-1.32,-3.48,-10.28,249.25,-70.11,10.93
2026-01-11 14:57:00+00:00,-1.20,-3.51,-10.33,251.18,-70.24,10.97
2026-01-11 14:58:00+00:00,-1.11,-4.33,-9.94,255.62,-65.80,10.90
2026-01-11 14:59:00+00:00,-1.04,-4.61,-9.75,257.28,-64.14,10.84
2026-01-11 15:00:00+00:00,-0.94,-5.32,-9.28,259.99,-59.82,10.74
2026-01-11 15:01:00+00:00,-0.79,-5.31,-9.25,261.57,-59.89,10.69
2026-01-11 15:02:00+00:00,-1.04,-4.80,-9.61,257.77,-62.93,10.79
2026-01-11 15:03:00+00:00,-2.15,-4.21,-9.86,242.99,-64.40,10.94
2026-01-11 15:04:00+00:00,-2.16,-4.17,-9.83,242.60,-64.49,10.89
2026-01-11 15:05:00+00:00,-1.89,-3.19,-10.21,239.35,-70.01,10.86
2026-01-11 15:06:00+00:00,-1.05,-2.68,-10.38,248.69,-74.51,10.77
2026-01-11 15:07:00+00:00,-0.79,-3.18,-10.29,256.11,-72.34,10.80
2026-01-11 15:08:00+00:00,-0.50,-3.52,-10.15,261.90,-70.73,10.76
2026-01-11 15:09:00+00:00,-0.63,-3.07,-10.31,258.35,-73.06,10.77
2026-01-11 15:10:00+00:00,-1.14,-2.79,-10.30,247.75,-73.69,10.74
2026-01-11 15:11:00+00:00,-1.52,-2.25,-10.40,235.93,-75.36,10.75
2026-01-11 15:12:00+00:00,-1.86,-1.70,-10.47,222.41,-76.46,10.76
2026-01-11 15:13:00+00:00,-1.45,-2.04,-10.33,234.46,-76.38,10.63
2026-01-11 15:14:00+00:00,-1.12,-2.15,-10.22,242.50,-76.66,10.50
2026-01-11 15:15:00+00:00,-1.14,-2.41,-10.28,244.62,-75.48,10.62
2026-01-11 15:16:00+00:00,-1.18,-2.54,-10.13,245.12,-74.56,10.51
2026-01-11 15:17:00+00:00,-0.83,-2.57,-10.13,252.14,-75.04,10.48
2026-01-11 15:18:00+00:00,-0.95,-2.84,-10.29,251.44,-73.76,10.72
2026-01-11 15:19:00+00:00,-0.55,-2.90,-9.99,259.34,-73.54,10.42
2026-01-11 15:20:00+00:00,-0.60,-3.12,-9.92,259.11,-72.25,10.41
2026-01-11 15:21:00+00:00,-0.79,-2.93,-9.84,254.95,-72.84,10.30
2026-01-11 15:22:00+00:00,-0.62,-3.36,-9.85,259.57,-70.89,10.43
2026-01-11 15:23:00+00:00,-0.57,-3.24,-9.78,260.10,-71.40,10.32
2026-01-11 15:24:00+00:00,-0.59,-3.21,-9.75,259.61,-71.49,10.29
2026-01-11 15:25:00+00:00,-0.63,-2.98,-9.91,258.13,-72.91,10.37
2026-01-11 15:26:00+00:00,-0.45,-2.41,-10.15,259.43,-76.40,10.44
2026-01-11 15:27:00+00:00,-0.14,-1.84,-10.29,265.63,-79.84,10.46
2026-01-11 15:28:00+00:00,-0.13,-4.08,-9.51,268.13,-66.76,10.35
2026-01-11 15:29:00+00:00,-0.56,-4.32,-9.43,262.63,-65.20,10.38
2026-01-11 15:30:00+00:00,-0.74,-3.60,-9.78,258.32,-69.41,10.45
2026-01-11 15:31:00+00:00,-0.84,-3.61,-9.79,256.95,-69.29,10.47
2026-01-11 15:32:00+00:00,-1.00,-3.54,-9.77,254.26,-69.36,10.44
2026-01-11 15:33:00+00:00,-1.15,-3.52,-9.83,251.95,-69.37,10.51
2026-01-11 15:34:00+00:00,-1.08,-3.23,-9.89,251.44,-71.01,10.46
2026-01-11 15:35:00+00:00,-0.84,-2.97,-10.07,254.15,-72.96,10.53
2026-01-11 15:36:00+00:00,-0.92,-2.75,-10.14,251.40,-74.05,10.55
2026-01-11 15:37:00+00:00,-0.91,-2.55,-10.20,250.39,-75.16,10.55
2026-01-11 15:38:00+00:00,-0.85,-2.73,-10.08,252.77,-74.15,10.47
2026-01-11 15:39:00+00:00,-0.94,-2.43,-10.12,248.74,-75.57,10.45
2026-01-11 15:40:00+00:00,-1.40,-2.19,-10.12,237.37,-75.61,10.45
2026-01-11 15:41:00+00:00,-0.68,-2.72,-10.07,255.97,-74.44,10.45
2026-01-11 15:42:00+00:00,-0.85,-2.51,-10.21,251.35,-75.48,10.55
2026-01-11 15:43:00+00:00,-0.89,-2.59,-10.38,250.96,-75.20,10.74
2026-01-11 15:44:00+00:00,-1.40,-1.94,-10.60,234.10,-77.27,10.87
2026-01-11 15:45:00+00:00,-1.62,-1.68,-10.59,225.99,-77.56,10.85
2026-01-11 15:46:00+00:00,-1.24,-2.07,-10.57,239.03,-77.11,10.84
2026-01-11 15:47:00+00:00,-0.37,-2.65,-10.44,262.15,-75.61,10.78
2026-01-11 15:48:00+00:00,-0.29,-2.74,-10.33,263.97,-75.08,10.69
2026-01-11 15:49:00+00:00,-0.11,-2.84,-10.23,267.72,-74.47,10.62
2026-01-11 15:50:00+00:00,-1.03,-2.20,-10.42,244.87,-76.85,10.70
2026-01-11 15:51:00+00:00,-1.26,-2.36,-10.27,241.94,-75.37,10.61
2026-01-11 15:52:00+00:00,-1.24,-2.85,-10.22,246.44,-73.06,10.68
2026-01-11 15:53:00+00:00,-1.02,-2.88,-10.20,250.57,-73.34,10.65
2026-01-11 15:54:00+00:00,-0.59,-2.74,-10.26,257.95,-74.71,10.64
2026-01-11 15:55:00+00:00,-0.62,-2.84,-10.30,257.75,-74.25,10.70
2026-01-11 15:56:00+00:00,-0.76,-2.79,-10.29,254.79,-74.29,10.68
2026-01-11 15:57:00+00:00,-0.81,-2.50,-10.48,252.10,-75.92,10.80
2026-01-11 15:58:00+00:00,-0.94,-2.40,-10.52,248.51,-76.24,10.83
2026-01-11 16:00:00+00:00,-0.75,-4.84,-9.62,261.21,-63.04,10.80
2026-01-11 16:01:00+00:00,0.05,-5.30,-9.48,270.56,-60.78,10.86
2026-01-11 16:02:00+00:00,-0.37,-3.45,-10.00,263.81,-70.88,10.59
2026-01-11 16:03:00+00:00,-0.26,-2.44,-9.91,263.91,-76.11,10.21
2026-01-11 16:04:00+00:00,-0.01,-2.80,-9.66,269.86,-73.86,10.06
2026-01-11 16:05:00+00:00,-0.42,-3.43,-9.72,262.95,-70.42,10.32
2026-01-11 16:06:00+00:00,-0.51,-2.48,-10.17,258.31,-76.04,10.48
2026-01-11 16:07:00+00:00,-0.60,-2.52,-10.10,256.69,-75.60,10.43
2026-01-11 16:08:00+00:00,-0.27,-2.62,-10.02,264.21,-75.31,10.36
2026-01-11 16:09:00+00:00,0.10,-2.70,-9.84,272.10,-74.65,10.21
2026-01-11 16:10:00+00:00,0.40,-2.63,-10.06,278.73,-75.21,10.41
2026-01-11 16:11:00+00:00,0.32,-2.54,-10.13,277.30,-75.83,10.45
2026-01-11 16:12:00+00:00,0.02,-2.84,-9.81,270.39,-73.85,10.21
2026-01-11 16:13:00+00:00,-0.17,-2.75,-9.91,266.39,-74.45,10.29
2026-01-11 16:14:00+00:00,0.08,-2.36,-9.81,271.92,-76.46,10.09
2026-01-11 16:15:00+00:00,-0.39,-2.31,-9.93,260.32,-76.74,10.20
2026-01-11 16:16:00+00:00,-0.48,-1.95,-9.79,256.18,-78.41,10.00
2026-01-11 16:17:00+00:00,-1.80,0.49,-10.27,164.85,-79.72,10.44
2026-01-11 16:18:00+00:00,-1.01,-0.94,-10.10,222.89,-82.25,10.19
2026-01-11 16:19:00+00:00,-0.77,-1.67,-10.11,245.14,-79.67,10.28
2026-01-11 16:20:00+00:00,-1.86,-0.65,-10.33,199.26,-79.19,10.52
2026-01-11 16:21:00+00:00,-2.18,0.39,-10.35,169.86,-77.94,10.58
2026-01-11 16:22:00+00:00,-2.58,1.36,-10.29,152.14,-74.19,10.70
2026-01-11 16:23:00+00:00,-2.83,1.25,-10.18,156.10,-73.11,10.64
2026-01-11 16:24:00+00:00,-2.65,0.65,-10.21,166.15,-75.02,10.56
2026-01-11 16:25:00+00:00,-2.32,0.68,-10.22,163.57,-76.71,10.51
2026-01-11 16:26:00+00:00,-2.24,0.26,-10.23,173.40,-77.55,10.48
2026-01-11 16:27:00+00:00,-2.23,-0.28,-9.87,187.16,-77.20,10.13
2026-01-11 16:28:00+00:00,-2.32,0.12,-9.81,177.09,-76.67,10.08
2026-01-11 16:29:00+00:00,-3.16,0.48,-9.62,171.44,-71.61,10.14
2026-01-11 16:30:00+00:00,-2.78,0.27,-9.68,174.54,-73.89,10.08
2026-01-11 16:31:00+00:00,-2.02,-0.35,-9.78,189.84,-78.18,10.00
2026-01-11 16:32:00+00:00,-1.81,-0.80,-9.77,203.87,-78.55,9.97
2026-01-11 16:33:00+00:00,-1.36,-0.93,-9.74,214.27,-80.42,9.88
2026-01-11 16:34:00+00:00,-1.02,-0.89,-8.40,221.17,-80.85,8.51
2026-01-11 16:35:00+00:00,-0.70,-0.73,-7.48,226.10,-82.28,7.55
2026-01-11 16:36:00+00:00,-0.85,0.88,-6.09,133.83,-78.61,6.21
2026-01-11 16:37:00+00:00,-0.84,0.44,-7.36,152.51,-82.70,7.42
2026-01-11 16:38:00+00:00,-0.05,-0.44,-7.11,262.91,-86.41,7.12
2026-01-11 16:39:00+00:00,0.45,-0.61,-7.16,306.66,-83.98,7.20
2026-01-11 16:40:00+00:00,0.84,-0.69,-6.71,320.76,-80.83,6.80
2026-01-11 16:41:00+00:00,1.75,-0.42,-7.03,346.60,-75.64,7.26
2026-01-11 16:42:00+00:00,-0.86,0.76,-7.75,138.72,-81.57,7.84
2026-01-11 16:43:00+00:00,-2.29,1.29,-7.02,150.69,-69.46,7.50
2026-01-11 16:44:00+00:00,0.05,-0.74,-6.10,274.20,-83.07,6.14
2026-01-11 16:45:00+00:00,0.31,0.99,-5.91,72.44,-79.99,6.00
2026-01-11 16:46:00+00:00,0.82,0.02,-6.51,1.18,-82.78,6.56
2026-01-11 16:47:00+00:00,0.91,-0.09,-6.95,354.16,-82.48,7.01
2026-01-11 16:48:00+00:00,1.09,-0.35,-6.67,342.12,-80.26,6.77
2026-01-11 16:49:00+00:00,1.86,-2.71,-6.20,304.50,-62.06,7.02
2026-01-11 16:50:00+00:00,3.09,-4.48,-4.89,304.62,-41.93,7.32
2026-01-11 16:51:00+00:00,4.18,-3.82,-4.73,317.65,-39.88,7.38
2026-01-11 16:52:00+00:00,4.69,-1.80,-4.93,338.99,-44.46,7.04
2026-01-11 16:53:00+00:00,4.18,-4.37,-4.24,313.73,-35.06,7.38
2026-01-11 16:54:00+00:00,3.83,-4.42,-4.33,310.92,-36.52,7.27
2026-01-11 16:55:00+00:00,0.28,-3.04,-5.64,275.27,-61.54,6.42
2026-01-11 16:56:00+00:00,1.16,-3.94,-6.22,286.43,-56.51,7.45
2026-01-11 16:57:00+00:00,-0.74,-1.59,-6.95,244.93,-75.82,7.17
2026-01-11 16:58:00+00:00,1.58,-4.16,-4.95,290.73,-48.02,6.65
2026-01-11 16:59:00+00:00,1.84,-4.37,-5.29,292.88,-48.12,7.11
2026-01-11 17:00:00+00:00,2.02,-3.86,-5.49,297.57,-51.54,7.01
2026-01-11 17:01:00+00:00,1.91,-4.00,-5.63,295.52,-51.80,7.17
2026-01-11 17:02:00+00:00,1.87,-3.93,-5.53,295.39,-51.78,7.03
2026-01-11 17:03:00+00:00,2.28,-3.59,-5.45,302.46,-51.98,6.91
2026-01-11 17:04:00+00:00,2.36,-3.82,-5.84,301.69,-52.41,7.37
2026-01-11 17:05:00+00:00,1.82,-1.78,-6.26,315.57,-67.89,6.76
2026-01-11 17:06:00+00:00,1.86,-1.41,-6.41,322.80,-69.97,6.82
2026-01-11 17:07:00+00:00,2.06,-1.14,-6.26,331.10,-69.38,6.69
2026-01-11 17:08:00+00:00,2.53,-1.99,-5.73,321.86,-60.67,6.57
2026-01-11 17:09:00+00:00,2.48,-1.25,-5.95,333.27,-65.03,6.57
2026-01-11 17:10:00+00:00,1.58,0.02,-6.50,0.56,-76.37,6.69
2026-01-11 17:11:00+00:00,1.68,0.03,-6.26,1.02,-74.97,6.48
2026-01-11 17:12:00+00:00,1.15,-0.16,-5.52,351.85,-78.10,5.64
2026-01-11 17:13:00+00:00,0.71,0.18,-6.15,14.40,-83.16,6.19
2026-01-11 17:14:00+00:00,0.38,-0.36,-6.20,316.57,-85.20,6.22
2026-01-11 17:15:00+00:00,2.04,-2.73,-4.77,306.76,-54.40,5.86
2026-01-11 17:16:00+00:00,3.07,-3.67,-4.64,309.95,-44.08,6.67
2026-01-11 17:17:00+00:00,3.59,-4.12,-4.46,311.13,-39.24,7.05
2026-01-11 17:18:00+00:00,3.79,-3.86,-4.70,314.45,-40.98,7.16
2026-01-11 17:19:00+00:00,3.89,-3.90,-4.56,314.96,-39.63,7.15
2026-01-11 17:20:00+00:00,4.05,-3.07,-4.51,322.91,-41.58,6.79
2026-01-11 17:21:00+00:00,4.34,-3.39,-4.17,321.99,-37.15,6.91
2026-01-11 17:22:00+00:00,4.78,-5.38,-2.75,311.66,-20.90,7.70
2026-01-11 17:23:00+00:00,4.54,-5.40,-2.61,310.08,-20.34,7.52
2026-01-11 17:24:00+00:00,4.64,-5.09,-2.11,312.34,-17.06,7.20
2026-01-11 17:25:00+00:00,4.78,-5.33,-2.60,311.91,-19.96,7.62
2026-01-11 17:26:00+00:00,5.08,-5.21,-2.24,314.31,-17.10,7.62
2026-01-11 17:27:00+00:00,4.57,-5.44,-1.81,310.07,-14.26,7.33
2026-01-11 17:28:00+00:00,5.07,-5.51,-0.53,312.65,-4.07,7.51
2026-01-11 17:29:00+00:00,4.42,-6.03,-0.97,306.28,-7.39,7.54
2026-01-11 17:30:00+00:00,6.04,-4.66,-2.95,322.35,-21.11,8.18
2026-01-11 17:31:00+00:00,4.92,-6.02,-1.24,309.27,-9.08,7.87
2026-01-11 17:32:00+00:00,6.12,-4.70,0.05,322.45,0.39,7.72
2026-01-11 17:33:00+00:00,6.18,-5.24,-0.04,319.71,-0.27,8.11
2026-01-11 17:34:00+00:00,6.06,-4.83,-1.70,321.45,-12.39,7.94
2026-01-11 17:35:00+00:00,5.63,-5.51,-0.32,315.61,-2.30,7.88
2026-01-11 17:36:00+00:00,5.10,-5.94,-0.73,310.60,-5.34,7.86
2026-01-11 17:37:00+00:00,4.59,-6.00,-1.62,307.43,-12.08,7.72
2026-01-11 17:38:00+00:00,4.62,-6.29,-1.73,306.26,-12.48,7.99
2026-01-11 17:39:00+00:00,4.84,-7.15,-1.39,304.08,-9.16,8.74
2026-01-11 17:40:00+00:00,4.77,-5.79,-1.07,309.48,-8.10,7.57
2026-01-11 17:41:00+00:00,4.64,-6.65,-2.44,304.89,-16.75,8.46
2026-01-11 17:42:00+00:00,4.68,-7.39,-0.93,302.33,-6.04,8.80
2026-01-11 17:43:00+00:00,4.27,-6.59,-1.46,302.96,-10.53,7.98
2026-01-11 17:44:00+00:00,3.84,-5.91,-2.36,303.03,-18.52,7.43
2026-01-11 17:45:00+00:00,4.65,-6.55,-2.93,305.35,-20.07,8.55
2026-01-11 17:46:00+00:00,4.74,-7.21,-3.15,303.34,-20.03,9.19
2026-01-11 17:47:00+00:00,4.72,-6.57,-2.66,305.72,-18.18,8.51
2026-01-11 17:48:00+00:00,4.89,-6.38,-2.44,307.51,-16.91,8.40
2026-01-11 17:49:00+00:00,4.50,-6.27,-3.62,305.66,-25.15,8.53
2026-01-11 17:50:00+00:00,4.61,-6.06,-3.46,307.26,-24.43,8.37
2026-01-11 17:51:00+00:00,5.85,-4.69,-2.63,321.31,-19.33,7.95
2026-01-11 17:52:00+00:00,5.90,-5.51,-2.65,316.96,-18.18,8.50
2026-01-11 17:53:00+00:00,5.85,-4.59,-3.55,321.90,-25.50,8.24
2026-01-11 17:54:00+00:00,5.26,-5.86,-3.33,311.92,-22.93,8.55
2026-01-11 17:55:00+00:00,4.70,-6.40,-3.56,306.28,-24.13,8.70
2026-01-11 17:56:00+00:00,5.35,-6.84,-3.61,308.02,-22.59,9.41
2026-01-11 17:57:00+00:00,5.42,-6.13,-3.62,311.47,-23.84,8.95
2026-01-11 17:58:00+00:00,5.31,-5.50,-3.35,313.98,-23.65,8.35
2026-01-11 17:59:00+00:00,4.44,-7.13,-3.94,301.87,-25.12,9.28
2026-01-11 18:00:00+00:00,4.43,-6.40,-3.46,304.66,-23.95,8.51
2026-01-11 18:01:00+00:00,4.36,-6.49,-4.35,303.92,-29.10,8.95
2026-01-11 18:02:00+00:00,4.72,-6.16,-3.93,307.49,-26.85,8.69
2026-01-11 18:03:00+00:00,4.02,-7.03,-4.33,299.77,-28.10,9.19
2026-01-11 18:04:00+00:00,3.60,-6.27,-3.88,299.88,-28.25,8.21
2026-01-11 18:05:00+00:00,4.09,-6.97,-4.80,300.43,-30.69,9.40
2026-01-11 18:06:00+00:00,4.47,-6.90,-4.03,302.94,-26.10,9.16
2026-01-11 18:07:00+00:00,4.54,-6.17,-4.15,306.33,-28.46,8.72
2026-01-11 18:08:00+00:00,4.35,-5.51,-3.99,308.34,-29.59,8.07
2026-01-11 18:09:00+00:00,4.09,-6.84,-4.88,300.89,-31.46,9.34
2026-01-11 18:10:00+00:00,4.39,-5.65,-5.23,307.87,-36.17,8.87
2026-01-11 18:11:00+00:00,4.24,-5.70,-5.19,306.68,-36.14,8.79
2026-01-11 18:12:00+00:00,3.85,-6.02,-5.21,302.57,-36.10,8.84
2026-01-11 18:13:00+00:00,3.70,-6.40,-5.15,300.04,-34.84,9.01
2026-01-11 18:14:00+00:00,3.67,-6.46,-4.94,299.58,-33.65,8.92
2026-01-11 18:15:00+00:00,3.60,-6.88,-5.11,297.65,-33.34,9.29
2026-01-11 18:16:00+00:00,4.33,-6.85,-4.51,302.29,-29.10,9.28
2026-01-11 18:17:00+00:00,3.91,-6.07,-4.91,302.75,-34.23,8.73
2026-01-11 18:18:00+00:00,2.81,-6.02,-6.29,295.01,-43.45,9.15
2026-01-11 18:19:00+00:00,2.38,-5.86,-6.13,292.13,-44.09,8.80
2026-01-11 18:20:00+00:00,3.73,-6.87,-5.55,298.50,-35.34,9.59
2026-01-11 18:21:00+00:00,3.69,-6.91,-5.29,298.10,-34.04,9.46
2026-01-11 18:22:00+00:00,3.16,-6.74,-4.64,295.12,-31.91,8.77
2026-01-11 18:23:00+00:00,3.36,-7.20,-4.66,295.00,-30.40,9.21
2026-01-11 18:24:00+00:00,4.38,-7.14,-3.34,301.49,-21.76,9.02
2026-01-11 18:25:00+00:00,4.27,-7.56,-3.86,299.44,-23.96,9.50
2026-01-11 18:26:00+00:00,4.15,-7.30,-3.72,299.64,-23.91,9.19
2026-01-11 18:27:00+00:00,4.20,-7.62,-3.80,298.88,-23.56,9.50
2026-01-11 18:28:00+00:00,4.38,-7.23,-3.32,301.18,-21.45,9.08
2026-01-11 18:29:00+00:00,4.36,-7.89,-4.30,298.93,-25.51,9.99
2026-01-11 18:30:00+00:00,4.21,-7.32,-4.46,299.89,-27.85,9.55
2026-01-11 18:31:00+00:00,4.05,-7.08,-5.04,299.80,-31.74,9.59
2026-01-11 18:32:00+00:00,3.93,-6.28,-4.94,302.01,-33.70,8.91
2026-01-11 18:33:00+00:00,3.78,-6.58,-5.83,299.84,-37.55,9.57
2026-01-11 18:34:00+00:00,3.98,-7.17,-4.93,299.00,-31.01,9.57
2026-01-11 18:35:00+00:00,4.09,-7.36,-4.62,299.05,-28.77,9.60
2026-01-11 18:36:00+00:00,4.05,-6.94,-5.22,300.29,-33.03,9.58
2026-01-11 18:37:00+00:00,2.97,-3.15,-8.46,313.35,-62.89,9.51
2026-01-11 18:38:00+00:00,2.70,-1.64,-9.40,328.77,-71.43,9.92
2026-01-11 18:39:00+00:00,3.25,-1.64,-8.46,333.26,-66.72,9.21
2026-01-11 18:40:00+00:00,3.50,-2.32,-8.55,326.48,-63.82,9.52
2026-01-11 18:41:00+00:00,3.66,-2.34,-8.45,327.38,-62.79,9.50
2026-01-11 18:42:00+00:00,3.57,-1.68,-9.07,334.79,-66.50,9.89
2026-01-11 18:43:00+00:00,3.16,-1.22,-9.31,338.98,-70.01,9.91
2026-01-11 18:44:00+00:00,3.38,-2.46,-8.96,323.97,-64.98,9.89
2026-01-11 18:45:00+00:00,3.70,-3.03,-8.43,320.68,-60.40,9.69
2026-01-11 18:46:00+00:00,3.50,-2.49,-8.77,324.59,-63.91,9.76
2026-01-11 18:47:00+00:00,3.63,-0.45,-6.64,352.92,-61.12,7.58
2026-01-11 18:48:00+00:00,3.97,-1.47,-4.87,339.76,-48.99,6.45
2026-01-11 18:49:00+00:00,3.85,-0.36,-4.54,354.68,-49.52,5.96
2026-01-11 18:50:00+00:00,4.04,-0.14,-3.18,357.97,-38.23,5.14
2026-01-11 18:51:00+00:00,4.31,0.06,-1.90,0.78,-23.78,4.71
2026-01-11 18:52:00+00:00,4.24,0.11,-3.19,1.54,-36.91,5.31
2026-01-11 18:53:00+00:00,4.55,0.27,-1.34,3.36,-16.43,4.75
2026-01-11 18:54:00+00:00,4.43,-0.93,-3.41,348.10,-36.95,5.67
2026-01-11 18:55:00+00:00,4.31,-1.04,-5.18,346.45,-49.47,6.82
2026-01-11 18:56:00+00:00,5.17,-1.94,-4.09,339.41,-36.50,6.87
2026-01-11 18:57:00+00:00,5.22,-0.93,-3.36,349.87,-32.32,6.28
2026-01-11 18:58:00+00:00,5.54,-2.61,-2.69,334.78,-23.69,6.68
2026-01-11 18:59:00+00:00,5.36,-3.10,-3.56,329.93,-29.90,7.15
2026-01-11 19:00:00+00:00,4.81,-0.65,-3.63,352.26,-36.82,6.06
2026-01-11 19:01:00+00:00,4.86,-0.36,-2.96,355.78,-31.25,5.70
2026-01-11 19:02:00+00:00,4.97,-1.87,-4.01,339.34,-37.05,6.65
2026-01-11 19:03:00+00:00,4.78,-1.13,-3.38,346.73,-34.50,5.96
2026-01-11 19:04:00+00:00,5.12,-0.94,-2.00,349.57,-21.01,5.58
2026-01-11 19:05:00+00:00,3.94,0.55,-3.29,7.97,-39.55,5.16
2026-01-11 19:06:00+00:00,4.93,2.02,-3.76,22.30,-35.22,6.52
2026-01-11 19:07:00+00:00,6.85,2.11,-1.73,17.13,-13.55,7.38
2026-01-11 19:08:00+00:00,8.20,2.80,-3.05,18.84,-19.41,9.19
2026-01-11 19:09:00+00:00,4.62,-0.76,-3.72,350.72,-38.47,5.98
2026-01-11 19:10:00+00:00,2.73,-0.58,-1.93,347.94,-34.64,3.40
2026-01-11 19:11:00+00:00,2.54,-0.70,-4.62,344.56,-60.34,5.32
2026-01-11 19:12:00+00:00,3.78,-0.80,-2.33,347.98,-31.06,4.51
2026-01-11 19:13:00+00:00,4.09,-1.03,-2.24,345.91,-27.96,4.77
2026-01-11 19:14:00+00:00,3.37,-0.26,-2.36,355.57,-34.87,4.12
2026-01-11 19:15:00+00:00,3.47,-1.50,-4.18,336.62,-47.91,5.63
2026-01-11 19:16:00+00:00,3.39,-2.11,-5.96,328.13,-56.18,7.17
2026-01-11 19:17:00+00:00,4.07,-1.61,-2.71,338.44,-31.77,5.15
2026-01-11 19:18:00+00:00,4.79,-2.92,-3.35,328.62,-30.79,6.54
2026-01-11 19:19:00+00:00,5.56,0.16,-2.05,1.62,-20.22,5.92
2026-01-11 19:20:00+00:00,5.23,0.74,-4.72,8.04,-41.80,7.08
2026-01-11 19:21:00+00:00,4.82,-0.07,-3.43,359.12,-35.43,5.92
2026-01-11 19:22:00+00:00,5.03,0.62,-2.47,6.99,-25.95,5.64
2026-01-11 19:23:00+00:00,5.16,-1.08,-2.36,348.15,-24.16,5.78
2026-01-11 19:24:00+00:00,4.94,-0.68,-3.70,352.18,-36.57,6.21
2026-01-11 19:25:00+00:00,5.09,0.73,-3.68,8.18,-35.63,6.32
2026-01-11 19:26:00+00:00,4.88,-1.42,-3.67,343.75,-35.82,6.27
2026-01-11 19:27:00+00:00,5.03,-2.51,-3.06,333.48,-28.50,6.40
2026-01-11 19:28:00+00:00,4.34,-3.10,-3.61,324.41,-34.08,6.44
2026-01-11 19:29:00+00:00,4.08,-3.46,-2.85,319.69,-28.04,6.06
2026-01-11 19:30:00+00:00,3.95,-0.56,-0.04,351.89,-0.63,3.99
2026-01-11 19:31:00+00:00,4.26,-0.33,-1.91,355.63,-24.14,4.68
2026-01-11 19:32:00+00:00,4.85,-0.20,-3.53,357.67,-36.03,6.00
2026-01-11 19:33:00+00:00,5.00,0.54,-3.12,6.20,-31.86,5.92
2026-01-11 19:34:00+00:00,5.38,0.06,-2.16,0.62,-21.84,5.80
2026-01-11 19:35:00+00:00,4.16,-0.16,-4.92,357.75,-49.77,6.45
2026-01-11 19:36:00+00:00,4.77,0.35,-5.10,4.18,-46.85,7.00
2026-01-11 19:37:00+00:00,5.40,0.69,-3.70,7.30,-34.17,6.58
2026-01-11 19:38:00+00:00,5.41,0.50,-2.71,5.27,-26.48,6.07
2026-01-11 19:39:00+00:00,4.74,-0.09,-3.40,358.92,-35.65,5.83
2026-01-11 19:40:00+00:00,4.01,-1.24,-3.10,342.88,-36.42,5.22
2026-01-11 19:41:00+00:00,5.24,-1.41,-2.18,344.91,-21.93,5.85
2026-01-11 19:42:00+00:00,4.75,-0.84,-2.54,349.96,-27.79,5.45
2026-01-11 19:43:00+00:00,3.92,-1.05,0.11,345.03,1.61,4.06
2026-01-11 19:44:00+00:00,3.81,-0.64,-1.37,350.49,-19.57,4.10
2026-01-11 19:45:00+00:00,5.33,-3.81,-2.40,324.49,-20.13,6.98
2026-01-11 19:46:00+00:00,4.49,-2.09,-1.80,335.02,-19.98,5.27
2026-01-11 19:47:00+00:00,4.79,-2.49,-2.16,332.55,-21.79,5.81
2026-01-11 19:48:00+00:00,5.03,-1.95,-3.11,338.80,-29.97,6.22
2026-01-11 19:49:00+00:00,3.65,1.10,-2.20,16.73,-29.96,4.40
2026-01-11 19:50:00+00:00,3.69,0.89,-2.55,13.50,-33.87,4.57
2026-01-11 19:51:00+00:00,3.85,-0.54,-2.92,351.95,-36.92,4.86
2026-01-11 19:52:00+00:00,5.47,-1.88,-1.72,341.07,-16.58,6.03
2026-01-11 19:53:00+00:00,4.67,-1.76,-4.95,339.41,-44.75,7.03
2026-01-11 19:54:00+00:00,3.98,0.66,-4.81,9.47,-50.00,6.28
2026-01-11 19:55:00+00:00,5.17,-1.98,-7.77,339.01,-54.52,9.54
2026-01-11 19:56:00+00:00,6.26,-4.15,-5.69,326.48,-37.12,9.42
2026-01-11 19:57:00+00:00,7.74,-4.73,-3.20,328.56,-19.40,9.62
2026-01-11 19:58:00+00:00,8.96,-2.68,-1.94,343.33,-11.70,9.55
2026-01-11 19:59:00+00:00,8.95,-0.53,-3.30,356.60,-20.19,9.55
2026-01-11 20:00:00+00:00,8.12,0.25,-4.54,1.73,-29.18,9.30
2026-01-11 20:01:00+00:00,6.67,-0.17,-6.79,358.56,-45.52,9.52
2026-01-11 20:02:00+00:00,5.98,1.18,-7.27,11.12,-50.04,9.49
2026-01-11 20:03:00+00:00,5.64,2.50,-7.18,23.88,-49.35,9.46
2026-01-11 20:04:00+00:00,6.87,1.95,-6.11,15.85,-40.56,9.40
2026-01-11 20:05:00+00:00,6.40,2.88,-6.15,24.26,-41.20,9.33
2026-01-11 20:06:00+00:00,5.84,-0.16,-7.36,358.45,-51.55,9.40
2026-01-11 20:07:00+00:00,4.98,1.75,-7.89,19.30,-56.20,9.49
2026-01-11 20:08:00+00:00,5.69,1.69,-7.25,16.49,-50.68,9.37
2026-01-11 20:09:00+00:00,5.68,-1.53,-7.60,344.90,-52.25,9.61
2026-01-11 20:10:00+00:00,4.94,-4.74,-5.97,316.23,-41.08,9.08
2026-01-11 20:11:00+00:00,5.54,-4.83,-6.20,318.94,-40.15,9.61
2026-01-11 20:12:00+00:00,4.79,-5.22,-6.48,312.55,-42.46,9.60
2026-01-11 20:13:00+00:00,5.07,-4.84,-6.46,316.35,-42.69,9.53
2026-01-11 20:14:00+00:00,5.00,-2.92,-7.55,329.75,-52.53,9.52
2026-01-11 20:15:00+00:00,5.06,-2.18,-7.71,336.65,-54.45,9.48
2026-01-11 20:16:00+00:00,5.22,-2.16,-7.60,337.50,-53.35,9.47
2026-01-11 20:17:00+00:00,5.41,-2.01,-7.57,339.58,-52.68,9.52
2026-01-11 20:18:00+00:00,4.97,-2.38,-7.81,334.39,-54.82,9.56
2026-01-11 20:19:00+00:00,5.14,-2.52,-7.63,333.91,-53.11,9.54
2026-01-11 20:20:00+00:00,5.16,-4.35,-6.62,319.88,-44.45,9.45
2026-01-11 20:21:00+00:00,4.89,-4.12,-7.07,319.89,-47.91,9.53
2026-01-11 20:22:00+00:00,5.02,-4.79,-6.52,316.32,-43.23,9.52
2026-01-11 20:23:00+00:00,5.16,-5.78,-5.53,311.76,-35.55,9.52
2026-01-11 20:24:00+00:00,5.56,-4.10,-6.16,323.55,-41.72,9.25
2026-01-11 20:25:00+00:00,4.78,-2.18,-7.52,335.50,-55.06,9.18
2026-01-11 20:26:00+00:00,4.79,-2.64,-7.65,331.11,-54.44,9.40
2026-01-11 20:27:00+00:00,5.05,-3.21,-7.26,327.56,-50.51,9.41
2026-01-11 20:28:00+00:00,4.56,-2.93,-7.64,327.25,-54.62,9.37
2026-01-11 20:29:00+00:00,4.95,-3.02,-7.29,328.64,-51.50,9.31
2026-01-11 20:30:00+00:00,5.28,-2.21,-7.33,337.25,-52.01,9.30
2026-01-11 20:31:00+00:00,5.29,-2.35,-7.21,336.02,-51.24,9.25
2026-01-11 20:32:00+00:00,5.29,-2.16,-7.35,337.75,-52.12,9.31
2026-01-11 20:33:00+00:00,5.28,-2.28,-7.32,336.61,-51.82,9.31
2026-01-11 20:34:00+00:00,5.59,-2.44,-6.90,336.43,-48.56,9.21
2026-01-11 20:35:00+00:00,5.53,-3.10,-6.54,330.74,-45.92,9.11
2026-01-11 20:36:00+00:00,5.24,-4.02,-6.33,322.49,-43.77,9.15
2026-01-11 20:37:00+00:00,5.06,-4.65,-6.14,317.42,-41.82,9.21
2026-01-11 20:38:00+00:00,4.87,-4.59,-6.43,316.73,-43.86,9.29
2026-01-11 20:39:00+00:00,5.02,-5.00,-5.75,315.15,-39.09,9.13
2026-01-11 20:40:00+00:00,3.77,-5.00,-6.79,307.04,-47.30,9.24
2026-01-11 20:41:00+00:00,4.33,-4.50,-7.01,313.85,-48.29,9.39
2026-01-11 20:42:00+00:00,4.47,-4.09,-7.22,317.50,-50.01,9.43
2026-01-11 20:43:00+00:00,4.17,-3.39,-7.79,320.85,-55.40,9.47
2026-01-11 20:44:00+00:00,4.26,-2.92,-7.90,325.61,-56.81,9.44
2026-01-11 20:45:00+00:00,4.46,-3.52,-7.47,321.68,-52.76,9.38
2026-01-11 20:46:00+00:00,4.55,-3.05,-7.58,326.16,-54.16,9.35
2026-01-11 20:47:00+00:00,4.63,-2.50,-7.71,331.60,-55.66,9.33
2026-01-11 20:48:00+00:00,4.65,-1.56,-7.93,341.45,-58.26,9.32
2026-01-11 20:49:00+00:00,2.33,-7.17,-4.59,287.99,-31.36,8.82
2026-01-11 20:50:00+00:00,0.61,-9.87,-1.97,273.55,-11.27,10.08
2026-01-11 20:51:00+00:00,0.93,-9.31,-2.97,275.70,-17.61,9.81
2026-01-11 20:52:00+00:00,2.44,-7.99,-4.53,286.97,-28.48,9.51
2026-01-11 20:53:00+00:00,2.47,-7.33,-5.77,288.64,-36.74,9.65
2026-01-11 20:54:00+00:00,2.55,-7.30,-5.76,289.25,-36.68,9.64
2026-01-11 20:55:00+00:00,2.64,-7.83,-4.90,288.64,-30.67,9.60
2026-01-11 20:56:00+00:00,3.01,-7.57,-4.69,291.69,-29.93,9.40
2026-01-11 20:57:00+00:00,3.08,-6.27,-5.92,296.16,-40.32,9.16
2026-01-11 20:58:00+00:00,3.97,-6.70,-4.81,300.69,-31.73,9.15
2026-01-11 20:59:00+00:00,3.52,-5.42,-6.77,303.00,-46.31,9.36
2026-01-11 21:00:00+00:00,4.43,-4.00,-6.81,317.96,-48.78,9.06
2026-01-11 21:01:00+00:00,4.24,-3.40,-7.10,321.27,-52.57,8.94
2026-01-11 21:02:00+00:00,4.75,-5.16,-5.52,312.60,-38.20,8.93
2026-01-11 21:03:00+00:00,4.94,-4.90,-5.51,315.24,-38.37,8.87
2026-01-11 21:04:00+00:00,4.20,-4.35,-6.33,313.98,-46.33,8.76
2026-01-11 21:05:00+00:00,4.02,-5.25,-5.62,307.44,-40.36,8.69
2026-01-11 21:06:00+00:00,4.21,-3.76,-6.85,318.23,-50.50,8.88
2026-01-11 21:07:00+00:00,3.97,-4.51,-6.88,311.42,-48.87,9.13
2026-01-11 21:08:00+00:00,3.90,-4.75,-6.64,309.40,-47.23,9.05
2026-01-11 21:09:00+00:00,3.52,-6.60,-5.32,298.10,-35.41,9.18
2026-01-11 21:10:00+00:00,3.49,-7.26,-4.56,295.63,-29.50,9.26
2026-01-11 21:11:00+00:00,4.11,-7.11,-4.15,300.00,-26.80,9.20
2026-01-11 21:12:00+00:00,3.58,-6.62,-5.16,298.38,-34.46,9.13
2026-01-11 21:13:00+00:00,3.81,-6.10,-5.45,302.04,-37.17,9.03
2026-01-11 21:14:00+00:00,3.64,-6.84,-4.73,298.00,-31.38,9.08
2026-01-11 21:15:00+00:00,3.96,-5.75,-5.76,304.55,-39.54,9.05
2026-01-11 21:16:00+00:00,3.99,-6.09,-5.47,303.22,-36.92,9.11
2026-01-11 21:17:00+00:00,3.66,-6.78,-4.97,298.34,-32.80,9.17
2026-01-11 21:18:00+00:00,4.05,-5.91,-5.42,304.47,-37.13,8.99
2026-01-11 21:19:00+00:00,2.11,-7.67,-4.39,285.41,-28.87,9.09
2026-01-11 21:20:00+00:00,1.72,-8.32,-3.90,281.70,-24.65,9.35
2026-01-11 21:21:00+00:00,1.62,-7.94,-4.68,281.52,-30.04,9.36
2026-01-11 21:22:00+00:00,2.42,-7.75,-4.45,287.30,-28.72,9.26
2026-01-11 21:23:00+00:00,2.73,-6.80,-5.48,291.85,-36.82,9.15
2026-01-11 21:24:00+00:00,3.50,-6.83,-4.86,297.15,-32.33,9.09
2026-01-11 21:25:00+00:00,3.98,-7.07,-4.16,299.34,-27.16,9.12
2026-01-11 21:26:00+00:00,3.77,-6.84,-4.74,298.85,-31.25,9.14
2026-01-11 21:27:00+00:00,3.28,-6.38,-5.65,297.23,-38.24,9.13
2026-01-11 21:28:00+00:00,3.16,-6.95,-4.95,294.44,-32.98,9.10
2026-01-11 21:29:00+00:00,2.73,-7.91,-3.86,289.06,-24.76,9.21
2026-01-11 21:30:00+00:00,2.81,-7.46,-4.42,290.65,-29.03,9.12
2026-01-11 21:31:00+00:00,2.59,-7.81,-4.08,288.37,-26.38,9.18
2026-01-11 21:32:00+00:00,2.57,-7.85,-4.34,288.11,-27.71,9.33
2026-01-11 21:33:00+00:00,2.34,-8.06,-4.17,286.20,-26.43,9.37
2026-01-11 21:34:00+00:00,2.65,-7.59,-4.80,289.26,-30.84,9.36
2026-01-11 21:35:00+00:00,2.71,-7.38,-5.11,290.16,-33.02,9.37
2026-01-11 21:36:00+00:00,2.67,-7.42,-5.12,289.77,-33.00,9.40
2026-01-11 21:37:00+00:00,2.37,-7.00,-5.77,288.73,-37.97,9.38
2026-01-11 21:38:00+00:00,2.27,-6.13,-6.53,290.30,-44.98,9.24
2026-01-11 21:39:00+00:00,2.54,-6.18,-6.29,292.37,-43.26,9.18
2026-01-11 21:40:00+00:00,2.43,-6.23,-6.31,291.33,-43.34,9.19
2026-01-11 21:41:00+00:00,2.48,-6.06,-6.43,292.22,-44.46,9.17
2026-01-11 21:42:00+00:00,2.48,-6.20,-6.26,291.77,-43.15,9.15
2026-01-11 21:43:00+00:00,2.79,-6.10,-6.05,294.59,-42.01,9.04
2026-01-11 21:44:00+00:00,1.34,-5.26,-7.38,284.25,-53.66,9.16
2026-01-11 21:45:00+00:00,1.82,-4.81,-7.22,290.67,-54.54,8.86
2026-01-11 21:46:00+00:00,2.15,-5.34,-6.79,291.98,-49.71,8.90
2026-01-11 21:47:00+00:00,3.22,-5.46,-6.06,300.52,-43.69,8.77
2026-01-11 21:48:00+00:00,3.27,-5.69,-5.82,299.84,-41.54,8.77
2026-01-11 21:49:00+00:00,3.03,-5.31,-6.27,299.72,-45.69,8.76
2026-01-11 21:50:00+00:00,3.18,-5.42,-6.10,300.41,-44.17,8.76
2026-01-11 21:51:00+00:00,3.69,-5.22,-5.78,305.24,-42.11,8.61
2026-01-11 21:52:00+00:00,3.99,-5.03,-5.70,308.38,-41.60,8.59
2026-01-11 21:53:00+00:00,4.19,-5.35,-5.30,308.09,-37.95,8.62
2026-01-11 21:54:00+00:00,3.81,-5.59,-5.57,304.27,-39.48,8.77
2026-01-11 21:55:00+00:00,3.70,-5.61,-5.71,303.39,-40.35,8.82
2026-01-11 21:56:00+00:00,4.05,-5.02,-5.81,308.88,-42.01,8.68
2026-01-11 21:57:00+00:00,4.11,-4.67,-6.06,311.39,-44.27,8.68
2026-01-11 21:58:00+00:00,4.47,-4.82,-5.63,312.87,-40.59,8.66
2026-01-11 22:00:00+00:00,4.18,-4.38,-6.42,313.66,-46.66,8.82
2026-01-11 22:01:00+00:00,4.21,-4.39,-6.13,313.80,-45.19,8.63
2026-01-11 22:02:00+00:00,3.94,-3.97,-6.68,314.79,-50.05,8.72
2026-01-11 22:03:00+00:00,3.59,-4.75,-6.35,307.05,-46.85,8.70
2026-01-11 22:04:00+00:00,4.53,-4.38,-5.78,315.98,-42.52,8.55
2026-01-11 22:05:00+00:00,3.47,-4.78,-6.25,305.97,-46.63,8.60
2026-01-11 22:06:00+00:00,3.70,-4.52,-6.25,309.34,-46.92,8.56
2026-01-11 22:07:00+00:00,3.57,-5.21,-5.73,304.43,-42.21,8.52
2026-01-11 22:08:00+00:00,3.80,-4.15,-6.34,312.45,-48.39,8.47
2026-01-11 22:09:00+00:00,3.32,-4.18,-6.69,308.49,-51.38,8.56
2026-01-11 22:10:00+00:00,2.65,-4.82,-6.58,298.84,-50.11,8.58
2026-01-11 22:11:00+00:00,2.42,-5.76,-5.95,292.76,-43.60,8.62
2026-01-11 22:12:00+00:00,2.75,-4.95,-6.37,299.06,-48.39,8.52
2026-01-11 22:13:00+00:00,2.65,-5.06,-6.53,297.69,-48.80,8.67
2026-01-11 22:14:00+00:00,4.52,-2.87,-6.46,327.59,-50.33,8.39
2026-01-11 22:15:00+00:00,3.82,-3.78,-6.57,315.23,-50.72,8.49
2026-01-11 22:16:00+00:00,3.47,-3.80,-6.75,312.41,-52.69,8.49
2026-01-11 22:17:00+00:00,3.54,-2.34,-7.24,326.51,-59.66,8.39
2026-01-11 22:18:00+00:00,3.80,-2.63,-7.17,325.26,-57.20,8.53
2026-01-11 22:19:00+00:00,4.01,-2.26,-7.03,330.63,-56.79,8.41
2026-01-11 22:20:00+00:00,4.36,-2.13,-6.77,333.93,-54.35,8.33
2026-01-11 22:21:00+00:00,4.72,-2.41,-6.23,332.97,-49.62,8.17
2026-01-11 22:22:00+00:00,3.66,-6.45,-4.45,299.57,-31.00,8.65
2026-01-11 22:23:00+00:00,3.78,-6.67,-3.92,299.58,-27.10,8.61
2026-01-11 22:24:00+00:00,3.95,-6.60,-3.88,300.89,-26.77,8.62
2026-01-11 22:25:00+00:00,4.17,-6.63,-3.59,302.12,-24.63,8.62
2026-01-11 22:26:00+00:00,3.77,-6.24,-4.64,301.12,-32.46,8.65
2026-01-11 22:27:00+00:00,3.85,-6.55,-4.21,300.40,-29.00,8.69
2026-01-11 22:28:00+00:00,4.33,-6.13,-4.26,305.25,-29.58,8.63
2026-01-11 22:29:00+00:00,4.12,-6.21,-4.55,303.59,-31.40,8.73
2026-01-11 22:30:00+00:00,4.36,-6.24,-4.07,304.98,-28.12,8.63
2026-01-11 22:31:00+00:00,3.69,-6.75,-4.07,298.69,-27.88,8.70
2026-01-11 22:32:00+00:00,4.91,-4.80,-5.03,315.68,-36.22,8.51
2026-01-11 22:33:00+00:00,4.18,-5.69,-4.61,306.31,-33.12,8.43
2026-01-11 22:34:00+00:00,4.65,-6.12,-3.35,307.23,-23.52,8.39
2026-01-11 22:35:00+00:00,5.52,-5.31,-2.96,316.09,-21.12,8.21
2026-01-11 22:36:00+00:00,5.98,-4.25,-3.82,324.63,-27.51,8.27
2026-01-11 22:37:00+00:00,6.02,-3.08,-4.47,332.92,-33.49,8.11
2026-01-11 22:38:00+00:00,6.31,-3.56,-3.72,330.61,-27.14,8.14
2026-01-11 22:39:00+00:00,6.60,-3.04,-3.88,335.24,-28.08,8.24
2026-01-11 22:40:00+00:00,6.79,-2.30,-3.86,341.29,-28.31,8.14
2026-01-11 22:41:00+00:00,6.45,-2.15,-4.62,341.61,-34.18,8.22
2026-01-11 22:42:00+00:00,5.55,-1.64,-6.02,343.55,-46.12,8.35
2026-01-11 22:43:00+00:00,5.50,-1.09,-6.20,348.83,-47.87,8.36
2026-01-11 22:44:00+00:00,5.74,-1.35,-5.69,346.80,-43.99,8.20
2026-01-11 22:45:00+00:00,5.85,0.12,-5.51,1.18,-43.27,8.04
2026-01-11 22:46:00+00:00,5.97,-0.71,-5.67,353.27,-43.30,8.27
2026-01-11 22:47:00+00:00,6.26,-0.50,-5.28,355.46,-40.06,8.20
2026-01-11 22:48:00+00:00,6.27,-0.57,-5.24,354.84,-39.80,8.19
2026-01-11 22:49:00+00:00,6.50,-0.11,-4.66,359.02,-35.59,8.00
2026-01-11 22:50:00+00:00,6.21,0.22,-5.20,2.02,-39.95,8.10
2026-01-11 22:51:00+00:00,6.32,0.74,-4.31,6.65,-34.11,7.69
2026-01-11 22:52:00+00:00,6.48,1.07,-4.51,9.34,-34.45,7.97
2026-01-11 22:53:00+00:00,6.48,1.45,-4.35,12.59,-33.25,7.93
2026-01-11 22:54:00+00:00,6.41,2.66,-4.00,22.55,-29.93,8.01
2026-01-11 22:55:00+00:00,6.14,2.36,-4.25,21.02,-32.87,7.83
2026-01-11 22:56:00+00:00,6.64,2.17,-3.33,18.13,-25.50,7.74
2026-01-11 22:57:00+00:00,6.38,2.48,-3.54,21.23,-27.32,7.71
2026-01-11 22:58:00+00:00,6.35,3.09,-3.18,25.93,-24.23,7.74
2026-01-11 22:59:00+00:00,6.11,3.45,-2.99,29.45,-23.10,7.63
2026-01-11 23:00:00+00:00,5.86,1.56,-4.70,14.89,-37.79,7.67
2026-01-11 23:01:00+00:00,5.62,3.20,-3.71,29.63,-29.85,7.46
2026-01-11 23:02:00+00:00,2.70,-4.92,-5.74,298.74,-45.65,8.03
2026-01-11 23:03:00+00:00,4.61,-2.93,-5.50,327.56,-45.19,7.76
2026-01-11 23:04:00+00:00,4.28,-4.34,-4.94,314.58,-39.01,7.85
2026-01-11 23:05:00+00:00,1.37,-7.45,-3.95,280.43,-27.57,8.55
2026-01-11 23:06:00+00:00,0.39,-7.98,-2.56,272.82,-17.77,8.39
2026-01-11 23:07:00+00:00,1.77,-6.67,-4.89,284.89,-35.28,8.46
2026-01-11 23:08:00+00:00,1.99,-6.07,-5.58,288.11,-41.12,8.48
2026-01-11 23:09:00+00:00,2.10,-6.35,-5.22,288.34,-37.94,8.48
2026-01-11 23:10:00+00:00,2.19,-6.14,-5.50,289.62,-40.14,8.53
2026-01-11 23:11:00+00:00,2.35,-6.31,-5.10,290.40,-37.16,8.45
2026-01-11 23:12:00+00:00,2.89,-5.25,-5.69,298.82,-43.53,8.26
2026-01-11 23:13:00+00:00,3.33,-4.67,-5.62,305.52,-44.40,8.03
2026-01-11 23:14:00+00:00,4.60,-2.08,-5.96,335.65,-49.73,7.81
2026-01-11 23:15:00+00:00,4.08,-3.08,-6.03,322.91,-49.71,7.90
2026-01-11 23:16:00+00:00,3.10,-4.33,-6.07,305.60,-48.70,8.07
2026-01-11 23:17:00+00:00,2.22,-5.81,-5.34,290.95,-40.66,8.19
2026-01-11 23:18:00+00:00,2.46,-4.96,-5.94,296.41,-47.04,8.12
2026-01-11 23:19:00+00:00,2.61,-4.90,-5.98,298.08,-47.11,8.16
2026-01-11 23:20:00+00:00,2.42,-5.31,-5.70,294.50,-44.33,8.15
2026-01-11 23:21:00+00:00,3.06,-4.68,-5.77,303.15,-45.91,8.04
2026-01-11 23:22:00+00:00,1.57,-5.42,-5.98,286.15,-46.70,8.22
2026-01-11 23:23:00+00:00,2.18,-5.32,-5.54,292.28,-43.95,7.98
2026-01-11 23:24:00+00:00,2.70,-4.88,-5.56,299.00,-44.91,7.87
2026-01-11 23:25:00+00:00,2.73,-5.01,-5.47,298.57,-43.85,7.90
2026-01-11 23:26:00+00:00,2.32,-5.43,-5.44,293.09,-42.61,8.03
2026-01-11 23:27:00+00:00,3.84,-4.55,-5.05,310.12,-40.27,7.81
2026-01-11 23:28:00+00:00,3.17,-4.72,-5.35,303.90,-43.26,7.80
2026-01-11 23:29:00+00:00,3.85,-3.95,-5.11,314.31,-42.79,7.52
2026-01-11 23:30:00+00:00,3.87,-3.53,-4.95,317.64,-43.40,7.20
2026-01-11 23:31:00+00:00,3.60,-4.12,-4.86,311.14,-41.63,7.32
2026-01-11 23:32:00+00:00,3.75,-4.08,-4.81,312.64,-40.94,7.34
2026-01-11 23:33:00+00:00,3.73,-4.15,-4.76,311.95,-40.52,7.33
2026-01-11 23:34:00+00:00,3.16,-4.69,-5.01,303.99,-41.53,7.55
2026-01-11 23:35:00+00:00,2.41,-5.33,-5.14,294.32,-41.31,7.79
2026-01-11 23:36:00+00:00,2.62,-5.38,-5.01,295.99,-39.90,7.80
2026-01-11 23:37:00+00:00,2.94,-5.31,-4.85,299.02,-38.64,7.77
2026-01-11 23:38:00+00:00,3.67,-4.52,-4.80,309.07,-39.48,7.55
2026-01-11 23:39:00+00:00,3.50,-4.95,-4.62,305.30,-37.30,7.62
2026-01-11 23:40:00+00:00,2.40,-5.47,-4.83,293.67,-38.97,7.68
2026-01-11 23:41:00+00:00,3.98,-4.71,-4.53,310.24,-36.29,7.65
2026-01-11 23:42:00+00:00,5.28,-3.36,-4.10,327.52,-33.23,7.48
2026-01-11 23:43:00+00:00,5.04,-3.33,-3.95,326.55,-33.16,7.22
2026-01-11 23:44:00+00:00,5.13,-3.47,-3.85,325.97,-31.85,7.29
2026-01-11 23:45:00+00:00,5.24,-3.46,-3.71,326.61,-30.59,7.30
2026-01-11 23:46:00+00:00,5.02,-3.68,-3.92,323.76,-32.22,7.36
2026-01-11 23:47:00+00:00,5.01,-3.63,-3.89,324.08,-32.16,7.31
2026-01-11 23:48:00+00:00,5.04,-3.59,-4.06,324.58,-33.28,7.40
2026-01-11 23:49:00+00:00,5.27,-3.13,-4.14,329.33,-34.04,7.40
2026-01-11 23:50:00+00:00,3.36,-4.70,-4.77,305.56,-39.51,7.50
2026-01-11 23:51:00+00:00,4.55,-4.20,-4.12,317.25,-33.60,7.44
2026-01-11 23:52:00+00:00,3.93,-4.25,-4.81,312.76,-39.70,7.52
2026-01-11 23:53:00+00:00,3.93,-4.16,-4.87,313.38,-40.40,7.51
2026-01-11 23:54:00+00:00,3.52,-4.64,-4.61,307.19,-38.35,7.43
2026-01-11 23:55:00+00:00,3.62,-4.88,-4.32,306.56,-35.42,7.46
2026-01-11 23:56:00+00:00,4.26,-3.39,-4.90,321.47,-42.01,7.33
2026-01-11 23:57:00+00:00,3.51,-4.66,-4.79,307.03,-39.41,7.55
2026-01-11 23:58:00+00:00,3.46,-4.99,-4.97,304.76,-39.31,7.85
2026-01-11 23:59:00+00:00,3.50,-5.04,-4.68,304.74,-37.37,7.72
2026-01-12 00:00:00+00:00,3.91,-5.05,-4.06,307.74,-32.46,7.57
2026-01-12 00:01:00+00:00,3.99,-4.96,-4.08,308.79,-32.67,7.56
2026-01-12 00:02:00+00:00,3.92,-4.60,-4.29,310.42,-35.39,7.41
2026-01-12 00:03:00+00:00,3.75,-4.65,-4.36,308.87,-36.13,7.40
2026-01-12 00:04:00+00:00,3.81,-4.53,-4.38,310.05,-36.53,7.36
2026-01-12 00:05:00+00:00,3.71,-4.55,-4.40,309.16,-36.85,7.34
2026-01-12 00:06:00+00:00,3.48,-4.20,-5.10,309.62,-43.06,7.47
2026-01-12 00:07:00+00:00,3.47,-4.61,-4.94,306.97,-40.51,7.60
2026-01-12 00:08:00+00:00,3.44,-4.89,-4.56,305.09,-37.31,7.52
2026-01-12 00:09:00+00:00,3.64,-4.59,-4.62,308.40,-38.28,7.46
2026-01-12 00:10:00+00:00,4.48,-5.28,-2.93,310.31,-22.92,7.52
2026-01-12 00:11:00+00:00,4.23,-4.95,-3.55,310.56,-28.63,7.42
2026-01-12 00:12:00+00:00,4.57,-4.60,-3.35,314.85,-27.33,7.30
2026-01-12 00:13:00+00:00,4.64,-4.82,-2.97,313.90,-23.91,7.32
2026-01-12 00:14:00+00:00,4.06,-3.49,-5.01,319.36,-43.09,7.33
2026-01-12 00:15:00+00:00,3.66,-2.68,-5.52,323.82,-50.59,7.14
2026-01-12 00:16:00+00:00,3.45,-2.27,-6.11,326.68,-55.90,7.37
2026-01-12 00:17:00+00:00,4.56,-3.38,-4.63,323.47,-39.24,7.33
2026-01-12 00:18:00+00:00,5.65,-2.70,-3.70,334.47,-30.62,7.27
2026-01-12 00:19:00+00:00,4.51,-4.26,-3.25,316.66,-27.60,7.00
2026-01-12 00:20:00+00:00,4.27,-4.67,-3.16,312.46,-26.54,7.07
2026-01-12 00:21:00+00:00,2.89,-6.11,-3.04,295.36,-24.25,7.41
2026-01-12 00:22:00+00:00,1.64,-6.77,-3.30,283.66,-25.39,7.71
2026-01-12 00:23:00+00:00,1.42,-7.10,-2.69,281.34,-20.37,7.73
2026-01-12 00:24:00+00:00,2.44,-6.11,-3.72,291.76,-29.52,7.56
2026-01-12 00:25:00+00:00,4.76,-4.93,-2.41,313.97,-19.41,7.26
2026-01-12 00:26:00+00:00,4.78,-4.39,-3.12,317.42,-25.67,7.20
2026-01-12 00:27:00+00:00,4.80,-4.96,-2.38,314.06,-18.99,7.30
2026-01-12 00:28:00+00:00,5.80,-4.00,-1.13,325.40,-9.07,7.14
2026-01-12 00:29:00+00:00,5.91,-3.21,-2.03,331.54,-16.80,7.03
2026-01-12 00:30:00+00:00,5.51,-4.00,-1.46,324.03,-12.06,6.97
2026-01-12 00:31:00+00:00,5.42,-4.14,-1.55,322.63,-12.84,6.99
2026-01-12 00:32:00+00:00,5.13,-4.15,-1.18,321.06,-10.16,6.70
2026-01-12 00:33:00+00:00,5.00,-3.95,-2.77,321.67,-23.46,6.95
2026-01-12 00:34:00+00:00,6.07,-1.87,-2.40,342.92,-20.72,6.79
2026-01-12 00:35:00+00:00,4.16,-3.15,-4.72,322.85,-42.14,7.04
2026-01-12 00:36:00+00:00,6.13,-2.44,-1.26,338.33,-10.80,6.72
2026-01-12 00:37:00+00:00,6.16,-2.30,1.88,339.49,15.99,6.84
2026-01-12 00:38:00+00:00,4.73,-5.20,0.12,312.32,1.01,7.03
2026-01-12 00:39:00+00:00,4.74,-4.82,-1.06,314.56,-8.95,6.84
2026-01-12 00:40:00+00:00,2.93,-4.94,-4.10,300.64,-35.54,7.06
2026-01-12 00:41:00+00:00,4.42,-3.01,-3.74,325.76,-34.97,6.53
2026-01-12 00:42:00+00:00,4.08,-2.72,-5.23,326.26,-46.86,7.17
2026-01-12 00:43:00+00:00,3.87,-2.97,-5.39,322.50,-47.86,7.26
2026-01-12 00:44:00+00:00,3.80,-3.70,-4.92,315.74,-42.83,7.23
2026-01-12 00:45:00+00:00,4.12,-2.95,-5.05,324.43,-44.89,7.16
2026-01-12 00:46:00+00:00,3.80,-3.00,-5.03,321.73,-46.08,6.99
2026-01-12 00:47:00+00:00,3.69,-3.53,-4.96,316.28,-44.18,7.12
2026-01-12 00:48:00+00:00,3.25,-3.47,-5.46,313.06,-48.94,7.24
2026-01-12 00:49:00+00:00,2.95,-3.53,-5.53,309.83,-50.23,7.19
2026-01-12 00:50:00+00:00,4.34,-2.71,-4.88,328.04,-43.65,7.06
2026-01-12 00:51:00+00:00,4.35,-2.84,-4.70,326.89,-42.13,7.01
2026-01-12 00:52:00+00:00,4.09,-3.45,-4.52,319.85,-40.16,7.01
2026-01-12 00:53:00+00:00,3.24,-2.95,-5.39,317.71,-50.90,6.94
2026-01-12 00:54:00+00:00,4.88,-4.36,-1.78,318.20,-15.24,6.78
2026-01-12 00:55:00+00:00,4.68,-4.48,-2.18,316.27,-18.60,6.84
2026-01-12 00:56:00+00:00,4.28,-4.80,-1.57,311.71,-13.72,6.62
2026-01-12 00:57:00+00:00,4.37,-4.85,-1.57,312.04,-13.53,6.71
2026-01-12 00:58:00+00:00,4.03,-5.19,-1.63,307.85,-13.96,6.77
2026-01-12 00:59:00+00:00,4.14,-4.65,-2.56,311.68,-22.37,6.73
2026-01-12 01:00:00+00:00,4.37,-3.43,-3.64,321.88,-33.21,6.64
2026-01-12 01:01:00+00:00,4.04,-5.03,-1.42,308.74,-12.44,6.61
2026-01-12 01:02:00+00:00,1.76,-6.85,1.91,284.44,15.13,7.33
2026-01-12 01:03:00+00:00,1.34,-7.06,0.07,280.74,0.56,7.19
2026-01-12 01:04:00+00:00,2.77,-6.34,-0.75,293.60,-6.18,6.95
2026-01-12 01:05:00+00:00,3.43,-5.87,-0.34,300.28,-2.88,6.81
2026-01-12 01:06:00+00:00,3.65,-5.73,-0.49,302.52,-4.09,6.82
2026-01-12 01:07:00+00:00,3.66,-5.75,-0.76,302.51,-6.39,6.86
2026-01-12 01:08:00+00:00,3.42,-5.88,-1.20,300.15,-9.98,6.91
2026-01-12 01:09:00+00:00,3.29,-5.70,-1.84,299.99,-15.57,6.84
2026-01-12 01:10:00+00:00,1.86,-6.74,-0.31,285.43,-2.57,6.99
2026-01-12 01:11:00+00:00,2.72,-6.24,-0.27,293.55,-2.24,6.82
2026-01-12 01:12:00+00:00,4.21,-4.92,-0.24,310.55,-2.15,6.48
2026-01-12 01:13:00+00:00,3.29,-5.12,-1.14,302.71,-10.62,6.19
2026-01-12 01:14:00+00:00,3.86,-2.75,4.03,324.50,40.36,6.22
2026-01-12 01:15:00+00:00,4.71,-0.83,3.64,350.01,37.27,6.02
2026-01-12 01:16:00+00:00,5.23,-2.64,0.33,333.18,3.22,5.87
2026-01-12 01:17:00+00:00,5.08,-1.44,-2.15,344.16,-22.16,5.71
2026-01-12 01:18:00+00:00,3.33,0.74,-5.24,12.46,-56.89,6.25
2026-01-12 01:19:00+00:00,4.50,0.02,-3.74,0.21,-39.72,5.85
2026-01-12 01:20:00+00:00,5.45,-0.56,-2.89,354.14,-27.82,6.20
2026-01-12 01:21:00+00:00,4.30,-0.17,-4.39,357.70,-45.57,6.15
2026-01-12 01:22:00+00:00,5.91,-1.62,-1.55,344.66,-14.18,6.32
2026-01-12 01:23:00+00:00,5.84,-1.24,-1.99,348.01,-18.43,6.29
2026-01-12 01:24:00+00:00,5.81,-0.85,-2.36,351.67,-21.89,6.33
2026-01-12 01:25:00+00:00,5.94,-0.15,-2.39,358.55,-21.93,6.40
2026-01-12 01:26:00+00:00,5.58,0.68,-2.82,6.99,-26.67,6.29
2026-01-12 01:27:00+00:00,5.65,0.25,-2.48,2.54,-23.68,6.18
2026-01-12 01:28:00+00:00,5.57,1.62,-2.07,16.22,-19.64,6.16
2026-01-12 01:29:00+00:00,5.61,0.98,-2.19,9.89,-21.00,6.10
2026-01-12 01:30:00+00:00,5.21,2.31,-2.30,23.94,-21.96,6.14
2026-01-12 01:31:00+00:00,5.62,0.92,-2.35,9.29,-22.42,6.16
2026-01-12 01:32:00+00:00,5.55,0.80,-2.60,8.17,-24.88,6.19
2026-01-12 01:33:00+00:00,5.62,0.95,-2.57,9.60,-24.29,6.25
2026-01-12 01:34:00+00:00,5.28,-1.65,-2.57,342.62,-24.91,6.10
2026-01-12 01:35:00+00:00,5.36,0.87,-2.67,9.19,-26.20,6.05
2026-01-12 01:36:00+00:00,5.11,0.62,-3.31,6.87,-32.79,6.12
2026-01-12 01:37:00+00:00,5.34,0.48,-2.72,5.19,-26.92,6.01
2026-01-12 01:38:00+00:00,5.47,0.80,-2.17,8.34,-21.46,5.94
2026-01-12 01:39:00+00:00,5.48,1.53,-1.87,15.55,-18.16,5.99
2026-01-12 01:40:00+00:00,5.33,1.93,-1.59,19.92,-15.62,5.89
2026-01-12 01:41:00+00:00,4.81,1.44,-2.71,16.65,-28.38,5.71
2026-01-12 01:42:00+00:00,5.66,2.13,1.14,20.61,10.71,6.15
2026-01-12 01:43:00+00:00,5.54,2.71,-0.22,26.08,-2.07,6.17
2026-01-12 01:44:00+00:00,5.31,2.58,0.10,25.85,1.01,5.91
2026-01-12 01:45:00+00:00,4.89,2.44,-0.69,26.56,-7.15,5.51
2026-01-12 01:46:00+00:00,4.82,3.06,-1.92,32.40,-18.56,6.02
2026-01-12 01:47:00+00:00,4.67,3.41,-1.62,36.11,-15.63,6.00
2026-01-12 01:48:00+00:00,5.56,1.68,-1.56,16.77,-15.05,6.01
2026-01-12 01:49:00+00:00,5.37,2.24,-1.16,22.64,-11.25,5.94
2026-01-12 01:50:00+00:00,5.06,2.37,-1.84,25.10,-18.21,5.88
2026-01-12 01:51:00+00:00,5.13,2.15,-2.01,22.78,-19.87,5.92
2026-01-12 01:52:00+00:00,4.95,2.53,-2.04,27.04,-20.13,5.92
2026-01-12 01:53:00+00:00,4.93,2.96,-1.84,30.99,-17.74,6.03
2026-01-12 01:54:00+00:00,5.00,3.24,-1.42,32.96,-13.39,6.13
2026-01-12 01:55:00+00:00,4.96,3.30,-0.96,33.63,-9.18,6.04
2026-01-12 01:56:00+00:00,4.72,4.01,0.11,40.39,1.04,6.19
2026-01-12 01:57:00+00:00,4.51,4.47,0.18,44.73,1.65,6.35
2026-01-12 01:58:00+00:00,4.53,4.34,1.19,43.80,10.71,6.38
2026-01-12 01:59:00+00:00,4.15,4.76,2.51,48.93,21.67,6.79
2026-01-12 02:00:00+00:00,3.81,4.83,2.91,51.69,25.29,6.81
2026-01-12 02:01:00+00:00,3.79,4.84,2.68,51.93,23.52,6.71
2026-01-12 02:02:00+00:00,3.78,5.07,2.59,53.33,22.25,6.83
2026-01-12 02:03:00+00:00,3.73,5.12,2.41,53.93,20.81,6.78
2026-01-12 02:04:00+00:00,3.73,5.01,2.39,53.36,20.94,6.69
2026-01-12 02:05:00+00:00,3.50,5.13,1.94,55.68,17.37,6.51
2026-01-12 02:06:00+00:00,3.74,5.34,2.00,55.01,17.07,6.82
2026-01-12 02:07:00+00:00,3.50,5.29,1.92,56.50,16.82,6.62
2026-01-12 02:08:00+00:00,3.38,5.35,1.92,57.68,16.86,6.61
2026-01-12 02:09:00+00:00,3.52,5.20,2.06,55.86,18.16,6.61
2026-01-12 02:10:00+00:00,3.74,5.16,1.89,54.07,16.50,6.64
2026-01-12 02:11:00+00:00,3.52,5.42,1.96,57.03,16.88,6.75
2026-01-12 02:12:00+00:00,3.51,5.33,2.06,56.61,17.87,6.71
2026-01-12 02:13:00+00:00,3.81,5.03,1.95,52.82,17.20,6.61
2026-01-12 02:14:00+00:00,4.00,5.08,1.93,51.79,16.59,6.74
2026-01-12 02:15:00+00:00,3.88,5.12,1.90,52.83,16.49,6.70
2026-01-12 02:16:00+00:00,4.03,4.82,1.75,50.07,15.57,6.52
2026-01-12 02:17:00+00:00,3.77,4.71,1.78,51.30,16.47,6.29
2026-01-12 02:18:00+00:00,3.80,4.62,1.89,50.54,17.51,6.27
2026-01-12 02:19:00+00:00,3.65,4.73,1.70,52.34,15.92,6.21
2026-01-12 02:20:00+00:00,3.65,4.86,1.46,53.09,13.53,6.25
2026-01-12 02:21:00+00:00,3.75,5.10,1.07,53.69,9.56,6.42
2026-01-12 02:22:00+00:00,3.80,4.98,0.99,52.65,8.99,6.34
2026-01-12 02:23:00+00:00,3.81,4.93,0.90,52.30,8.22,6.29
2026-01-12 02:24:00+00:00,3.99,4.86,0.68,50.61,6.19,6.32
2026-01-12 02:25:00+00:00,4.17,4.67,0.63,48.21,5.76,6.29
2026-01-12 02:26:00+00:00,4.44,4.72,0.66,46.70,5.81,6.51
2026-01-12 02:27:00+00:00,4.53,4.75,0.13,46.35,1.15,6.56
2026-01-12 02:28:00+00:00,4.39,4.87,-0.79,47.97,-6.85,6.60
2026-01-12 02:29:00+00:00,4.48,4.87,-0.59,47.43,-5.09,6.65
2026-01-12 02:30:00+00:00,4.34,4.78,-1.27,47.76,-11.13,6.58
2026-01-12 02:31:00+00:00,4.47,4.70,-2.16,46.44,-18.40,6.83
2026-01-12 02:32:00+00:00,4.37,4.59,-2.61,46.45,-22.39,6.86
2026-01-12 02:33:00+00:00,4.54,4.10,-3.01,42.10,-26.23,6.82
2026-01-12 02:34:00+00:00,3.04,3.49,-5.06,48.96,-47.55,6.86
2026-01-12 02:35:00+00:00,3.74,4.16,-3.81,48.05,-34.31,6.77
2026-01-12 02:36:00+00:00,4.28,4.43,-2.99,46.01,-25.88,6.85
2026-01-12 02:37:00+00:00,4.28,4.63,-2.86,47.21,-24.43,6.92
2026-01-12 02:38:00+00:00,4.10,4.58,-3.28,48.19,-28.10,6.97
2026-01-12 02:39:00+00:00,3.95,4.59,-3.37,49.24,-29.13,6.93
2026-01-12 02:40:00+00:00,3.64,4.32,-3.93,49.88,-34.81,6.88
2026-01-12 02:41:00+00:00,3.81,4.70,-3.33,51.00,-28.83,6.91
2026-01-12 02:42:00+00:00,3.57,5.71,-1.79,58.00,-14.90,6.96
2026-01-12 02:43:00+00:00,3.55,5.83,-1.60,58.66,-13.21,7.01
2026-01-12 02:44:00+00:00,3.53,5.93,-1.07,59.24,-8.84,6.98
2026-01-12 02:45:00+00:00,3.40,6.10,-0.64,60.90,-5.25,7.02
2026-01-12 02:46:00+00:00,3.01,6.47,-0.38,65.02,-3.09,7.15
2026-01-12 02:47:00+00:00,2.92,6.51,-0.02,65.81,-0.14,7.14
2026-01-12 02:48:00+00:00,3.41,6.12,-1.05,60.87,-8.55,7.09
2026-01-12 02:49:00+00:00,3.37,5.99,-1.48,60.67,-12.12,7.03
2026-01-12 02:50:00+00:00,3.69,4.52,-3.76,50.75,-32.78,6.94
2026-01-12 02:51:00+00:00,3.81,4.33,-3.93,48.67,-34.28,6.97
2026-01-12 02:52:00+00:00,3.90,4.51,-3.78,49.16,-32.36,7.06
2026-01-12 02:53:00+00:00,3.71,4.29,-4.25,49.10,-36.86,7.09
2026-01-12 02:54:00+00:00,4.11,4.52,-3.64,47.74,-30.80,7.11
2026-01-12 02:55:00+00:00,3.79,4.09,-4.21,47.20,-37.02,6.99
2026-01-12 02:56:00+00:00,3.11,3.88,-5.05,51.29,-45.48,7.09
2026-01-12 02:57:00+00:00,3.00,4.15,-4.71,54.13,-42.62,6.96
2026-01-12 02:58:00+00:00,3.49,4.31,-4.09,50.96,-36.46,6.89
2026-01-12 02:59:00+00:00,3.79,3.99,-3.96,46.44,-35.73,6.78
2026-01-12 03:00:00+00:00,3.02,3.96,-4.93,52.67,-44.72,7.00
2026-01-12 03:01:00+00:00,3.00,3.78,-5.02,51.55,-46.15,6.97
2026-01-12 03:02:00+00:00,3.27,3.99,-4.59,50.68,-41.64,6.90
2026-01-12 03:03:00+00:00,3.35,4.00,-4.42,50.09,-40.23,6.84
2026-01-12 03:04:00+00:00,3.18,3.91,-4.57,50.83,-42.21,6.81
2026-01-12 03:05:00+00:00,3.27,4.15,-4.25,51.73,-38.78,6.78
2026-01-12 03:06:00+00:00,3.03,5.00,-4.70,58.77,-38.79,7.50
2026-01-12 03:07:00+00:00,3.25,3.90,-4.52,50.16,-41.68,6.80
2026-01-12 03:08:00+00:00,3.32,3.97,-4.26,50.10,-39.44,6.70
2026-01-12 03:09:00+00:00,3.91,4.73,-2.57,50.39,-22.71,6.66
2026-01-12 03:10:00+00:00,4.02,4.91,-2.42,50.71,-20.91,6.79
2026-01-12 03:11:00+00:00,3.36,5.37,-2.09,57.95,-18.24,6.67
2026-01-12 03:12:00+00:00,2.22,5.60,-2.95,68.37,-26.05,6.71
2026-01-12 03:13:00+00:00,1.57,5.68,-3.52,74.53,-30.86,6.87
2026-01-12 03:14:00+00:00,2.47,5.27,-3.48,64.90,-30.90,6.78
2026-01-12 03:15:00+00:00,2.92,5.05,-3.27,59.99,-29.23,6.69
2026-01-12 03:16:00+00:00,3.17,4.95,-3.20,57.34,-28.53,6.70
2026-01-12 03:17:00+00:00,2.93,5.07,-3.55,59.96,-31.22,6.84
2026-01-12 03:18:00+00:00,3.00,4.65,-3.73,57.16,-34.00,6.68
2026-01-12 03:19:00+00:00,2.88,5.11,-3.57,60.59,-31.31,6.87
2026-01-12 03:20:00+00:00,2.43,5.21,-3.80,65.02,-33.47,6.88
2026-01-12 03:21:00+00:00,2.41,5.21,-3.61,65.17,-32.17,6.78
2026-01-12 03:22:00+00:00,1.80,5.77,-3.44,72.64,-29.65,6.96
2026-01-12 03:23:00+00:00,1.98,5.49,-3.68,70.21,-32.25,6.90
2026-01-12 03:24:00+00:00,3.60,4.64,-3.19,52.24,-28.50,6.68
2026-01-12 03:25:00+00:00,3.31,4.81,-3.35,55.48,-29.86,6.74
2026-01-12 03:26:00+00:00,3.43,4.76,-3.40,54.18,-30.06,6.78
2026-01-12 03:27:00+00:00,3.76,4.36,-3.56,49.22,-31.72,6.77
2026-01-12 03:28:00+00:00,4.10,3.80,-3.63,42.84,-33.01,6.67
2026-01-12 03:29:00+00:00,1.96,5.61,-3.55,70.76,-30.89,6.92
2026-01-12 03:30:00+00:00,1.73,6.21,-3.17,74.46,-26.21,7.18
2026-01-12 03:31:00+00:00,2.12,5.92,-3.17,70.25,-26.79,7.04
2026-01-12 03:32:00+00:00,2.74,5.70,-3.00,64.35,-25.37,7.00
2026-01-12 03:33:00+00:00,2.26,5.88,-3.20,68.98,-26.92,7.07
2026-01-12 03:34:00+00:00,1.55,5.93,-3.35,75.35,-28.67,6.99
2026-01-12 03:35:00+00:00,1.90,5.93,-3.29,72.26,-27.86,7.04
2026-01-12 03:36:00+00:00,2.18,5.75,-3.21,69.22,-27.59,6.93
2026-01-12 03:37:00+00:00,1.72,5.80,-3.44,73.45,-29.60,6.96
2026-01-12 03:38:00+00:00,1.35,6.21,-2.86,77.74,-24.23,6.96
2026-01-12 03:39:00+00:00,1.91,5.91,-2.93,72.08,-25.27,6.87
2026-01-12 03:40:00+00:00,2.47,5.63,-3.02,66.32,-26.21,6.85
2026-01-12 03:41:00+00:00,2.30,5.76,-2.81,68.22,-24.36,6.81
2026-01-12 03:42:00+00:00,2.29,5.87,-2.94,68.68,-25.04,6.95
2026-01-12 03:43:00+00:00,2.86,5.31,-2.75,61.74,-24.54,6.63
2026-01-12 03:44:00+00:00,3.77,4.58,-2.96,50.50,-26.51,6.63
2026-01-12 03:45:00+00:00,3.93,4.42,-2.95,48.35,-26.47,6.61
2026-01-12 03:46:00+00:00,3.96,4.59,-2.75,49.24,-24.42,6.66
2026-01-12 03:47:00+00:00,4.04,4.82,-1.90,50.02,-16.78,6.57
2026-01-12 03:48:00+00:00,3.07,5.32,-2.68,60.01,-23.59,6.71
2026-01-12 03:49:00+00:00,2.92,5.63,-2.49,62.57,-21.46,6.81
2026-01-12 03:50:00+00:00,2.78,5.55,-2.59,63.38,-22.59,6.73
2026-01-12 03:51:00+00:00,2.95,5.82,-1.89,63.11,-16.13,6.79
2026-01-12 03:52:00+00:00,3.43,5.16,-2.96,56.40,-25.54,6.86
2026-01-12 03:53:00+00:00,3.38,5.15,-2.91,56.73,-25.28,6.81
2026-01-12 03:54:00+00:00,3.38,5.02,-3.05,56.03,-26.75,6.77
2026-01-12 03:55:00+00:00,2.77,4.80,-4.08,60.04,-36.37,6.88
2026-01-12 03:56:00+00:00,3.33,4.53,-3.54,53.71,-32.23,6.65
2026-01-12 03:57:00+00:00,3.56,5.18,-2.21,55.49,-19.34,6.67
2026-01-12 03:58:00+00:00,3.76,5.04,-1.97,53.28,-17.42,6.59
2026-01-12 04:00:00+00:00,4.28,4.99,-0.42,49.40,-3.67,6.58
2026-01-12 04:01:00+00:00,4.23,5.17,-0.84,50.71,-7.17,6.73
2026-01-12 04:03:00+00:00,3.97,5.34,-1.21,53.36,-10.30,6.77
2026-01-12 04:04:00+00:00,3.88,5.46,-1.21,54.58,-10.27,6.81
2026-01-12 04:05:00+00:00,3.34,5.66,-0.68,59.49,-5.92,6.61
2026-01-12 04:06:00+00:00,3.01,6.15,0.56,63.93,4.67,6.87
2026-01-12 04:07:00+00:00,3.04,6.23,0.50,64.01,4.12,6.95
2026-01-12 04:08:00+00:00,4.11,5.23,-1.22,51.84,-10.42,6.76
2026-01-12 04:09:00+00:00,3.80,5.47,-1.30,55.23,-11.02,6.79
2026-01-12 04:10:00+00:00,3.67,5.22,-1.92,54.88,-16.73,6.66
2026-01-12 04:11:00+00:00,3.72,5.25,-1.66,54.68,-14.50,6.65
2026-01-12 04:12:00+00:00,3.70,5.40,-1.41,55.61,-12.14,6.69
2026-01-12 04:13:00+00:00,3.66,5.59,-0.96,56.81,-8.15,6.75
2026-01-12 04:14:00+00:00,3.46,5.67,-0.87,58.60,-7.49,6.70
2026-01-12 04:15:00+00:00,3.36,5.72,-1.27,59.56,-10.81,6.76
2026-01-12 04:16:00+00:00,3.05,5.74,-1.96,61.99,-16.76,6.79
2026-01-12 04:17:00+00:00,2.51,5.73,-3.01,66.31,-25.73,6.94
2026-01-12 04:18:00+00:00,2.62,4.80,-3.96,61.43,-35.91,6.75
2026-01-12 04:19:00+00:00,3.48,5.29,-1.79,56.70,-15.77,6.58
2026-01-12 04:20:00+00:00,3.49,5.21,-2.19,56.24,-19.23,6.64
2026-01-12 04:21:00+00:00,3.60,5.10,-2.42,54.80,-21.21,6.69
2026-01-12 04:22:00+00:00,3.67,4.98,-2.95,53.57,-25.47,6.85
2026-01-12 04:23:00+00:00,3.53,4.87,-3.05,54.13,-26.89,6.74
2026-01-12 04:24:00+00:00,3.73,4.59,-3.47,50.91,-30.44,6.86
2026-01-12 04:25:00+00:00,3.32,4.41,-4.26,53.02,-37.62,6.97
2026-01-12 04:26:00+00:00,3.65,4.80,-3.41,52.74,-29.54,6.93
2026-01-12 04:27:00+00:00,3.48,4.74,-3.68,53.76,-32.02,6.93
2026-01-12 04:28:00+00:00,3.53,4.47,-4.20,51.68,-36.43,7.08
2026-01-12 04:29:00+00:00,3.39,4.56,-4.21,53.39,-36.54,7.07
2026-01-12 04:30:00+00:00,4.11,4.48,-2.94,47.46,-25.79,6.75
2026-01-12 04:31:00+00:00,3.89,4.87,-2.87,51.36,-24.70,6.86
2026-01-12 04:32:00+00:00,3.79,5.03,-2.88,52.98,-24.56,6.93
2026-01-12 04:33:00+00:00,3.71,4.76,-3.43,52.04,-29.65,6.94
2026-01-12 04:34:00+00:00,3.84,5.03,-3.02,52.65,-25.49,7.01
2026-01-12 04:35:00+00:00,3.70,5.03,-3.10,53.63,-26.38,6.97
2026-01-12 04:36:00+00:00,3.43,5.16,-3.38,56.39,-28.56,7.06
2026-01-12 04:37:00+00:00,3.16,5.34,-3.40,59.41,-28.73,7.07
2026-01-12 04:38:00+00:00,3.73,4.46,-3.10,50.12,-28.05,6.58
2026-01-12 04:39:00+00:00,2.88,5.55,-3.30,62.59,-27.82,7.07
2026-01-12 04:40:00+00:00,3.08,5.41,-3.13,60.32,-26.68,6.96
2026-01-12 04:41:00+00:00,2.43,5.77,-3.03,67.16,-25.81,6.96
2026-01-12 04:42:00+00:00,3.39,5.27,-2.94,57.25,-25.11,6.93
2026-01-12 04:43:00+00:00,2.96,5.64,-2.70,62.27,-22.99,6.92
2026-01-12 04:44:00+00:00,3.16,5.48,-2.75,60.02,-23.47,6.90
2026-01-12 04:45:00+00:00,3.35,5.03,-3.06,56.31,-26.85,6.77
2026-01-12 04:46:00+00:00,3.41,5.59,-3.28,58.59,-26.60,7.32
2026-01-12 04:47:00+00:00,2.98,5.58,-2.44,61.92,-21.10,6.78
2026-01-12 04:48:00+00:00,3.29,4.74,-2.99,55.23,-27.44,6.50
2026-01-12 04:49:00+00:00,4.41,1.40,-4.63,17.63,-45.03,6.54
2026-01-12 04:50:00+00:00,4.41,0.90,-4.82,11.48,-46.97,6.60
2026-01-12 04:51:00+00:00,4.42,1.10,-4.79,13.97,-46.47,6.61
2026-01-12 04:52:00+00:00,4.00,0.42,-5.26,6.01,-52.58,6.62
2026-01-12 04:53:00+00:00,4.53,0.81,-4.65,10.15,-45.35,6.54
2026-01-12 04:54:00+00:00,4.01,1.77,-5.00,23.85,-48.76,6.65
2026-01-12 04:55:00+00:00,4.12,2.06,-4.68,26.57,-45.45,6.57
2026-01-12 04:56:00+00:00,4.06,2.45,-4.59,31.17,-44.05,6.60
2026-01-12 04:57:00+00:00,3.98,3.44,-4.07,40.77,-37.73,6.65
2026-01-12 04:58:00+00:00,3.82,4.01,-3.72,46.39,-33.89,6.67
2026-01-12 04:59:00+00:00,3.77,4.19,-3.30,48.02,-30.35,6.53
2026-01-12 05:00:00+00:00,3.68,3.94,-3.61,46.97,-33.80,6.48
2026-01-12 05:01:00+00:00,3.54,4.13,-3.47,49.35,-32.51,6.45
2026-01-12 05:02:00+00:00,3.75,4.55,-2.97,50.47,-26.76,6.60
2026-01-12 05:03:00+00:00,3.81,3.49,-3.89,42.49,-37.01,6.47
2026-01-12 05:04:00+00:00,4.93,1.31,-3.57,14.92,-34.98,6.22
2026-01-12 05:05:00+00:00,5.47,1.33,-2.94,13.70,-27.56,6.35
2026-01-12 05:06:00+00:00,5.08,0.28,-4.43,3.15,-41.03,6.75
2026-01-12 05:07:00+00:00,5.45,-0.39,-3.42,355.94,-32.10,6.44
2026-01-12 05:08:00+00:00,4.56,1.99,-3.55,23.63,-35.53,6.11
2026-01-12 05:09:00+00:00,3.31,4.68,-3.34,54.71,-30.20,6.64
2026-01-12 05:10:00+00:00,3.51,4.36,-3.43,51.19,-31.50,6.56
2026-01-12 05:11:00+00:00,4.31,2.19,-3.94,26.93,-39.17,6.24
2026-01-12 05:12:00+00:00,4.66,0.17,-4.37,2.10,-43.16,6.40
2026-01-12 05:13:00+00:00,3.82,-2.27,-4.53,329.28,-45.54,6.34
2026-01-12 05:14:00+00:00,3.67,-4.09,-3.45,311.88,-32.14,6.49
2026-01-12 05:15:00+00:00,4.56,-0.83,-4.39,349.71,-43.49,6.38
2026-01-12 05:16:00+00:00,4.25,-1.36,-4.76,342.25,-46.81,6.53
2026-01-12 05:17:00+00:00,4.54,-1.73,-4.46,339.13,-42.53,6.60
2026-01-12 05:18:00+00:00,4.24,-3.07,-4.13,324.11,-38.29,6.66
2026-01-12 05:19:00+00:00,4.05,-4.16,-3.28,314.24,-29.45,6.67
2026-01-12 05:20:00+00:00,4.16,-4.36,-2.60,313.67,-23.35,6.57
2026-01-12 05:21:00+00:00,4.60,-3.70,-2.47,321.21,-22.71,6.40
2026-01-12 05:22:00+00:00,3.79,-4.88,-2.46,307.82,-21.68,6.65
2026-01-12 05:23:00+00:00,4.41,-4.66,-1.81,313.44,-15.75,6.66
2026-01-12 05:24:00+00:00,4.22,-3.80,-3.36,317.99,-30.62,6.60
2026-01-12 05:25:00+00:00,4.44,-4.14,-2.44,316.99,-21.92,6.54
2026-01-12 05:27:00+00:00,4.37,-0.95,-4.59,347.72,-45.71,6.41
2026-01-12 05:28:00+00:00,4.31,-1.56,-4.36,340.12,-43.58,6.33
2026-01-12 05:29:00+00:00,5.51,-2.85,-1.72,332.71,-15.47,6.44
2026-01-12 05:30:00+00:00,5.55,-2.60,-1.54,334.91,-14.09,6.32
2026-01-12 05:31:00+00:00,5.86,-1.20,-1.62,348.48,-15.16,6.20
2026-01-12 05:32:00+00:00,5.98,0.16,-1.39,1.53,-13.09,6.14
2026-01-12 05:33:00+00:00,5.23,1.63,-2.84,17.35,-27.37,6.17
2026-01-12 05:34:00+00:00,5.07,2.70,-2.21,28.06,-21.07,6.16
2026-01-12 05:35:00+00:00,4.87,0.52,-3.49,6.05,-35.51,6.01
2026-01-12 05:36:00+00:00,4.78,-0.99,-3.79,348.30,-37.79,6.18
2026-01-12 05:37:00+00:00,5.14,-1.33,-3.27,345.52,-31.66,6.23
2026-01-12 05:38:00+00:00,5.09,-1.90,-3.47,339.49,-32.59,6.45
2026-01-12 05:39:00+00:00,5.07,-1.62,-3.53,342.31,-33.52,6.39
2026-01-12 05:40:00+00:00,5.25,-0.92,-3.25,350.06,-31.38,6.24
2026-01-12 05:41:00+00:00,5.20,0.97,-2.89,10.59,-28.62,6.03
2026-01-12 05:42:00+00:00,3.86,3.38,-3.49,41.23,-34.24,6.21
2026-01-12 05:43:00+00:00,4.90,3.03,-1.80,31.76,-17.32,6.03
2026-01-12 05:44:00+00:00,4.94,1.89,-2.43,20.99,-24.69,5.82
2026-01-12 05:45:00+00:00,4.93,2.96,-1.93,30.97,-18.50,6.07
2026-01-12 05:46:00+00:00,3.33,5.46,-0.89,58.62,-7.89,6.46
2026-01-12 05:47:00+00:00,3.55,4.72,-0.96,53.09,-9.20,5.98
2026-01-12 05:48:00+00:00,5.59,0.33,-2.28,3.41,-22.20,6.05
2026-01-12 05:49:00+00:00,5.59,0.40,-2.44,4.04,-23.51,6.11
2026-01-12 05:50:00+00:00,5.01,1.04,-3.14,11.72,-31.50,6.00
2026-01-12 05:51:00+00:00,5.01,0.68,-3.42,7.77,-34.09,6.10
2026-01-12 05:52:00+00:00,5.17,0.87,-3.24,9.54,-31.69,6.16
2026-01-12 05:53:00+00:00,5.05,0.71,-3.33,8.00,-33.11,6.09
2026-01-12 05:54:00+00:00,5.57,-2.55,-1.06,335.37,-9.79,6.21
2026-01-12 05:55:00+00:00,5.57,-1.49,-1.85,345.05,-17.80,6.05
2026-01-12 05:56:00+00:00,5.48,0.14,-2.91,1.42,-27.90,6.21
2026-01-12 05:57:00+00:00,5.66,0.23,-2.43,2.37,-23.23,6.16
2026-01-12 05:58:00+00:00,5.52,0.89,-2.55,9.14,-24.49,6.14
2026-01-12 05:59:00+00:00,4.97,2.52,-2.56,26.84,-24.65,6.13
2026-01-12 06:00:00+00:00,5.30,2.36,-1.81,24.05,-17.36,6.08
2026-01-12 06:01:00+00:00,5.28,2.27,-1.98,23.27,-19.00,6.08
2026-01-12 06:02:00+00:00,5.38,1.44,-2.21,15.01,-21.67,5.99
2026-01-12 06:03:00+00:00,3.35,4.48,-3.01,53.25,-28.29,6.35
2026-01-12 06:04:00+00:00,3.84,3.66,-3.41,43.67,-32.70,6.31
2026-01-12 06:05:00+00:00,3.67,3.12,-4.02,40.39,-39.81,6.28
2026-01-12 06:06:00+00:00,4.10,3.69,-2.71,42.00,-26.20,6.15
2026-01-12 06:07:00+00:00,4.48,-2.37,-3.63,332.12,-35.60,6.24
2026-01-12 06:08:00+00:00,5.06,-1.95,-3.34,338.99,-31.62,6.37
2026-01-12 06:09:00+00:00,5.33,-1.91,-2.78,340.27,-26.17,6.30
2026-01-12 06:10:00+00:00,5.05,-1.12,-2.66,347.49,-27.18,5.82
2026-01-12 06:11:00+00:00,5.10,-1.57,-3.41,342.92,-32.60,6.33
2026-01-12 06:12:00+00:00,4.87,-1.53,-3.88,342.56,-37.22,6.41
2026-01-12 06:13:00+00:00,4.89,-1.23,-3.86,345.87,-37.44,6.36
2026-01-12 06:14:00+00:00,4.96,-2.09,-3.48,337.09,-32.86,6.41
2026-01-12 06:15:00+00:00,5.09,-2.05,-3.32,338.07,-31.12,6.41
2026-01-12 06:16:00+00:00,4.92,-2.76,-3.31,330.70,-30.39,6.54
2026-01-12 06:17:00+00:00,4.36,-3.83,-3.21,318.71,-28.97,6.64
2026-01-12 06:18:00+00:00,5.67,-3.65,-2.33,327.18,-19.03,7.13
2026-01-12 06:19:00+00:00,2.94,-5.64,-2.42,297.55,-20.86,6.80
2026-01-12 06:20:00+00:00,2.36,-5.65,-3.34,292.69,-28.63,6.97
2026-01-12 06:21:00+00:00,3.48,-5.00,-2.88,304.79,-25.31,6.74
2026-01-12 06:22:00+00:00,4.05,-5.39,-0.86,306.95,-7.27,6.80
2026-01-12 06:23:00+00:00,4.40,-1.02,-3.67,347.00,-39.05,5.82
2026-01-12 06:24:00+00:00,4.73,-1.02,-4.28,347.79,-41.47,6.46
2026-01-12 06:25:00+00:00,4.65,-2.28,-4.03,333.86,-37.85,6.57
2026-01-12 06:26:00+00:00,4.40,-0.46,-4.15,354.02,-43.19,6.07
2026-01-12 06:27:00+00:00,4.62,-1.84,-4.33,338.31,-41.05,6.60
2026-01-12 06:28:00+00:00,4.38,-1.45,-4.80,341.66,-46.10,6.66
2026-01-12 06:29:00+00:00,4.20,-1.61,-4.78,339.06,-46.75,6.56
2026-01-12 06:30:00+00:00,3.63,0.41,-6.35,6.47,-60.07,7.33
2026-01-12 06:31:00+00:00,4.26,-2.43,-4.61,330.32,-43.20,6.73
2026-01-12 06:32:00+00:00,4.23,-3.03,-4.28,324.39,-39.44,6.74
2026-01-12 06:33:00+00:00,3.89,-3.99,-3.57,314.23,-32.63,6.62
2026-01-12 06:34:00+00:00,3.66,-4.41,-3.75,309.72,-33.18,6.85
2026-01-12 06:35:00+00:00,3.68,-4.37,-3.79,310.09,-33.56,6.86
2026-01-12 06:36:00+00:00,4.18,-3.76,-3.47,318.04,-31.71,6.61
2026-01-12 06:37:00+00:00,3.93,-4.86,-2.42,308.97,-21.21,6.70
2026-01-12 06:38:00+00:00,3.68,-5.52,-2.34,303.67,-19.45,7.04
2026-01-12 06:39:00+00:00,1.95,-6.72,-0.80,286.21,-6.51,7.04
2026-01-12 06:40:00+00:00,3.29,-5.63,-2.42,300.28,-20.34,6.96
2026-01-12 06:41:00+00:00,3.29,-5.76,-2.26,299.72,-18.84,7.01
2026-01-12 06:42:00+00:00,3.37,-4.86,-3.64,304.74,-31.65,6.95
2026-01-12 06:43:00+00:00,3.37,-4.72,-3.66,305.56,-32.29,6.86
2026-01-12 06:44:00+00:00,3.56,-4.55,-3.55,308.07,-31.59,6.79
2026-01-12 06:45:00+00:00,3.15,-3.84,-4.72,309.33,-43.54,6.85
2026-01-12 06:46:00+00:00,3.03,-3.20,-5.25,313.46,-49.99,6.85
2026-01-12 06:47:00+00:00,3.71,-4.66,-3.47,308.53,-30.23,6.90
2026-01-12 06:48:00+00:00,2.95,-5.31,-3.02,299.08,-26.41,6.78
2026-01-12 06:49:00+00:00,3.63,-2.29,-4.76,327.79,-47.99,6.41
2026-01-12 06:51:00+00:00,3.92,-2.18,-4.95,330.95,-47.80,6.68
2026-01-12 06:52:00+00:00,4.20,-1.81,-4.91,336.70,-47.05,6.71
2026-01-12 06:53:00+00:00,3.82,-1.46,-5.28,339.13,-52.24,6.68
2026-01-12 06:54:00+00:00,3.55,-2.42,-5.11,325.69,-49.90,6.68
2026-01-12 06:55:00+00:00,2.89,1.07,-6.06,20.42,-63.06,6.80
2026-01-12 06:56:00+00:00,3.80,-1.17,-4.93,342.81,-51.12,6.33
2026-01-12 06:57:00+00:00,3.01,-0.77,-5.90,345.74,-62.23,6.67
2026-01-12 06:58:00+00:00,3.07,-1.44,-5.02,334.96,-55.97,6.06
2026-01-12 06:59:00+00:00,4.19,-2.82,-4.29,326.02,-40.34,6.63
2026-01-12 07:00:00+00:00,3.96,-4.57,-3.20,310.90,-27.90,6.84
2026-01-12 07:01:00+00:00,3.90,-2.64,-4.68,325.92,-44.86,6.64
2026-01-12 07:02:00+00:00,4.93,-1.79,-3.98,340.05,-37.21,6.58
2026-01-12 07:03:00+00:00,3.33,-4.06,-3.71,309.32,-35.21,6.43
2026-01-12 07:04:00+00:00,2.64,-5.83,-2.01,294.37,-17.45,6.71
2026-01-12 07:05:00+00:00,4.57,-0.53,-4.57,353.37,-44.79,6.49
2026-01-12 07:06:00+00:00,4.78,-0.16,-5.44,358.06,-48.66,7.25
2026-01-12 07:07:00+00:00,4.22,-2.34,-4.35,330.96,-42.04,6.50
2026-01-12 07:08:00+00:00,4.14,-1.94,-4.87,334.92,-46.80,6.68
2026-01-12 07:09:00+00:00,4.41,-3.02,-4.08,325.60,-37.34,6.72
2026-01-12 07:10:00+00:00,4.36,-3.66,-3.47,320.00,-31.33,6.67
2026-01-12 07:11:00+00:00,4.87,-3.47,-2.58,324.57,-23.35,6.52
2026-01-12 07:12:00+00:00,4.75,-0.86,-4.47,349.72,-42.80,6.57
2026-01-12 07:13:00+00:00,4.83,-3.15,-2.50,326.85,-23.43,6.28
2026-01-12 07:14:00+00:00,5.29,-3.85,-1.09,323.94,-9.45,6.64
2026-01-12 07:15:00+00:00,4.26,-4.68,-2.43,312.37,-21.02,6.78
2026-01-12 07:16:00+00:00,4.97,-3.62,-2.16,323.92,-19.39,6.51
2026-01-12 07:17:00+00:00,5.97,-1.81,-1.52,343.16,-13.72,6.42
2026-01-12 07:18:00+00:00,5.13,-2.32,-2.38,335.68,-22.88,6.11
2026-01-12 07:19:00+00:00,5.44,-2.43,-3.21,335.90,-28.29,6.76
2026-01-12 07:20:00+00:00,5.92,-1.17,-2.84,348.85,-25.24,6.67
2026-01-12 07:21:00+00:00,5.03,-1.35,-2.78,344.95,-28.10,5.90
2026-01-12 07:22:00+00:00,3.95,-4.78,-3.74,309.59,-31.10,7.24
2026-01-12 07:23:00+00:00,4.51,-4.95,-1.37,312.35,-11.56,6.84
2026-01-12 07:24:00+00:00,3.75,-5.30,-2.20,305.26,-18.73,6.86
2026-01-12 08:11:00+00:00,2.01,-6.90,2.51,286.27,19.26,7.61
2026-01-12 08:12:00+00:00,3.15,-6.46,1.04,296.01,8.20,7.26
2026-01-12 08:13:00+00:00,4.58,-5.23,-0.64,311.22,-5.22,6.98
2026-01-12 08:14:00+00:00,4.79,-4.84,-0.92,314.70,-7.73,6.88
2026-01-12 08:15:00+00:00,2.37,-6.63,2.12,289.68,16.72,7.35
2026-01-12 08:16:00+00:00,2.18,-6.83,2.10,287.72,16.29,7.47
2026-01-12 08:17:00+00:00,2.36,-6.91,1.62,288.82,12.52,7.48
2026-01-12 08:18:00+00:00,2.56,-6.87,2.16,290.40,16.44,7.64
2026-01-12 08:19:00+00:00,3.03,-6.65,1.44,294.52,11.17,7.45
2026-01-12 08:20:00+00:00,2.87,-6.78,1.50,292.96,11.53,7.51
2026-01-12 08:21:00+00:00,3.45,-6.49,1.07,297.97,8.29,7.43
2026-01-12 08:22:00+00:00,3.41,-6.51,1.70,297.60,13.03,7.54
2026-01-12 08:23:00+00:00,3.14,-6.69,0.30,295.15,2.30,7.40
2026-01-12 08:24:00+00:00,2.72,-6.89,1.04,291.56,8.01,7.48
2026-01-12 08:25:00+00:00,3.23,-6.52,1.24,296.34,9.65,7.38
2026-01-12 08:26:00+00:00,2.91,-5.72,1.27,296.96,11.23,6.54
2026-01-12 08:27:00+00:00,3.04,-6.79,1.15,294.09,8.79,7.53
2026-01-12 08:28:00+00:00,2.91,-6.88,0.87,292.89,6.62,7.52
2026-01-12 08:29:00+00:00,3.06,-6.72,1.05,294.49,8.12,7.46
2026-01-12 08:30:00+00:00,2.81,-6.80,0.80,292.47,6.17,7.40
2026-01-12 08:31:00+00:00,2.39,-7.09,1.29,288.66,9.76,7.60
2026-01-12 08:32:00+00:00,3.68,-6.35,0.88,300.08,6.80,7.39
2026-01-12 08:33:00+00:00,2.44,-7.10,1.43,288.96,10.80,7.65
2026-01-12 08:34:00+00:00,2.55,-8.22,1.54,287.21,10.13,8.75
2026-01-12 08:35:00+00:00,2.01,-7.35,1.31,285.27,9.75,7.73
2026-01-12 08:36:00+00:00,1.90,-7.45,1.16,284.28,8.58,7.77
2026-01-12 08:37:00+00:00,1.90,-7.30,1.73,284.62,12.93,7.74
2026-01-12 08:38:00+00:00,2.32,-7.31,1.87,287.58,13.69,7.89
2026-01-12 08:39:00+00:00,2.06,-7.07,2.26,286.22,17.07,7.71
2026-01-12 08:40:00+00:00,2.28,-7.05,2.19,287.93,16.50,7.72
2026-01-12 08:41:00+00:00,2.12,-7.32,1.50,286.16,11.17,7.77
2026-01-12 08:42:00+00:00,2.23,-6.98,2.77,287.74,20.72,7.84
2026-01-12 08:43:00+00:00,2.41,-7.23,1.67,288.43,12.37,7.80
2026-01-12 08:44:00+00:00,2.09,-7.19,2.16,286.19,16.09,7.80
2026-01-12 08:45:00+00:00,1.28,-7.22,2.86,280.01,21.30,7.87
2026-01-12 08:46:00+00:00,1.30,-7.09,2.11,280.42,16.29,7.51
2026-01-12 08:47:00+00:00,3.02,-6.97,0.89,293.40,6.66,7.65
2026-01-12 08:48:00+00:00,4.21,-5.83,-0.58,305.85,-4.61,7.21
2026-01-12 08:49:00+00:00,4.70,-5.04,-1.84,313.02,-14.92,7.13
2026-01-12 08:50:00+00:00,5.15,-3.06,-3.74,329.33,-31.98,7.06
2026-01-12 08:51:00+00:00,4.68,-4.63,-2.15,315.29,-18.09,6.92
2026-01-12 08:52:00+00:00,4.21,-5.06,-2.34,309.76,-19.58,6.99
2026-01-12 08:53:00+00:00,4.04,-5.65,-2.11,305.55,-16.88,7.25
2026-01-12 08:54:00+00:00,4.59,-5.11,-2.49,311.92,-19.93,7.31
2026-01-12 08:55:00+00:00,4.74,-4.20,-3.14,318.48,-26.37,7.07
2026-01-12 08:56:00+00:00,4.94,-4.43,-2.54,318.07,-20.98,7.11
2026-01-12 08:57:00+00:00,5.06,-3.97,-3.15,321.87,-26.09,7.16
2026-01-12 08:58:00+00:00,5.23,-3.67,-2.89,324.96,-24.36,7.02
2026-01-12 08:59:00+00:00,2.83,-6.56,1.18,293.30,9.40,7.24
2026-01-12 09:00:00+00:00,3.38,-6.42,0.71,297.79,5.61,7.29
2026-01-12 09:01:00+00:00,3.64,-6.31,0.86,299.99,6.74,7.34
2026-01-12 09:02:00+00:00,3.24,-6.44,0.69,296.67,5.48,7.24
2026-01-12 09:03:00+00:00,4.04,-6.20,0.36,303.06,2.75,7.41
2026-01-12 09:04:00+00:00,3.48,-6.63,0.58,297.68,4.42,7.51
2026-01-12 09:05:00+00:00,3.55,-6.50,-0.04,298.62,-0.33,7.40
2026-01-12 09:06:00+00:00,3.18,-6.72,0.38,295.32,2.96,7.45
2026-01-12 09:07:00+00:00,3.44,-6.61,-0.28,297.50,-2.16,7.46
2026-01-12 09:08:00+00:00,3.21,-6.76,-0.02,295.40,-0.13,7.48
2026-01-12 09:09:00+00:00,2.62,-7.01,-0.21,290.48,-1.58,7.49
2026-01-12 09:10:00+00:00,2.53,-7.30,0.42,289.13,3.12,7.74
2026-01-12 09:11:00+00:00,2.04,-7.08,0.17,286.05,1.29,7.37
2026-01-12 09:12:00+00:00,3.03,-6.91,-0.33,293.69,-2.49,7.55
2026-01-12 09:13:00+00:00,3.14,-6.85,-0.39,294.60,-2.95,7.54
2026-01-12 09:14:00+00:00,3.17,-5.80,-0.81,298.70,-6.95,6.66
2026-01-12 09:15:00+00:00,3.43,-6.23,-1.83,298.82,-14.44,7.35
2026-01-12 09:16:00+00:00,3.51,-5.93,-2.38,300.60,-19.07,7.29
2026-01-12 09:17:00+00:00,3.76,-4.77,-3.78,308.24,-31.88,7.16
2026-01-12 09:18:00+00:00,3.58,-4.44,-4.31,308.89,-37.05,7.15
2026-01-12 09:19:00+00:00,3.02,-6.97,-0.22,293.40,-1.65,7.60
2026-01-12 09:20:00+00:00,2.59,-6.92,-0.50,290.53,-3.85,7.40
2026-01-12 09:21:00+00:00,3.98,-5.89,-1.17,304.07,-9.35,7.20
2026-01-12 09:22:00+00:00,4.28,-5.12,-2.13,309.89,-17.73,7.01
2026-01-12 09:23:00+00:00,4.18,-5.27,-2.36,308.44,-19.33,7.13
2026-01-12 09:24:00+00:00,4.14,-5.51,-1.57,306.91,-12.83,7.07
2026-01-12 09:25:00+00:00,4.89,-4.78,-1.70,315.64,-13.98,7.05
2026-01-12 09:26:00+00:00,4.61,-4.82,-2.98,313.72,-24.09,7.31
2026-01-12 09:27:00+00:00,4.35,-2.05,-4.57,334.76,-43.55,6.64
2026-01-12 09:28:00+00:00,3.71,-4.41,-3.04,310.09,-27.84,6.51
2026-01-12 09:29:00+00:00,4.07,-5.54,-2.63,306.31,-20.96,7.36
2026-01-12 09:30:00+00:00,4.02,-5.75,-2.25,304.94,-17.82,7.36
2026-01-12 09:31:00+00:00,2.47,-7.12,-0.12,289.12,-0.94,7.53
2026-01-12 09:32:00+00:00,2.85,-6.82,-0.01,292.70,-0.06,7.40
2026-01-12 09:33:00+00:00,0.37,-7.43,2.46,272.83,18.33,7.84
2026-01-12 09:34:00+00:00,0.31,-6.53,2.42,272.69,20.35,6.97
2026-01-12 09:35:00+00:00,0.56,-7.70,2.34,274.15,16.89,8.07
2026-01-12 09:36:00+00:00,0.96,-7.68,1.10,277.15,8.06,7.81
2026-01-12 09:37:00+00:00,3.01,-5.10,-2.56,300.56,-23.33,6.46
2026-01-12 09:38:00+00:00,4.16,-4.09,-3.74,315.45,-32.69,6.93
2026-01-12 09:39:00+00:00,5.27,-4.84,-1.16,317.48,-9.21,7.25
2026-01-12 09:40:00+00:00,5.37,-3.59,-3.11,326.23,-25.72,7.16
2026-01-12 09:41:00+00:00,5.18,-3.79,-3.26,323.75,-26.94,7.20
2026-01-12 09:42:00+00:00,5.29,-4.10,-3.26,322.20,-26.00,7.45
2026-01-12 09:43:00+00:00,5.96,-2.48,-2.94,337.41,-24.46,7.09
2026-01-12 09:44:00+00:00,6.23,-2.27,-2.42,340.00,-20.05,7.06
2026-01-12 09:45:00+00:00,5.84,-1.60,-2.84,344.65,-25.15,6.69
2026-01-12 09:46:00+00:00,6.05,-3.85,-0.71,327.50,-5.68,7.20
2026-01-12 09:47:00+00:00,5.94,-3.91,-1.72,326.64,-13.58,7.32
2026-01-12 09:48:00+00:00,5.03,-5.52,-0.31,312.31,-2.37,7.47
2026-01-12 09:49:00+00:00,4.76,-5.87,-0.36,309.00,-2.73,7.56
2026-01-12 09:50:00+00:00,4.77,-5.57,-1.00,310.59,-7.79,7.40
2026-01-12 09:51:00+00:00,5.26,-5.37,-0.59,314.40,-4.45,7.54
2026-01-12 09:52:00+00:00,5.97,-4.48,-0.55,323.09,-4.20,7.49
2026-01-12 09:53:00+00:00,6.20,-4.00,0.15,327.21,1.17,7.38
2026-01-12 09:54:00+00:00,6.55,-3.09,-0.38,334.70,-3.04,7.25
2026-01-12 09:55:00+00:00,6.45,-3.50,0.42,331.53,3.24,7.34
2026-01-12 09:56:00+00:00,5.67,-4.87,0.73,319.38,5.56,7.51
2026-01-12 09:57:00+00:00,4.83,-5.86,0.21,309.48,1.59,7.60
2026-01-12 09:58:00+00:00,5.02,-5.90,-0.28,310.37,-2.11,7.75
2026-01-12 10:00:00+00:00,1.08,-6.88,4.16,278.92,30.86,8.11
2026-01-12 10:01:00+00:00,0.79,-7.35,3.84,276.11,27.47,8.33
2026-01-12 10:04:00+00:00,-0.12,-7.08,4.76,269.05,33.90,8.53
2026-01-12 10:05:00+00:00,-0.37,-6.02,6.21,266.50,45.81,8.66
2026-01-12 10:08:00+00:00,0.38,-5.36,6.57,274.02,50.72,8.49
2026-01-12 10:09:00+00:00,-0.61,-7.03,4.82,265.01,34.35,8.55
2026-01-12 10:12:00+00:00,-1.32,-7.24,4.60,259.68,32.03,8.68
2026-01-12 10:13:00+00:00,-1.10,-6.81,5.08,260.82,36.35,8.56
2026-01-12 10:16:00+00:00,1.68,-7.07,3.89,283.38,28.16,8.25
2026-01-12 10:17:00+00:00,0.48,-7.75,3.10,273.54,21.78,8.36
2026-01-12 10:20:00+00:00,2.02,-5.18,5.29,291.30,43.59,7.68
2026-01-12 10:21:00+00:00,3.43,-5.65,3.20,301.27,25.85,7.35
2026-01-12 10:22:00+00:00,2.79,-6.35,1.55,293.76,12.57,7.10
2026-01-12 10:24:00+00:00,1.89,-6.87,-3.61,285.41,-26.88,7.99
2026-01-12 10:25:00+00:00,2.05,-6.54,-3.97,287.42,-30.08,7.92
2026-01-12 10:28:00+00:00,4.86,-5.98,1.16,309.10,8.56,7.79
2026-01-12 10:29:00+00:00,4.84,-5.76,1.53,310.05,11.50,7.67
2026-01-12 10:32:00+00:00,4.52,-6.56,-0.29,304.55,-2.09,7.97
2026-01-12 10:33:00+00:00,4.37,-6.64,1.48,303.37,10.56,8.08
2026-01-12 10:34:00+00:00,4.54,-7.29,2.49,301.90,16.15,8.94
2026-01-12 10:36:00+00:00,4.76,-6.26,-0.59,307.25,-4.31,7.89
2026-01-12 10:37:00+00:00,4.52,-6.62,0.60,304.30,4.30,8.04
2026-01-12 10:40:00+00:00,4.13,-6.57,2.65,302.12,18.86,8.20
2026-01-12 10:41:00+00:00,4.32,-6.56,2.41,303.37,17.07,8.22
2026-01-12 10:42:00+00:00,3.55,-6.14,2.74,300.02,21.14,7.61
2026-01-12 10:44:00+00:00,4.78,-6.55,1.78,306.14,12.39,8.31
2026-01-12 10:45:00+00:00,5.33,-6.18,0.72,310.75,5.02,8.20
2026-01-12 10:48:00+00:00,4.65,-6.22,2.73,306.78,19.37,8.23
2026-01-12 10:49:00+00:00,4.84,-6.07,2.81,308.58,19.87,8.26
2026-01-12 10:52:00+00:00,4.57,-6.17,2.87,306.52,20.51,8.20
2026-01-12 10:53:00+00:00,4.50,-5.69,4.25,308.34,30.36,8.41
2026-01-12 10:56:00+00:00,4.75,-4.09,5.46,319.32,41.05,8.31
2026-01-12 10:57:00+00:00,4.25,-3.77,6.00,318.42,46.55,8.26
2026-01-12 10:58:00+00:00,3.19,-3.37,6.00,313.42,52.28,7.58
2026-01-12 11:00:00+00:00,3.82,-3.43,6.37,318.12,51.15,8.18
2026-01-12 11:01:00+00:00,2.98,-4.59,6.10,303.04,48.11,8.20
2026-01-12 11:04:00+00:00,2.62,-2.19,7.40,320.06,65.20,8.15
2026-01-12 11:05:00+00:00,3.33,-2.22,6.83,326.28,59.59,7.92
2026-01-12 11:06:00+00:00,3.39,-5.12,6.43,303.50,46.33,8.88
2026-01-12 11:08:00+00:00,3.03,-4.14,5.63,306.25,47.68,7.62
2026-01-12 11:09:00+00:00,3.34,-5.73,4.04,300.19,31.35,7.77
2026-01-12 11:10:00+00:00,3.02,-4.40,6.80,304.51,51.88,8.64
2026-01-12 11:12:00+00:00,3.01,-5.42,5.04,299.06,39.07,7.99
2026-01-12 11:13:00+00:00,2.81,-5.61,5.02,296.61,38.70,8.04
2026-01-12 11:14:00+00:00,2.22,-4.01,5.71,298.92,51.26,7.33
2026-01-12 11:16:00+00:00,2.36,-5.78,5.01,292.19,38.72,8.01
2026-01-12 11:17:00+00:00,2.99,-5.27,5.15,299.56,40.38,7.95
2026-01-12 11:18:00+00:00,2.82,-4.53,4.66,301.89,41.16,7.08
2026-01-12 11:20:00+00:00,3.07,-6.53,2.79,295.14,21.17,7.74
2026-01-12 11:21:00+00:00,2.88,-7.11,1.56,292.08,11.46,7.82
2026-01-12 11:22:00+00:00,3.31,-7.85,1.25,292.89,8.37,8.61
2026-01-12 11:24:00+00:00,-0.78,-5.17,6.19,261.46,49.79,8.10
2026-01-12 11:25:00+00:00,-1.28,-4.07,7.05,252.58,58.84,8.24
2026-01-12 11:26:00+00:00,-1.08,-3.38,8.60,252.28,67.56,9.30
2026-01-12 11:28:00+00:00,-0.30,-4.73,6.76,266.34,54.99,8.26
2026-01-12 11:29:00+00:00,-0.23,-5.06,6.57,267.39,52.37,8.29
2026-01-12 11:32:00+00:00,1.24,-7.49,2.70,279.43,19.60,8.06
2026-01-12 11:33:00+00:00,1.33,-7.48,2.39,280.06,17.49,7.97
2026-01-12 11:36:00+00:00,0.80,-7.05,3.95,276.50,29.07,8.12
2026-01-12 11:37:00+00:00,0.95,-7.39,3.33,277.31,24.07,8.16
2026-01-12 11:38:00+00:00,1.03,-8.53,2.78,276.86,17.95,9.03
2026-01-12 11:40:00+00:00,1.51,-5.40,5.97,285.61,46.81,8.19
2026-01-12 11:42:00+00:00,1.14,-6.50,6.31,279.96,43.70,9.13
2026-01-12 11:44:00+00:00,-1.02,-8.03,2.39,262.77,16.46,8.44
2026-01-12 11:45:00+00:00,0.73,-6.64,3.27,276.25,26.11,7.44
2026-01-12 11:46:00+00:00,2.94,-7.02,1.67,292.72,12.36,7.79
2026-01-12 11:48:00+00:00,-2.23,-4.83,3.06,245.23,29.89,6.14
2026-01-12 11:49:00+00:00,-2.58,-4.99,3.02,242.64,28.28,6.38
2026-01-12 11:50:00+00:00,-2.74,-4.81,1.13,240.31,11.54,5.65
2026-01-12 11:51:00+00:00,-1.87,-4.45,1.79,247.17,20.34,5.15
2026-01-12 11:52:00+00:00,-1.94,-4.79,2.78,247.95,28.26,5.87
2026-01-12 11:53:00+00:00,-2.23,-5.38,1.81,247.48,17.26,6.10
2026-01-12 11:54:00+00:00,-2.36,-5.03,-0.27,244.82,-2.75,5.56
2026-01-12 11:55:00+00:00,-2.68,-4.47,-0.62,239.01,-6.74,5.25
2026-01-12 11:56:00+00:00,-2.57,-4.66,0.40,241.12,4.31,5.34
2026-01-12 11:58:00+00:00,-3.13,-4.83,0.65,237.06,6.46,5.79
2026-01-12 11:59:00+00:00,-3.21,-4.63,-0.73,235.27,-7.43,5.68
2026-01-12 12:00:00+00:00,-1.70,-4.67,-0.85,250.05,-9.72,5.04
2026-01-12 12:02:00+00:00,0.87,-4.19,1.57,281.78,20.20,4.56
2026-01-12 12:03:00+00:00,0.34,-4.42,1.11,274.42,14.04,4.57
2026-01-12 12:04:00+00:00,1.13,-4.67,-0.47,283.61,-5.54,4.83
2026-01-12 12:06:00+00:00,1.58,-4.22,-2.28,290.56,-26.84,5.05
2026-01-12 12:07:00+00:00,0.65,-4.23,-2.35,278.71,-28.77,4.89
2026-01-12 12:08:00+00:00,0.40,-3.30,-1.13,276.86,-18.72,3.51
2026-01-12 12:10:00+00:00,-0.17,-3.05,-4.25,266.77,-54.34,5.23
2026-01-12 12:11:00+00:00,-0.09,-2.74,-3.90,268.05,-54.82,4.77
2026-01-12 12:12:00+00:00,-0.43,-2.65,-2.32,260.84,-40.84,3.55
2026-01-12 12:14:00+00:00,-1.55,-3.23,-2.69,244.31,-36.88,4.48
2026-01-12 12:15:00+00:00,-2.41,-3.05,-3.42,231.67,-41.34,5.18
2026-01-12 12:16:00+00:00,-1.05,-3.25,-1.64,252.15,-25.64,3.78
2026-01-12 12:18:00+00:00,-0.95,-5.18,-0.72,259.59,-7.74,5.32
2026-01-12 12:19:00+00:00,-1.12,-4.75,0.24,256.79,2.87,4.89
2026-01-12 12:20:00+00:00,-0.88,-4.72,0.06,259.48,0.70,4.80
2026-01-12 12:22:00+00:00,0.36,-3.90,-3.65,275.34,-42.98,5.35
2026-01-12 12:23:00+00:00,0.89,-2.09,-4.71,292.94,-64.25,5.23
2026-01-12 12:24:00+00:00,1.32,-2.85,-3.23,294.85,-45.80,4.51
2026-01-12 12:30:00+00:00,2.48,-3.63,-1.52,304.34,-19.10,4.66
2026-01-12 12:31:00+00:00,1.22,-4.68,-0.80,284.68,-9.41,4.90
2026-01-12 12:32:00+00:00,-0.94,-4.65,-0.73,258.54,-8.70,4.80
2026-01-12 12:33:00+00:00,0.56,-4.54,-0.82,276.98,-10.11,4.64
2026-01-12 12:34:00+00:00,1.67,-4.06,-0.85,292.36,-10.99,4.47
2026-01-12 12:35:00+00:00,1.56,-4.63,-0.98,288.62,-11.32,4.98
2026-01-12 12:36:00+00:00,1.03,-4.77,0.04,282.22,0.45,4.88
2026-01-12 12:38:00+00:00,0.54,-4.75,-0.50,276.48,-5.96,4.81
2026-01-12 12:39:00+00:00,0.87,-4.58,-1.68,280.75,-19.88,4.96
2026-01-12 12:40:00+00:00,-0.78,-4.89,-0.53,260.89,-6.09,4.98
2026-01-12 12:42:00+00:00,0.07,-4.94,-1.57,270.85,-17.64,5.19
2026-01-12 12:43:00+00:00,0.58,-4.10,-1.98,278.03,-25.57,4.59
2026-01-12 12:44:00+00:00,0.77,-4.57,-1.71,279.60,-20.27,4.94
2026-01-12 12:46:00+00:00,1.50,-4.73,-1.91,287.58,-21.01,5.32
2026-01-12 12:47:00+00:00,1.35,-3.89,-1.73,289.15,-22.74,4.46
2026-01-12 12:48:00+00:00,1.96,-4.35,-1.06,294.23,-12.55,4.89
2026-01-12 12:49:00+00:00,2.17,-4.74,0.05,294.64,0.58,5.21
2026-01-12 12:50:00+00:00,2.46,-4.48,-0.11,298.78,-1.24,5.11
2026-01-12 12:51:00+00:00,2.46,-3.86,-1.49,302.53,-18.01,4.82
2026-01-12 12:52:00+00:00,2.28,-3.87,-0.81,300.46,-10.29,4.56
2026-01-12 12:53:00+00:00,2.06,-4.81,0.40,293.13,4.33,5.25
2026-01-12 12:54:00+00:00,0.97,-4.80,-0.27,281.45,-3.19,4.90
2026-01-12 12:55:00+00:00,0.87,-4.64,-0.28,280.60,-3.40,4.73
2026-01-12 12:56:00+00:00,0.99,-4.41,1.05,282.68,13.10,4.64
2026-01-12 12:57:00+00:00,1.17,-4.50,0.82,284.63,10.02,4.72
2026-01-12 12:58:00+00:00,1.57,-4.04,-0.09,291.22,-1.23,4.34
2026-01-12 12:59:00+00:00,1.57,-4.47,1.08,289.36,12.80,4.86
2026-01-12 13:00:00+00:00,1.89,-3.76,-1.02,296.67,-13.59,4.32
2026-01-12 13:01:00+00:00,2.63,-4.24,-1.03,301.80,-11.70,5.10
2026-01-12 13:02:00+00:00,1.85,-2.92,-2.24,302.41,-32.93,4.12
2026-01-12 13:03:00+00:00,1.99,-4.26,-0.92,295.07,-11.10,4.79
2026-01-12 13:04:00+00:00,1.24,-3.99,-0.51,287.22,-6.96,4.21
2026-01-12 13:05:00+00:00,1.99,-4.63,-1.10,293.26,-12.30,5.16
2026-01-12 13:06:00+00:00,1.90,-3.51,-2.09,298.45,-27.67,4.51
2026-01-12 13:07:00+00:00,2.25,-3.08,-2.94,306.13,-37.61,4.82
2026-01-12 13:08:00+00:00,1.68,-3.33,-2.42,296.84,-33.01,4.45
2026-01-12 13:10:00+00:00,2.03,-3.84,-2.71,297.93,-31.99,5.12
2026-01-12 13:11:00+00:00,1.79,-3.39,-1.84,297.80,-25.71,4.25
2026-01-12 13:12:00+00:00,1.56,-3.38,-1.89,294.72,-26.90,4.18
2026-01-12 13:13:00+00:00,1.93,-4.37,-1.42,293.85,-16.54,4.98
2026-01-12 13:14:00+00:00,1.52,-3.92,-0.66,291.24,-8.98,4.25
2026-01-12 13:15:00+00:00,2.57,-3.51,-1.09,306.22,-14.06,4.48
2026-01-12 13:16:00+00:00,1.68,-3.04,1.35,298.89,21.28,3.72
2026-01-12 13:17:00+00:00,1.96,-4.43,1.02,293.84,11.91,4.95
2026-01-12 13:18:00+00:00,1.81,-4.89,0.18,290.37,1.93,5.21
2026-01-12 13:19:00+00:00,1.86,-4.32,0.49,293.28,5.95,4.73
2026-01-12 13:20:00+00:00,1.62,-3.45,1.01,295.14,14.79,3.94
2026-01-12 13:21:00+00:00,1.37,-3.65,0.75,290.57,10.94,3.97
2026-01-12 13:22:00+00:00,0.97,-4.55,-0.77,282.05,-9.43,4.72
2026-01-12 13:23:00+00:00,1.06,-4.47,-1.58,283.31,-19.00,4.86
2026-01-12 13:24:00+00:00,1.34,-3.65,-1.88,290.09,-25.80,4.32
2026-01-12 13:25:00+00:00,1.80,-3.75,-0.41,295.63,-5.66,4.17
2026-01-12 13:26:00+00:00,1.58,-3.89,-0.95,292.11,-12.80,4.31
2026-01-12 13:27:00+00:00,1.98,-4.25,0.47,294.97,5.73,4.72
2026-01-12 13:28:00+00:00,2.30,-4.79,1.67,295.72,17.48,5.57
2026-01-12 13:29:00+00:00,2.07,-5.03,1.59,292.38,16.30,5.67
2026-01-12 13:30:00+00:00,1.96,-4.79,0.94,292.29,10.27,5.26
2026-01-12 13:31:00+00:00,1.25,-4.63,-0.35,285.09,-4.22,4.80
2026-01-12 13:32:00+00:00,1.28,-4.46,0.70,285.97,8.54,4.70
2026-01-12 13:33:00+00:00,1.28,-5.18,1.16,283.90,12.27,5.46
2026-01-12 13:34:00+00:00,1.54,-5.12,0.20,286.79,2.17,5.35
2026-01-12 13:35:00+00:00,2.81,-4.01,-0.75,305.05,-8.72,4.96
2026-01-12 13:36:00+00:00,3.16,-3.83,-1.36,309.53,-15.28,5.15
2026-01-12 13:37:00+00:00,3.12,-3.79,-2.21,309.50,-24.27,5.38
2026-01-12 13:38:00+00:00,2.89,-3.13,-2.64,312.66,-31.79,5.01
2026-01-12 13:39:00+00:00,3.42,-3.07,-2.06,318.12,-24.19,5.04
2026-01-12 13:40:00+00:00,3.77,-1.87,-2.69,333.63,-32.56,4.99
2026-01-12 13:41:00+00:00,3.93,-2.15,-3.40,331.33,-37.16,5.63
2026-01-12 13:42:00+00:00,3.78,-1.87,-3.77,333.74,-41.76,5.66
2026-01-12 13:43:00+00:00,3.99,-1.60,-3.50,338.18,-39.14,5.54
2026-01-12 13:44:00+00:00,4.13,-0.69,-3.53,350.57,-40.12,5.47
2026-01-12 13:45:00+00:00,3.83,-3.59,-0.60,316.88,-6.55,5.29
2026-01-12 13:46:00+00:00,2.36,-4.53,-0.12,297.52,-1.31,5.10
2026-01-12 13:47:00+00:00,1.12,-4.48,0.98,283.99,11.93,4.72
2026-01-12 13:48:00+00:00,1.25,-4.50,2.04,285.54,23.57,5.10
2026-01-12 13:49:00+00:00,1.39,-3.32,1.64,292.77,24.50,3.95
2026-01-12 13:50:00+00:00,1.91,-4.52,0.65,292.97,7.57,4.95
2026-01-12 13:51:00+00:00,1.29,-3.89,1.00,288.37,13.65,4.22
2026-01-12 13:52:00+00:00,-1.94,-3.27,3.80,239.35,44.93,5.38
2026-01-12 13:53:00+00:00,-2.24,-4.30,2.54,242.52,27.64,5.47
2026-01-12 13:54:00+00:00,0.78,-3.20,0.41,283.62,7.07,3.32
2026-01-12 13:55:00+00:00,3.83,0.89,-3.79,13.02,-43.96,5.46
2026-01-12 13:56:00+00:00,4.27,-1.64,-1.85,339.01,-22.01,4.94
2026-01-12 13:57:00+00:00,4.05,-2.88,-1.49,324.55,-16.68,5.19
2026-01-12 13:58:00+00:00,1.00,-4.07,0.16,283.79,2.22,4.20
2026-01-12 13:59:00+00:00,-2.94,-4.41,1.88,236.32,19.52,5.62
2026-01-12 14:00:00+00:00,-3.67,-4.22,1.22,229.01,12.33,5.73
2026-01-12 14:01:00+00:00,-3.96,-3.06,-0.18,217.71,-2.09,5.00
2026-01-12 14:02:00+00:00,-3.56,-4.34,0.04,230.66,0.37,5.61
2026-01-12 14:03:00+00:00,-3.52,-4.12,0.13,229.49,1.38,5.42
2026-01-12 14:04:00+00:00,-3.44,-4.19,0.47,230.60,4.98,5.44
2026-01-12 14:05:00+00:00,-2.28,-4.42,0.75,242.71,8.62,5.03
2026-01-12 14:06:00+00:00,-1.42,-4.42,0.06,252.23,0.80,4.64
2026-01-12 14:07:00+00:00,-1.18,-4.38,0.23,254.89,2.92,4.54
2026-01-12 14:08:00+00:00,-1.83,-4.06,-0.26,245.68,-3.35,4.46
2026-01-12 14:09:00+00:00,-1.36,-4.26,-0.41,252.30,-5.27,4.50
2026-01-12 14:10:00+00:00,-0.41,-4.00,-0.74,264.20,-10.43,4.09
2026-01-12 14:11:00+00:00,-2.49,-4.18,-0.78,239.15,-9.13,4.93
2026-01-12 14:12:00+00:00,-3.02,-3.98,-1.13,232.80,-12.78,5.12
2026-01-12 14:13:00+00:00,-3.30,-4.36,-0.77,232.88,-8.02,5.52
2026-01-12 14:14:00+00:00,-3.59,-4.44,-0.83,230.98,-8.22,5.77
2026-01-12 14:15:00+00:00,-3.56,-4.37,-0.25,230.86,-2.51,5.64
2026-01-12 14:16:00+00:00,-4.16,-3.65,0.69,221.24,7.06,5.58
2026-01-12 14:17:00+00:00,-3.97,-3.41,0.58,220.61,6.32,5.27
2026-01-12 14:18:00+00:00,-0.82,-4.18,0.38,258.92,5.07,4.27
2026-01-12 14:19:00+00:00,0.42,-4.27,0.30,275.59,3.96,4.30
2026-01-12 14:20:00+00:00,-2.16,-3.87,1.00,240.86,12.77,4.54
2026-01-12 14:21:00+00:00,-2.89,-3.43,1.14,229.90,14.23,4.62
2026-01-12 14:22:00+00:00,-2.16,-5.10,0.95,247.02,9.76,5.62
2026-01-12 14:23:00+00:00,-0.55,-4.82,0.43,263.52,5.11,4.87
2026-01-12 14:24:00+00:00,-0.80,-4.46,0.68,259.86,8.57,4.59
2026-01-12 14:25:00+00:00,-0.61,-4.68,1.15,262.57,13.74,4.86
2026-01-12 14:26:00+00:00,0.26,-4.75,-1.28,273.11,-15.10,4.93
2026-01-12 14:27:00+00:00,-0.45,-4.07,0.13,263.69,1.87,4.10
2026-01-12 14:28:00+00:00,-1.58,-4.12,1.17,249.04,14.85,4.57
2026-01-12 14:29:00+00:00,-1.72,-4.12,0.39,247.32,4.99,4.48
2026-01-12 14:30:00+00:00,-0.86,-4.81,1.67,259.92,18.82,5.17
2026-01-12 14:31:00+00:00,-0.23,-4.48,0.36,267.12,4.63,4.50
2026-01-12 14:32:00+00:00,1.54,-4.04,-0.47,290.80,-6.26,4.35
2026-01-12 14:33:00+00:00,2.21,-2.68,-1.21,309.48,-19.26,3.68
2026-01-12 14:34:00+00:00,2.49,-3.11,-1.82,308.74,-24.56,4.38
2026-01-12 14:35:00+00:00,2.58,-3.66,-2.31,305.15,-27.30,5.04
2026-01-12 14:36:00+00:00,2.83,-3.16,-1.83,311.86,-23.37,4.62
2026-01-12 14:37:00+00:00,3.05,-3.94,-1.38,307.77,-15.51,5.17
2026-01-12 14:38:00+00:00,2.51,-3.16,-3.02,308.44,-36.77,5.04
2026-01-12 14:39:00+00:00,2.61,-3.38,-2.23,307.66,-27.59,4.82
2026-01-12 14:40:00+00:00,3.12,-2.44,-2.34,322.03,-30.52,4.60
2026-01-12 14:41:00+00:00,3.54,-2.92,-2.83,320.45,-31.68,5.40
2026-01-12 14:42:00+00:00,3.39,-2.45,-3.43,324.14,-39.38,5.41
2026-01-12 14:43:00+00:00,3.36,-3.32,-1.86,315.29,-21.50,5.08
2026-01-12 14:44:00+00:00,2.85,-3.15,-1.65,312.15,-21.27,4.56
2026-01-12 14:45:00+00:00,2.77,-3.46,-1.79,308.70,-22.00,4.78
2026-01-12 14:46:00+00:00,2.32,-3.64,-2.26,302.54,-27.62,4.87
2026-01-12 14:47:00+00:00,2.33,-3.99,-1.19,300.30,-14.44,4.77
2026-01-12 14:48:00+00:00,1.69,-3.89,-1.57,293.49,-20.26,4.52
2026-01-12 14:49:00+00:00,1.76,-4.35,-0.35,292.01,-4.25,4.70
2026-01-12 14:50:00+00:00,2.71,-3.47,-1.52,307.97,-19.09,4.66
2026-01-12 14:51:00+00:00,3.75,-2.39,-1.94,327.44,-23.51,4.85
2026-01-12 14:52:00+00:00,3.92,-2.79,-1.89,324.58,-21.45,5.17
2026-01-12 14:53:00+00:00,3.79,-2.39,-1.57,327.78,-19.34,4.75
2026-01-12 14:54:00+00:00,2.89,-3.91,-1.66,306.51,-18.81,5.14
2026-01-12 14:55:00+00:00,2.43,-3.10,-1.19,308.10,-16.75,4.11
2026-01-12 14:56:00+00:00,-0.36,-4.54,1.08,265.52,13.30,4.68
2026-01-12 14:57:00+00:00,-1.00,-2.68,0.84,249.41,16.47,2.98
2026-01-12 14:58:00+00:00,-2.81,-3.81,2.19,233.55,24.82,5.21
2026-01-12 14:59:00+00:00,-1.40,-4.60,0.34,253.10,4.02,4.82
2026-01-12 15:00:00+00:00,-1.70,-4.50,0.20,249.35,2.38,4.81
2026-01-12 15:01:00+00:00,-1.58,-3.45,-0.11,245.37,-1.68,3.79
2026-01-12 15:02:00+00:00,-1.47,-3.91,0.08,249.45,1.08,4.18
2026-01-12 15:03:00+00:00,-2.71,-3.96,1.51,235.57,17.48,5.03
2026-01-12 15:04:00+00:00,-3.11,-3.62,2.00,229.37,22.75,5.17
2026-01-12 15:05:00+00:00,-2.80,-4.05,1.89,235.30,21.01,5.28
2026-01-12 15:06:00+00:00,-2.59,-4.50,0.92,240.09,10.05,5.27
2026-01-12 15:07:00+00:00,-2.02,-4.23,0.97,244.50,11.72,4.78
2026-01-12 15:08:00+00:00,-2.64,-4.22,0.53,237.92,6.13,5.00
2026-01-12 15:09:00+00:00,-2.94,-4.58,0.78,237.31,8.14,5.50
2026-01-12 15:12:00+00:00,-0.69,-6.45,1.49,263.87,12.96,6.66
2026-01-12 15:13:00+00:00,-0.09,-7.08,1.07,269.29,8.61,7.16
2026-01-12 15:14:00+00:00,-0.91,-6.80,1.36,262.41,11.23,6.99
2026-01-12 15:16:00+00:00,-0.66,-7.34,0.25,264.87,1.97,7.38
2026-01-12 15:17:00+00:00,-0.73,-6.98,2.41,264.05,18.97,7.42
2026-01-12 15:18:00+00:00,-1.17,-6.93,2.24,260.40,17.65,7.38
2026-01-12 15:19:00+00:00,-0.93,-6.59,2.90,261.97,23.55,7.26
2026-01-12 15:20:00+00:00,-0.49,-6.21,3.54,265.52,29.59,7.16
2026-01-12 15:21:00+00:00,-1.21,-6.50,3.16,259.48,25.55,7.32
2026-01-12 15:22:00+00:00,0.10,-6.88,0.45,270.81,3.71,6.89
2026-01-12 15:24:00+00:00,0.54,-6.54,-2.02,274.70,-17.14,6.86
2026-01-12 15:25:00+00:00,0.39,-6.95,-0.74,273.25,-6.03,7.00
2026-01-12 15:26:00+00:00,0.70,-6.57,-1.59,276.09,-13.53,6.79
2026-01-12 15:28:00+00:00,1.47,-5.42,-4.12,285.20,-36.28,6.97
2026-01-12 15:29:00+00:00,1.88,-4.72,-4.87,291.70,-43.79,7.04
2026-01-12 15:30:00+00:00,2.34,-1.73,-5.55,323.57,-62.37,6.27
2026-01-12 15:32:00+00:00,0.70,-6.61,-0.59,276.07,-5.06,6.67
2026-01-12 15:33:00+00:00,1.25,-6.41,0.80,281.04,7.00,6.58
2026-01-12 15:34:00+00:00,0.84,-6.47,0.72,277.39,6.26,6.56
2026-01-12 15:35:00+00:00,0.34,-6.77,0.39,272.87,3.27,6.79
2026-01-12 15:36:00+00:00,-0.35,-6.14,-1.68,266.73,-15.28,6.37
2026-01-12 15:37:00+00:00,-1.52,-6.38,2.49,256.62,20.78,7.01
2026-01-12 15:38:00+00:00,-0.53,-6.25,3.11,265.13,26.36,7.00
2026-01-12 15:40:00+00:00,1.52,-6.36,1.75,283.45,15.01,6.78
2026-01-12 15:41:00+00:00,2.18,-6.22,0.98,289.35,8.50,6.66
2026-01-12 15:42:00+00:00,3.20,-5.47,-0.25,300.30,-2.28,6.34
2026-01-12 15:44:00+00:00,2.64,-5.53,1.25,295.57,11.52,6.25
2026-01-12 15:45:00+00:00,3.39,-4.80,0.85,305.18,8.20,5.94
2026-01-12 15:46:00+00:00,3.18,-3.89,-2.03,309.29,-22.02,5.42
2026-01-12 15:48:00+00:00,3.97,0.08,-4.95,1.21,-51.23,6.34
2026-01-12 15:49:00+00:00,3.21,0.86,-5.49,14.93,-58.86,6.42
2026-01-12 15:50:00+00:00,3.64,1.14,-5.24,17.39,-53.92,6.48
2026-01-12 15:52:00+00:00,2.86,0.83,-5.68,16.17,-62.37,6.42
2026-01-12 15:53:00+00:00,2.03,1.52,-5.92,36.76,-66.83,6.44
2026-01-12 15:54:00+00:00,1.32,2.38,-5.96,60.97,-65.44,6.55
2026-01-12 15:55:00+00:00,2.37,1.14,-5.75,25.76,-65.42,6.32
2026-01-12 15:56:00+00:00,3.12,-1.68,-5.31,331.73,-56.26,6.38
2026-01-12 15:57:00+00:00,3.32,-2.61,-4.70,321.86,-48.02,6.32
2026-01-12 16:00:00+00:00,3.15,-1.73,-4.82,331.19,-53.26,6.02
2026-01-12 16:01:00+00:00,1.92,-4.77,-2.32,291.88,-24.31,5.64
2026-01-12 16:03:00+00:00,1.57,-6.49,-1.61,283.56,-13.58,6.87
2026-01-12 16:04:00+00:00,1.77,-6.36,-1.73,285.54,-14.66,6.82
2026-01-12 16:05:00+00:00,2.86,-5.20,-3.45,298.77,-30.17,6.86
2026-01-12 16:06:00+00:00,3.11,-6.42,-3.91,295.88,-28.73,8.13
2026-01-12 16:07:00+00:00,3.63,-3.76,-4.12,313.98,-38.23,6.66
2026-01-12 16:08:00+00:00,2.53,-0.06,-5.87,358.71,-66.69,6.39
2026-01-12 16:09:00+00:00,2.89,-2.02,-5.36,325.00,-56.63,6.42
2026-01-12 16:11:00+00:00,2.53,-3.14,-5.44,308.85,-53.43,6.77
2026-01-12 16:12:00+00:00,2.80,-2.45,-5.53,318.83,-56.08,6.66
2026-01-12 16:13:00+00:00,3.48,-1.82,-5.12,332.32,-52.52,6.46
2026-01-12 16:14:00+00:00,2.57,-2.74,-5.35,313.18,-54.89,6.54
2026-01-12 16:15:00+00:00,3.15,-2.71,-4.83,319.25,-49.27,6.37
2026-01-12 16:16:00+00:00,2.74,-3.09,-5.00,311.59,-50.39,6.49
2026-01-12 16:17:00+00:00,2.47,-3.45,-4.70,305.68,-47.96,6.33
2026-01-12 16:18:00+00:00,2.22,-2.77,-5.22,308.69,-55.76,6.32
2026-01-12 16:19:00+00:00,2.34,-2.39,-5.33,314.40,-57.91,6.30
2026-01-12 16:20:00+00:00,2.40,-2.98,-5.11,308.86,-53.15,6.38
2026-01-12 16:21:00+00:00,2.62,-2.94,-4.84,311.69,-50.86,6.24
2026-01-12 16:23:00+00:00,2.71,-2.62,-4.70,315.99,-51.26,6.03
2026-01-12 16:24:00+00:00,2.52,-2.97,-4.69,310.35,-50.27,6.10
2026-01-12 16:25:00+00:00,2.51,-2.89,-4.77,311.00,-51.22,6.12
2026-01-12 16:27:00+00:00,2.66,-2.92,-4.78,312.33,-50.43,6.20
2026-01-12 16:28:00+00:00,2.67,-1.37,-5.05,332.86,-59.26,5.87
2026-01-12 16:29:00+00:00,2.66,-0.22,-5.25,355.34,-63.10,5.89
2026-01-12 16:31:00+00:00,2.95,-1.65,-5.40,330.80,-57.95,6.37
2026-01-12 16:32:00+00:00,3.24,-1.10,-5.29,341.29,-57.07,6.30
2026-01-12 16:33:00+00:00,3.32,-1.55,-5.10,334.93,-54.28,6.28
2026-01-12 16:35:00+00:00,2.77,-2.65,-4.79,316.29,-51.31,6.13
2026-01-12 16:36:00+00:00,3.16,-2.19,-4.34,325.26,-48.44,5.80
2026-01-12 16:37:00+00:00,3.40,-3.29,-3.17,315.92,-33.82,5.69
2026-01-12 16:39:00+00:00,1.05,-5.36,1.21,281.04,12.48,5.59
2026-01-12 16:40:00+00:00,-0.63,-5.70,-0.08,263.68,-0.80,5.74
2026-01-12 16:41:00+00:00,1.12,-5.87,1.40,280.85,13.17,6.13
2026-01-12 16:43:00+00:00,-0.69,-5.35,0.85,262.67,8.91,5.46
2026-01-12 16:44:00+00:00,-1.72,-3.78,5.11,245.51,50.85,6.59
2026-01-12 16:45:00+00:00,-1.99,-3.73,5.50,241.88,52.41,6.94
2026-01-12 16:46:00+00:00,-2.23,-4.24,6.36,242.28,53.03,7.97
2026-01-12 16:47:00+00:00,-0.28,-6.59,1.18,267.60,10.13,6.70
2026-01-12 16:48:00+00:00,-0.39,-4.76,5.38,265.31,48.42,7.20
2026-01-12 16:49:00+00:00,-0.46,-5.12,5.25,264.84,45.58,7.35
2026-01-12 16:51:00+00:00,-0.42,-6.21,4.01,266.09,32.82,7.41
2026-01-12 16:52:00+00:00,0.39,-6.74,3.08,273.32,24.51,7.42
2026-01-12 16:53:00+00:00,0.03,-6.75,3.19,270.28,25.30,7.47
2026-01-12 16:55:00+00:00,1.37,-7.06,1.21,280.97,9.54,7.29
2026-01-12 16:56:00+00:00,0.84,-6.98,2.16,276.87,17.10,7.35
2026-01-12 16:57:00+00:00,-0.18,-7.20,0.34,268.59,2.72,7.21
2026-01-12 16:58:00+00:00,0.31,-8.06,-0.45,272.18,-3.18,8.08
2026-01-12 16:59:00+00:00,-0.01,-6.95,-1.27,269.91,-10.35,7.07
2026-01-12 17:00:00+00:00,0.18,-6.62,-2.30,271.56,-19.15,7.01
2026-01-12 17:01:00+00:00,-0.74,-6.76,-2.22,263.78,-18.05,7.15
2026-01-12 17:03:00+00:00,-0.35,-5.01,-4.86,266.00,-44.03,6.99
2026-01-12 17:04:00+00:00,-0.76,-3.94,-5.51,259.09,-53.91,6.81
2026-01-12 17:05:00+00:00,0.75,-4.51,-3.73,279.45,-39.21,5.90
2026-01-12 17:07:00+00:00,2.95,-3.95,-3.73,306.71,-37.10,6.18
2026-01-12 17:08:00+00:00,2.37,-4.34,-3.90,298.68,-38.26,6.30
2026-01-12 17:09:00+00:00,2.01,-0.86,-5.29,336.77,-67.52,5.72
2026-01-12 17:11:00+00:00,2.32,-2.67,-4.58,311.01,-52.33,5.78
2026-01-12 17:12:00+00:00,2.18,-3.18,-4.48,304.43,-49.28,5.91
2026-01-12 17:13:00+00:00,2.78,-2.41,-4.41,318.99,-50.17,5.74
2026-01-12 17:14:00+00:00,1.87,-4.71,-5.15,291.60,-45.44,7.23
2026-01-12 17:15:00+00:00,2.15,-3.98,-3.89,298.34,-40.73,5.97
2026-01-12 17:16:00+00:00,2.12,-4.50,-3.57,295.21,-35.68,6.12
2026-01-12 17:17:00+00:00,2.66,-3.81,-3.67,304.97,-38.31,5.92
2026-01-12 17:18:00+00:00,2.43,-5.66,-2.74,293.26,-24.01,6.74
2026-01-12 17:19:00+00:00,2.30,-3.30,-4.51,304.82,-48.23,6.04
2026-01-12 17:20:00+00:00,2.02,-3.84,-4.18,297.71,-43.96,6.02
2026-01-12 17:21:00+00:00,0.97,-5.06,-3.20,280.90,-31.88,6.07
2026-01-12 17:22:00+00:00,1.37,-4.74,-3.69,286.18,-36.76,6.16
2026-01-12 17:23:00+00:00,2.64,-2.99,-4.93,311.43,-51.04,6.34
2026-01-12 17:24:00+00:00,2.92,-2.43,-5.17,320.27,-53.65,6.42
2026-01-12 17:25:00+00:00,3.04,-2.31,-5.51,322.84,-55.26,6.70
2026-01-12 17:27:00+00:00,2.71,-1.19,-5.66,336.36,-62.44,6.39
2026-01-12 17:28:00+00:00,3.02,0.19,-5.66,3.52,-61.90,6.42
2026-01-12 17:29:00+00:00,3.28,0.04,-5.50,0.62,-59.15,6.40
2026-01-12 17:31:00+00:00,4.38,-3.39,-1.77,322.23,-17.68,5.81
2026-01-12 17:32:00+00:00,3.39,-2.56,-3.92,323.01,-42.72,5.79
2026-01-12 17:33:00+00:00,3.45,-1.57,-4.62,335.60,-50.62,5.98
2026-01-12 17:35:00+00:00,3.53,-2.42,-3.42,325.57,-38.64,5.47
2026-01-12 17:36:00+00:00,3.04,-0.46,-5.47,351.39,-60.71,6.28
2026-01-12 17:37:00+00:00,3.45,-0.57,-5.17,350.54,-55.95,6.24
2026-01-12 17:39:00+00:00,1.96,-3.06,-5.42,302.67,-56.15,6.52
2026-01-12 17:40:00+00:00,1.20,-4.02,-4.60,286.65,-47.61,6.22
2026-01-12 17:41:00+00:00,0.37,-5.39,-3.76,273.88,-34.81,6.59
2026-01-12 17:43:00+00:00,2.71,-3.72,-4.41,306.02,-43.76,6.38
2026-01-12 17:44:00+00:00,2.55,-3.87,-4.44,303.39,-43.78,6.42
2026-01-12 17:45:00+00:00,3.60,-2.69,-4.41,323.27,-44.49,6.29
2026-01-12 17:47:00+00:00,3.41,-2.76,-4.57,321.01,-46.16,6.33
2026-01-12 17:48:00+00:00,3.13,-3.25,-4.47,313.87,-44.73,6.35
2026-01-12 17:49:00+00:00,3.66,-1.78,-5.06,334.06,-51.20,6.49
2026-01-12 17:50:00+00:00,2.94,-3.31,-5.78,311.62,-52.51,7.28
2026-01-12 17:51:00+00:00,2.09,-3.44,-4.53,301.24,-48.43,6.06
2026-01-12 17:52:00+00:00,2.26,-3.60,-4.96,302.07,-49.42,6.53
2026-01-12 17:53:00+00:00,2.42,-2.88,-5.36,309.95,-54.92,6.55
2026-01-12 17:55:00+00:00,3.34,-1.99,-4.98,329.16,-52.05,6.32
2026-01-12 17:56:00+00:00,4.07,-1.84,-4.18,335.61,-43.13,6.12
2026-01-12 17:57:00+00:00,3.19,-1.93,-4.94,328.85,-52.98,6.19
2026-01-12 17:58:00+00:00,1.55,-1.84,-5.30,310.16,-65.60,5.82
2026-01-12 17:59:00+00:00,2.51,-2.38,-5.39,316.57,-57.28,6.40
2026-01-12 18:00:00+00:00,2.91,-2.37,-5.13,320.78,-53.81,6.36
2026-01-12 18:01:00+00:00,3.01,-2.03,-5.13,325.97,-54.72,6.29
2026-01-12 18:03:00+00:00,2.20,-2.33,-5.35,313.37,-59.10,6.23
2026-01-12 18:04:00+00:00,3.36,-0.23,-5.13,356.16,-56.71,6.14
2026-01-12 18:05:00+00:00,3.74,0.96,-4.97,14.44,-52.20,6.30
2026-01-12 18:06:00+00:00,3.84,0.30,-5.46,4.50,-54.83,6.68
2026-01-12 18:07:00+00:00,2.87,-3.84,-2.96,306.85,-31.74,5.64
2026-01-12 18:08:00+00:00,2.45,-3.09,-4.51,308.38,-48.83,5.99
2026-01-12 18:09:00+00:00,2.93,-2.70,-4.72,317.28,-49.84,6.18
2026-01-12 18:10:00+00:00,3.23,-2.87,-4.22,318.41,-44.29,6.04
2026-01-12 18:11:00+00:00,3.11,1.74,-4.87,29.22,-53.85,6.04
2026-01-12 18:12:00+00:00,3.22,0.49,-4.93,8.70,-56.58,5.91
2026-01-12 18:13:00+00:00,2.08,-1.35,-5.37,326.95,-65.23,5.91
2026-01-12 18:14:00+00:00,1.97,-1.33,-4.59,326.09,-62.60,5.17
2026-01-12 18:15:00+00:00,-5.01,-3.95,-4.34,218.26,-34.24,7.72
2026-01-12 18:16:00+00:00,-4.40,-4.07,-3.92,222.80,-33.22,7.16
2026-01-12 18:17:00+00:00,-4.79,-4.26,-3.54,221.64,-28.93,7.32
2026-01-12 18:19:00+00:00,-3.59,-4.35,-3.85,230.43,-34.30,6.83
2026-01-12 18:20:00+00:00,-4.19,-4.67,-3.16,228.13,-26.73,7.03
2026-01-12 18:21:00+00:00,-4.41,-4.15,-2.55,223.26,-22.85,6.56
2026-01-12 18:22:00+00:00,-2.60,-4.51,-5.38,240.05,-45.97,7.48
2026-01-12 18:23:00+00:00,-1.94,-2.44,-4.81,231.61,-57.02,5.73
2026-01-12 18:24:00+00:00,-1.56,-2.98,-5.12,242.34,-56.66,6.13
2026-01-12 18:25:00+00:00,-1.35,-2.85,-5.28,244.64,-59.16,6.15
2026-01-12 18:27:00+00:00,-1.44,-0.28,-6.06,190.98,-76.42,6.24
2026-01-12 18:28:00+00:00,-2.24,-1.83,-5.28,219.19,-61.27,6.02
2026-01-12 18:29:00+00:00,-1.40,-1.85,-5.38,232.90,-66.69,5.86
2026-01-12 18:30:00+00:00,-2.16,-1.76,-4.36,219.14,-57.38,5.18
2026-01-12 18:31:00+00:00,-3.50,0.63,-5.48,169.82,-57.06,6.53
2026-01-12 18:32:00+00:00,-1.90,-1.50,-5.32,218.33,-65.56,5.84
2026-01-12 18:33:00+00:00,-1.32,-1.92,-5.46,235.48,-66.93,5.93
2026-01-12 18:34:00+00:00,-1.50,-1.01,-5.85,213.97,-72.84,6.12
2026-01-12 18:35:00+00:00,-2.84,-1.05,-5.10,200.19,-59.30,5.94
2026-01-12 18:36:00+00:00,-3.41,-0.72,-4.98,191.96,-54.97,6.08
2026-01-12 18:37:00+00:00,-3.52,-1.35,-5.00,201.06,-53.03,6.26
2026-01-12 18:38:00+00:00,-2.11,-2.72,-6.25,232.26,-61.19,7.14
2026-01-12 18:39:00+00:00,-2.74,-1.61,-5.47,210.52,-59.86,6.33
2026-01-12 18:40:00+00:00,-2.89,-1.78,-5.55,211.61,-58.58,6.50
2026-01-12 18:41:00+00:00,-2.97,-1.72,-5.50,210.10,-58.08,6.49
2026-01-12 18:42:00+00:00,-2.61,-3.20,-5.10,230.79,-50.99,6.56
2026-01-12 18:43:00+00:00,-1.65,-1.73,-5.88,226.38,-67.89,6.34
2026-01-12 18:44:00+00:00,-0.91,-2.03,-5.94,245.77,-69.50,6.34
2026-01-12 18:45:00+00:00,-1.78,-2.11,-5.77,229.86,-64.46,6.40
2026-01-12 18:46:00+00:00,-2.89,-2.09,-4.43,215.92,-51.18,5.69
2026-01-12 18:47:00+00:00,1.43,-2.92,-4.98,296.14,-56.87,5.95
2026-01-12 18:48:00+00:00,2.15,-3.07,-3.89,305.01,-46.05,5.40
2026-01-12 18:49:00+00:00,1.19,-2.76,-3.78,293.23,-51.51,4.83
2026-01-12 18:50:00+00:00,-2.51,-1.12,-5.19,204.02,-62.14,5.87
2026-01-12 18:51:00+00:00,1.00,-3.01,-3.96,288.43,-51.26,5.08
2026-01-12 18:52:00+00:00,0.34,-3.31,-4.33,275.92,-52.45,5.47
2026-01-12 18:53:00+00:00,0.81,-4.06,-2.40,281.29,-30.04,4.79
2026-01-12 18:54:00+00:00,0.22,-4.59,-3.02,272.80,-33.34,5.50
2026-01-12 18:55:00+00:00,-1.93,-3.67,-3.33,242.23,-38.74,5.32
2026-01-12 18:56:00+00:00,-1.78,-3.70,-2.81,244.28,-34.36,4.97
2026-01-12 18:57:00+00:00,-4.26,-2.91,-2.12,214.39,-22.37,5.58
2026-01-12 18:58:00+00:00,-4.12,-3.93,-2.62,223.64,-24.73,6.26
2026-01-12 18:59:00+00:00,-2.44,-3.25,-3.07,233.11,-37.04,5.09
2026-01-12 19:00:00+00:00,-0.72,-3.32,-3.26,257.77,-43.80,4.70
2026-01-12 19:01:00+00:00,0.33,-2.84,-3.64,276.54,-51.83,4.62
2026-01-12 19:03:00+00:00,3.73,-0.05,-1.09,359.16,-16.31,3.89
2026-01-12 19:04:00+00:00,3.66,-1.00,-0.50,344.67,-7.44,3.83
2026-01-12 19:05:00+00:00,1.70,-3.59,-2.25,295.29,-29.51,4.57
2026-01-12 19:06:00+00:00,1.69,-4.35,-0.92,291.23,-11.18,4.76
2026-01-12 19:07:00+00:00,0.95,-4.28,-1.40,282.48,-17.71,4.60
2026-01-12 19:08:00+00:00,1.07,-4.22,-1.34,284.20,-17.15,4.56
2026-01-12 19:09:00+00:00,1.71,-3.66,-1.48,295.01,-20.14,4.30
2026-01-12 19:10:00+00:00,1.50,-3.45,-1.55,293.57,-22.43,4.07
2026-01-12 19:11:00+00:00,0.65,-5.76,-1.94,276.46,-18.48,6.11
2026-01-12 19:12:00+00:00,0.33,-5.08,-3.10,273.66,-31.33,5.96
2026-01-12 19:13:00+00:00,0.89,-4.72,-3.37,280.64,-35.05,5.86
2026-01-12 19:14:00+00:00,1.99,-4.77,-4.51,292.67,-41.07,6.86
2026-01-12 19:15:00+00:00,2.90,-1.77,-4.17,328.63,-50.81,5.38
2026-01-12 19:16:00+00:00,2.85,-2.26,-4.51,321.55,-51.07,5.80
2026-01-12 19:17:00+00:00,1.66,-3.66,-4.09,294.46,-45.53,5.73
2026-01-12 19:18:00+00:00,2.66,-5.89,-1.13,294.28,-9.91,6.56
2026-01-12 19:19:00+00:00,2.40,-3.09,-4.80,307.77,-50.83,6.19
2026-01-12 19:20:00+00:00,3.67,-3.28,-3.75,318.20,-37.25,6.19
2026-01-12 19:21:00+00:00,3.49,-3.68,-3.90,313.52,-37.51,6.40
2026-01-12 19:22:00+00:00,3.31,-2.98,-3.10,318.01,-34.82,5.43
2026-01-12 19:23:00+00:00,-3.58,-5.54,-1.14,237.09,-9.80,6.70
2026-01-12 19:24:00+00:00,0.10,-5.19,-2.58,271.09,-26.42,5.80
2026-01-12 19:25:00+00:00,1.13,-4.20,-3.84,285.08,-41.40,5.80
2026-01-12 19:26:00+00:00,1.15,-3.72,-4.35,287.11,-48.16,5.84
2026-01-12 19:27:00+00:00,3.64,-3.03,-3.63,320.26,-37.49,5.97
2026-01-12 19:28:00+00:00,4.36,-2.06,-3.29,334.69,-34.33,5.83
2026-01-12 19:29:00+00:00,5.33,-0.28,-1.69,357.05,-17.55,5.60
2026-01-12 19:30:00+00:00,5.21,-2.57,-3.32,333.74,-29.74,6.69
2026-01-12 19:31:00+00:00,4.70,-1.38,-2.80,343.69,-29.76,5.65
2026-01-12 19:32:00+00:00,3.66,-2.55,-3.91,325.13,-41.23,5.93
2026-01-12 19:33:00+00:00,2.90,-3.55,-3.64,309.23,-38.43,5.85
2026-01-12 19:34:00+00:00,2.41,-4.05,-4.14,300.79,-41.27,6.27
2026-01-12 19:35:00+00:00,3.52,0.63,-4.99,10.16,-54.38,6.13
2026-01-12 19:36:00+00:00,3.08,-0.14,-5.51,357.41,-60.78,6.32
2026-01-12 19:37:00+00:00,1.10,-2.86,-5.09,291.03,-58.95,5.94
2026-01-12 19:38:00+00:00,2.80,-0.34,-5.25,353.17,-61.78,5.96
2026-01-12 19:39:00+00:00,3.75,-1.99,-5.95,332.10,-54.49,7.31
2026-01-12 19:40:00+00:00,3.82,-3.15,-4.65,320.47,-43.23,6.79
2026-01-12 19:41:00+00:00,2.80,-3.02,-5.22,312.89,-51.76,6.65
2026-01-12 19:42:00+00:00,3.15,-2.22,-5.57,324.77,-55.31,6.77
2026-01-12 19:43:00+00:00,3.77,-4.46,-4.52,310.21,-37.74,7.39
2026-01-12 19:44:00+00:00,3.52,-4.57,-3.94,307.65,-34.32,6.99
2026-01-12 19:45:00+00:00,2.96,-4.91,-3.83,301.13,-33.77,6.90
2026-01-12 19:46:00+00:00,2.10,-5.46,-5.18,291.05,-41.53,7.82
2026-01-12 19:47:00+00:00,3.78,-4.31,-3.51,311.25,-31.48,6.73
2026-01-12 19:48:00+00:00,2.87,-4.66,-4.08,301.61,-36.69,6.83
2026-01-12 19:49:00+00:00,2.82,-3.83,-4.81,306.39,-45.32,6.76
2026-01-12 19:50:00+00:00,2.72,-4.58,-5.10,300.75,-43.74,7.37
2026-01-12 19:51:00+00:00,3.35,-1.12,-5.63,341.59,-57.90,6.65
2026-01-12 19:52:00+00:00,3.90,-0.32,-5.34,355.30,-53.81,6.62
2026-01-12 19:53:00+00:00,3.91,-1.32,-5.04,341.32,-50.64,6.51
2026-01-12 19:54:00+00:00,3.60,-3.60,-3.58,315.06,-35.13,6.23
2026-01-12 19:55:00+00:00,2.39,-4.38,-4.99,298.66,-45.02,7.06
2026-01-12 19:56:00+00:00,3.65,-2.16,-4.90,329.40,-49.14,6.48
2026-01-12 19:57:00+00:00,3.76,-1.59,-5.29,337.13,-52.34,6.69
2026-01-12 19:58:00+00:00,4.10,-0.88,-4.85,347.88,-49.18,6.41
2026-01-12 19:59:00+00:00,5.56,-2.01,-3.40,340.12,-29.90,6.82
2026-01-12 20:00:00+00:00,5.63,-1.67,-2.95,343.46,-26.69,6.58
2026-01-12 20:01:00+00:00,5.29,-1.83,-3.36,340.94,-30.93,6.53
2026-01-12 20:02:00+00:00,4.66,-1.70,-5.03,339.94,-45.40,7.06
2026-01-12 20:04:00+00:00,4.80,-1.76,-3.90,339.92,-37.36,6.43
2026-01-12 20:05:00+00:00,4.65,-1.48,-4.17,342.35,-40.47,6.42
2026-01-12 20:06:00+00:00,4.80,-2.17,-4.45,335.64,-40.17,6.90
2026-01-12 20:07:00+00:00,4.47,-0.74,-4.56,350.63,-45.20,6.43
2026-01-12 20:08:00+00:00,4.29,-1.28,-4.90,343.35,-47.55,6.64
2026-01-12 20:09:00+00:00,4.82,-1.39,-4.19,343.88,-39.91,6.54
2026-01-12 20:10:00+00:00,4.02,-2.98,-4.03,323.45,-38.84,6.42
2026-01-12 20:11:00+00:00,3.79,-2.01,-5.31,332.01,-51.09,6.83
2026-01-12 20:12:00+00:00,5.17,-1.28,-4.03,346.11,-37.11,6.68
2026-01-12 20:13:00+00:00,5.42,-0.44,-3.39,355.33,-31.97,6.40
2026-01-12 20:14:00+00:00,5.25,1.50,-2.93,16.00,-28.18,6.19
2026-01-12 20:15:00+00:00,5.52,-0.84,-3.12,351.39,-29.19,6.39
2026-01-12 20:16:00+00:00,5.34,-1.25,-3.35,346.78,-31.42,6.43
2026-01-12 20:22:00+00:00,1.98,-6.51,-4.23,286.92,-31.83,8.01
2026-01-12 20:24:00+00:00,4.38,1.39,-4.78,17.65,-46.10,6.63
2026-01-12 20:26:00+00:00,4.62,-0.20,-5.00,357.51,-47.26,6.81
2026-01-12 20:27:00+00:00,3.75,1.84,-5.79,26.17,-54.17,7.14
2026-01-12 20:28:00+00:00,4.47,0.33,-4.93,4.16,-47.70,6.66
2026-01-12 20:29:00+00:00,4.88,1.42,-4.44,16.27,-41.12,6.75
2026-01-12 20:30:00+00:00,4.93,2.42,-3.75,26.17,-34.37,6.65
2026-01-12 20:31:00+00:00,5.05,1.97,-4.39,21.29,-38.99,6.97
2026-01-12 20:33:00+00:00,4.33,2.64,-4.56,31.35,-42.00,6.82
2026-01-12 20:34:00+00:00,4.48,2.59,-5.14,30.07,-44.81,7.29
2026-01-12 20:35:00+00:00,4.84,3.14,-3.38,32.98,-30.30,6.69
2026-01-12 20:36:00+00:00,3.99,4.63,-2.75,49.25,-24.22,6.70
2026-01-12 20:37:00+00:00,3.18,4.39,-3.78,54.10,-34.89,6.61
2026-01-12 20:38:00+00:00,3.65,3.82,-3.99,46.24,-37.05,6.62
2026-01-12 20:39:00+00:00,4.52,3.40,-3.03,36.95,-28.19,6.42
2026-01-12 20:40:00+00:00,4.83,3.21,-2.87,33.65,-26.30,6.47
2026-01-12 20:41:00+00:00,4.76,2.96,-3.42,31.87,-31.43,6.57
2026-01-12 20:42:00+00:00,5.08,2.21,-2.74,23.51,-26.28,6.18
2026-01-12 20:43:00+00:00,3.76,2.80,-5.05,36.60,-47.10,6.89
2026-01-12 20:44:00+00:00,3.78,1.59,-5.20,22.84,-51.72,6.63
2026-01-12 20:45:00+00:00,4.14,1.82,-4.82,23.72,-46.84,6.61
2026-01-12 20:46:00+00:00,4.00,2.05,-4.25,27.14,-43.34,6.19
2026-01-12 20:47:00+00:00,4.34,2.19,-4.90,26.78,-45.28,6.90
2026-01-12 20:48:00+00:00,4.25,1.53,-4.82,19.87,-46.89,6.61
2026-01-12 20:49:00+00:00,4.00,0.76,-5.33,10.82,-52.61,6.71
2026-01-12 20:50:00+00:00,4.08,1.07,-5.23,14.63,-51.11,6.72
2026-01-12 20:51:00+00:00,3.92,0.37,-5.47,5.44,-54.25,6.74
2026-01-12 20:52:00+00:00,4.17,0.60,-5.26,8.15,-51.32,6.74
2026-01-12 20:53:00+00:00,4.09,0.63,-5.41,8.80,-52.62,6.81
2026-01-12 20:54:00+00:00,4.09,0.68,-5.56,9.43,-53.29,6.94
2026-01-12 20:55:00+00:00,2.87,-1.34,-5.71,335.07,-60.98,6.53
2026-01-12 20:56:00+00:00,3.02,-1.26,-6.23,337.26,-62.31,7.04
2026-01-12 20:57:00+00:00,2.53,-1.22,-6.59,334.27,-66.90,7.16
2026-01-12 20:58:00+00:00,2.50,-1.28,-6.74,332.88,-67.34,7.30
2026-01-12 21:00:00+00:00,3.23,-0.30,-6.14,354.70,-62.13,6.95
2026-01-12 21:01:00+00:00,3.11,-0.50,-6.26,350.80,-63.26,7.01
2026-01-12 21:02:00+00:00,3.30,-1.20,-5.92,340.07,-59.38,6.88
2026-01-12 21:04:00+00:00,3.06,-0.07,-6.06,358.68,-63.19,6.79
2026-01-12 21:05:00+00:00,2.51,0.22,-6.50,5.08,-68.79,6.98
2026-01-12 21:06:00+00:00,2.32,1.32,-6.71,29.59,-68.35,7.22
2026-01-12 21:08:00+00:00,3.27,-0.40,-6.07,353.09,-61.50,6.91
2026-01-12 21:09:00+00:00,3.37,-0.53,-5.91,351.12,-60.01,6.83
2026-01-12 21:10:00+00:00,4.15,0.03,-6.34,0.47,-56.81,7.58
2026-01-12 21:12:00+00:00,4.00,-0.42,-5.28,354.03,-52.75,6.64
2026-01-12 21:13:00+00:00,3.35,-0.09,-5.92,358.39,-60.50,6.80
2026-01-12 21:14:00+00:00,3.58,-1.97,-5.91,331.24,-55.38,7.19
2026-01-12 21:16:00+00:00,3.36,0.00,-5.97,0.03,-60.67,6.85
2026-01-12 21:17:00+00:00,3.80,0.24,-5.57,3.62,-55.63,6.74
2026-01-12 21:18:00+00:00,3.98,-0.06,-4.55,359.14,-48.83,6.05
2026-01-12 21:19:00+00:00,2.98,2.87,-5.78,43.92,-54.45,7.11
2026-01-12 21:20:00+00:00,2.92,2.77,-5.33,43.55,-52.92,6.68
2026-01-12 21:21:00+00:00,3.19,2.39,-5.29,36.80,-53.02,6.62
2026-01-12 21:22:00+00:00,3.48,2.91,-5.18,39.93,-48.79,6.89
2026-01-12 21:23:00+00:00,3.28,1.34,-5.84,22.17,-58.75,6.83
2026-01-12 21:24:00+00:00,3.70,2.23,-4.98,31.02,-49.07,6.59
2026-01-12 21:25:00+00:00,3.98,1.75,-5.01,23.70,-49.04,6.63
2026-01-12 21:26:00+00:00,4.02,1.34,-6.42,18.42,-56.59,7.69
2026-01-12 21:27:00+00:00,4.18,1.18,-4.77,15.82,-47.66,6.45
2026-01-12 21:28:00+00:00,4.04,1.16,-5.23,16.05,-51.24,6.71
2026-01-12 21:29:00+00:00,3.72,1.53,-5.40,22.35,-53.32,6.73
2026-01-12 21:30:00+00:00,3.98,0.34,-5.65,4.95,-54.72,6.92
2026-01-12 21:31:00+00:00,3.84,2.18,-4.91,29.63,-48.01,6.61
2026-01-12 21:32:00+00:00,4.12,1.22,-5.43,16.45,-51.64,6.92
2026-01-12 21:33:00+00:00,4.35,1.57,-5.00,19.79,-47.24,6.81
2026-01-12 21:34:00+00:00,4.52,1.95,-3.89,23.35,-38.32,6.27
2026-01-12 21:35:00+00:00,4.08,1.67,-5.64,22.28,-51.96,7.16
2026-01-12 21:36:00+00:00,4.42,1.09,-5.17,13.86,-48.66,6.89
2026-01-12 21:37:00+00:00,4.82,0.61,-4.81,7.21,-44.72,6.84
2026-01-12 21:38:00+00:00,4.94,1.90,-4.04,21.02,-37.38,6.66
2026-01-12 21:39:00+00:00,5.10,0.63,-5.00,7.02,-44.25,7.17
2026-01-12 21:40:00+00:00,5.21,0.58,-4.43,6.37,-40.19,6.86
2026-01-12 21:41:00+00:00,5.25,-0.05,-4.31,359.43,-39.38,6.79
2026-01-12 21:42:00+00:00,4.84,-0.38,-5.31,355.52,-47.54,7.19
2026-01-12 21:43:00+00:00,5.56,-1.82,-3.55,341.93,-31.27,6.85
2026-01-12 21:44:00+00:00,5.38,-2.06,-3.55,339.06,-31.65,6.77
2026-01-12 21:45:00+00:00,5.58,-2.64,-3.21,334.67,-27.44,6.96
2026-01-12 21:46:00+00:00,5.49,-2.77,-3.32,333.24,-28.37,6.99
2026-01-12 21:47:00+00:00,5.64,0.32,-3.03,3.24,-28.23,6.41
2026-01-12 21:48:00+00:00,5.04,-0.58,-3.84,353.39,-37.14,6.36
2026-01-12 21:49:00+00:00,5.40,-0.15,-2.59,358.36,-25.61,5.99
2026-01-12 21:50:00+00:00,5.18,1.05,-2.92,11.43,-28.94,6.04
2026-01-12 21:51:00+00:00,5.31,1.59,-3.30,16.72,-30.76,6.45
2026-01-12 21:52:00+00:00,5.52,0.92,-3.20,9.45,-29.75,6.45
2026-01-12 21:53:00+00:00,5.78,1.74,-2.28,16.78,-20.71,6.45
2026-01-12 21:54:00+00:00,5.11,4.09,0.57,38.65,5.00,6.57
2026-01-12 21:55:00+00:00,4.90,2.46,-2.64,26.61,-25.71,6.08
2026-01-12 21:56:00+00:00,4.51,1.28,-4.08,15.83,-41.06,6.21
2026-01-12 21:57:00+00:00,3.87,0.67,-4.60,9.87,-49.54,6.05
2026-01-12 21:59:00+00:00,6.19,0.96,-0.07,8.82,-0.63,6.27
2026-01-12 22:00:00+00:00,5.79,0.72,1.44,7.06,13.88,6.00
2026-01-12 22:01:00+00:00,5.32,1.83,2.12,18.96,20.66,6.01
2026-01-12 22:04:00+00:00,3.81,-1.41,-4.52,339.71,-48.11,6.08
2026-01-12 22:05:00+00:00,4.12,-1.80,-4.12,336.39,-42.50,6.09
2026-01-12 22:08:00+00:00,5.68,-1.68,-0.85,343.50,-8.17,5.98
2026-01-12 22:09:00+00:00,3.94,-4.30,-2.90,312.45,-26.47,6.52
2026-01-12 22:12:00+00:00,4.47,0.90,-3.43,11.41,-36.96,5.70
2026-01-12 22:13:00+00:00,3.89,3.07,-3.63,38.32,-36.19,6.14
2026-01-12 22:16:00+00:00,3.81,0.08,-4.79,1.18,-51.53,6.12
2026-01-12 22:17:00+00:00,4.25,1.52,-3.76,19.73,-39.77,5.87
2026-01-12 22:18:00+00:00,4.36,0.70,-4.43,9.15,-45.10,6.25
2026-01-12 22:20:00+00:00,4.61,2.20,-2.89,25.53,-29.52,5.87
2026-01-12 22:21:00+00:00,4.25,2.67,-3.29,32.20,-33.28,6.00
2026-01-12 22:22:00+00:00,4.39,0.10,-4.04,1.37,-42.60,5.97
2026-01-12 22:24:00+00:00,2.46,-4.75,-3.40,297.34,-32.40,6.34
2026-01-12 22:25:00+00:00,1.68,-5.85,-2.94,286.08,-25.79,6.76
2026-01-12 22:26:00+00:00,1.81,-5.87,-1.71,287.14,-15.53,6.38
2026-01-12 22:28:00+00:00,2.36,-4.83,-3.82,295.98,-35.40,6.60
2026-01-12 22:29:00+00:00,1.63,-5.03,-4.17,287.98,-38.28,6.74
2026-01-12 22:30:00+00:00,0.94,-4.39,-4.21,282.09,-43.15,6.16
2026-01-12 22:31:00+00:00,3.09,-3.79,-5.07,309.22,-46.01,7.05
2026-01-12 22:32:00+00:00,3.56,-2.67,-4.74,323.13,-46.85,6.50
2026-01-12 22:33:00+00:00,3.45,-2.39,-4.84,325.30,-49.04,6.41
2026-01-12 22:34:00+00:00,2.57,-2.61,-6.57,314.59,-60.89,7.52
2026-01-12 22:36:00+00:00,3.55,-1.71,-5.12,334.26,-52.39,6.46
2026-01-12 22:37:00+00:00,4.01,-2.55,-4.16,327.56,-41.19,6.32
2026-01-12 22:39:00+00:00,4.22,3.10,-3.54,36.32,-34.06,6.33
2026-01-12 22:40:00+00:00,4.30,2.36,-3.93,28.77,-38.66,6.29
2026-01-12 22:41:00+00:00,3.92,0.35,-4.85,5.08,-50.92,6.24
2026-01-12 22:42:00+00:00,4.57,0.48,-3.47,6.01,-37.08,5.76
2026-01-12 22:44:00+00:00,4.57,1.05,-4.28,12.91,-42.35,6.35
2026-01-12 22:45:00+00:00,4.81,0.88,-4.07,10.38,-39.77,6.36
2026-01-12 22:47:00+00:00,4.53,-1.34,-4.72,343.52,-44.96,6.68
2026-01-12 22:48:00+00:00,4.30,-1.45,-4.59,341.40,-45.36,6.45
2026-01-12 22:49:00+00:00,3.99,-1.58,-3.83,338.40,-41.77,5.75
2026-01-12 22:50:00+00:00,4.65,0.75,-4.94,9.14,-46.38,6.82
2026-01-12 22:52:00+00:00,5.97,-0.34,-1.63,356.75,-15.20,6.20
2026-01-12 22:53:00+00:00,5.74,-0.07,-2.45,359.29,-23.16,6.24
2026-01-12 22:55:00+00:00,4.68,0.97,-3.81,11.70,-38.59,6.11
2026-01-12 22:56:00+00:00,4.46,0.37,-4.63,4.78,-46.00,6.44
2026-01-12 22:57:00+00:00,4.80,0.41,-4.07,4.92,-40.20,6.30
2026-01-12 23:00:00+00:00,5.58,1.52,-2.23,15.22,-21.07,6.19
2026-01-12 23:01:00+00:00,5.70,1.34,-2.20,13.20,-20.58,6.25
2026-01-12 23:02:00+00:00,5.60,2.19,-1.95,21.31,-17.95,6.32
2026-01-12 23:04:00+00:00,5.89,1.32,-0.28,12.66,-2.65,6.04
2026-01-12 23:05:00+00:00,6.00,0.90,-0.48,8.50,-4.55,6.08
2026-01-12 23:08:00+00:00,6.20,0.19,-0.29,1.75,-2.64,6.21
2026-01-12 23:09:00+00:00,6.15,0.33,-0.66,3.08,-6.13,6.20
2026-01-12 23:10:00+00:00,6.49,-0.38,-0.07,356.67,-0.60,6.50
2026-01-12 23:12:00+00:00,5.87,-0.30,-2.25,357.04,-20.97,6.29
2026-01-12 23:13:00+00:00,5.73,-0.42,-2.66,355.76,-24.84,6.33
2026-01-12 23:16:00+00:00,5.56,-0.70,-3.32,352.83,-30.65,6.51
2026-01-12 23:17:00+00:00,5.60,-0.77,-3.38,352.17,-30.84,6.59
2026-01-12 23:18:00+00:00,5.63,-0.24,-2.35,357.59,-22.63,6.10
2026-01-12 23:20:00+00:00,5.88,-0.21,-2.63,357.96,-24.05,6.44
2026-01-12 23:21:00+00:00,5.96,-0.03,-2.27,359.73,-20.84,6.38
2026-01-12 23:23:00+00:00,6.06,-1.04,-2.15,350.26,-19.27,6.52
2026-01-12 23:24:00+00:00,6.10,-0.53,-2.10,355.07,-18.93,6.47
2026-01-12 23:25:00+00:00,6.15,-0.75,-2.02,353.08,-18.02,6.51
2026-01-12 23:28:00+00:00,6.11,-0.86,-2.09,351.96,-18.69,6.51
2026-01-12 23:29:00+00:00,6.07,-0.88,-2.10,351.76,-18.87,6.48
2026-01-12 23:30:00+00:00,6.45,-1.78,-1.46,344.62,-12.28,6.85
2026-01-12 23:31:00+00:00,5.86,0.76,-2.24,7.42,-20.72,6.32
2026-01-12 23:32:00+00:00,5.92,-0.22,-2.36,357.90,-21.68,6.38
2026-01-12 23:33:00+00:00,5.99,0.39,-2.21,3.73,-20.23,6.40
2026-01-12 23:36:00+00:00,6.07,-1.01,-2.05,350.55,-18.44,6.49
2026-01-12 23:37:00+00:00,6.18,-0.15,-1.87,358.58,-16.85,6.46
2026-01-12 23:38:00+00:00,5.88,1.27,-2.61,12.22,-23.42,6.56
2026-01-12 23:40:00+00:00,6.44,-0.66,-1.14,354.14,-10.02,6.58
2026-01-12 23:41:00+00:00,6.16,-0.15,-2.42,358.60,-21.46,6.63
2026-01-12 23:44:00+00:00,6.16,-1.19,-2.06,349.04,-18.17,6.60
2026-01-12 23:45:00+00:00,6.05,-0.92,-2.48,351.32,-22.07,6.61
2026-01-12 23:46:00+00:00,6.00,-1.68,-3.25,344.36,-27.56,7.03
2026-01-12 23:48:00+00:00,5.40,-0.55,-3.77,354.18,-34.80,6.61
2026-01-12 23:49:00+00:00,5.28,-0.26,-4.07,357.22,-37.57,6.68
2026-01-12 23:51:00+00:00,4.91,-3.01,-3.74,328.45,-33.02,6.87
2026-01-12 23:52:00+00:00,5.52,-2.34,-3.13,337.04,-27.55,6.76
2026-01-12 23:53:00+00:00,5.66,-1.15,-3.40,348.55,-30.50,6.70
2026-01-12 23:56:00+00:00,5.60,0.22,-3.31,2.23,-30.59,6.51
2026-01-12 23:57:00+00:00,5.49,1.17,-3.27,12.03,-30.22,6.50
2026-01-13 00:00:00+00:00,5.35,-0.22,-3.94,357.65,-36.36,6.64
2026-01-13 00:01:00+00:00,4.47,-0.49,-5.02,353.73,-48.15,6.74
2026-01-13 00:04:00+00:00,5.06,-1.03,-4.27,348.55,-39.58,6.70
2026-01-13 00:05:00+00:00,4.42,-1.89,-4.75,336.79,-44.68,6.76
2026-01-13 00:06:00+00:00,1.64,-5.33,-4.19,287.08,-36.91,6.98
2026-01-13 00:08:00+00:00,3.92,-2.47,-4.98,327.81,-47.06,6.80
2026-01-13 00:09:00+00:00,4.35,-1.83,-4.79,337.22,-45.47,6.72
2026-01-13 00:12:00+00:00,4.37,-1.68,-4.93,339.00,-46.47,6.80
2026-01-13 00:13:00+00:00,4.02,-1.66,-5.23,337.56,-50.21,6.80
2026-01-13 00:14:00+00:00,4.03,-1.75,-5.76,336.50,-52.67,7.24
2026-01-13 00:16:00+00:00,3.80,-1.46,-5.50,338.93,-53.52,6.84
2026-01-13 00:17:00+00:00,3.90,-1.41,-5.37,340.10,-52.30,6.79
2026-01-13 00:20:00+00:00,3.78,-0.74,-5.53,348.89,-55.17,6.74
2026-01-13 00:21:00+00:00,2.51,-2.06,-6.12,320.61,-62.02,6.93
2026-01-13 00:22:00+00:00,3.56,-2.39,-4.86,326.08,-48.54,6.48
2026-01-13 00:24:00+00:00,3.65,-1.22,-5.60,341.52,-55.54,6.79
2026-01-13 00:25:00+00:00,4.46,-1.31,-4.80,343.58,-45.90,6.68
2026-01-13 00:26:00+00:00,4.70,-0.84,-3.56,349.90,-36.70,5.95
2026-01-13 00:28:00+00:00,4.89,-1.40,-4.42,344.05,-41.01,6.73
2026-01-13 00:29:00+00:00,4.95,-1.47,-4.16,343.45,-38.90,6.63
2026-01-13 00:30:00+00:00,4.71,-1.04,-4.92,347.50,-45.55,6.89
2026-01-13 00:32:00+00:00,5.02,-1.17,-3.76,346.88,-36.14,6.38
2026-01-13 00:33:00+00:00,5.06,-0.34,-3.59,356.15,-35.27,6.21
2026-01-13 00:36:00+00:00,5.49,1.05,-2.90,10.79,-27.45,6.30
2026-01-13 00:37:00+00:00,5.57,1.59,-2.40,15.91,-22.51,6.27
2026-01-13 00:40:00+00:00,5.08,-0.81,-3.64,350.93,-35.29,6.31
2026-01-13 00:41:00+00:00,4.41,-2.39,-4.41,331.51,-41.34,6.68
2026-01-13 00:42:00+00:00,4.81,-1.73,-3.42,340.23,-33.84,6.15
2026-01-13 00:44:00+00:00,5.23,-1.84,-3.46,340.61,-31.99,6.54
2026-01-13 00:45:00+00:00,5.87,0.22,-2.12,2.10,-19.87,6.24
2026-01-13 00:48:00+00:00,5.87,-0.30,-2.12,357.08,-19.86,6.25
2026-01-13 00:49:00+00:00,5.85,0.13,-2.14,1.24,-20.05,6.23
2026-01-13 00:50:00+00:00,6.02,1.25,-1.81,11.70,-16.43,6.41
2026-01-13 00:52:00+00:00,5.71,2.24,-0.80,21.41,-7.41,6.19
2026-01-13 00:53:00+00:00,5.82,0.96,-1.67,9.38,-15.78,6.13
2026-01-13 00:54:00+00:00,6.13,-1.09,-2.08,349.97,-18.45,6.57
2026-01-13 00:56:00+00:00,5.96,-0.13,-1.29,358.72,-12.18,6.10
2026-01-13 00:57:00+00:00,5.55,-1.44,-2.25,345.42,-21.46,6.16
2026-01-13 00:58:00+00:00,5.43,-2.18,-1.02,338.15,-9.93,5.94
2026-01-13 01:00:00+00:00,3.38,-5.38,-2.29,302.13,-19.85,6.75
2026-01-13 01:01:00+00:00,2.69,-5.18,-3.39,297.42,-30.18,6.75
2026-01-13 01:02:00+00:00,2.50,-4.34,-3.27,299.92,-33.16,5.98
2026-01-13 01:04:00+00:00,1.95,-6.22,-2.24,287.41,-18.97,6.89
2026-01-13 01:05:00+00:00,3.17,-5.51,-1.84,299.91,-16.18,6.61
2026-01-13 01:06:00+00:00,3.87,-5.46,-2.21,305.33,-18.27,7.05
2026-01-13 01:08:00+00:00,3.12,-5.80,-1.68,298.27,-14.32,6.80
2026-01-13 01:09:00+00:00,2.26,-5.92,-2.51,290.92,-21.63,6.81
2026-01-13 01:10:00+00:00,0.97,-7.61,-2.64,277.27,-18.99,8.11
2026-01-13 01:12:00+00:00,0.57,-6.70,-2.06,274.88,-17.00,7.03
2026-01-13 01:13:00+00:00,0.46,-6.64,-2.65,273.98,-21.74,7.17
2026-01-13 01:16:00+00:00,0.82,-6.45,-2.65,277.23,-22.20,7.02
2026-01-13 01:17:00+00:00,0.35,-6.03,-4.19,273.28,-34.74,7.35
2026-01-13 01:18:00+00:00,-0.32,-5.21,-3.94,266.44,-37.08,6.54
2026-01-13 01:20:00+00:00,1.31,-5.72,-3.79,282.87,-32.84,6.98
2026-01-13 01:21:00+00:00,1.48,-5.50,-3.81,285.07,-33.77,6.85
2026-01-13 01:24:00+00:00,1.02,-5.64,-3.97,280.26,-34.72,6.97
2026-01-13 01:25:00+00:00,1.32,-5.49,-3.97,283.51,-35.11,6.90
2026-01-13 01:26:00+00:00,1.39,-6.13,-4.92,282.76,-38.05,7.98
2026-01-13 01:28:00+00:00,0.54,-6.23,-2.51,274.98,-21.84,6.74
2026-01-13 01:29:00+00:00,0.97,-6.47,-2.49,278.55,-20.86,7.00
2026-01-13 01:30:00+00:00,1.36,-7.21,-0.84,280.67,-6.51,7.39
2026-01-13 01:32:00+00:00,1.52,-6.08,-2.75,284.04,-23.70,6.85
2026-01-13 01:33:00+00:00,2.03,-5.47,-3.40,290.37,-30.18,6.75
2026-01-13 01:34:00+00:00,1.89,-4.75,-2.57,291.70,-26.68,5.72
2026-01-13 01:36:00+00:00,1.05,-4.71,-4.74,282.58,-44.48,6.77
2026-01-13 01:37:00+00:00,1.26,-3.60,-5.19,289.36,-53.66,6.44
2026-01-13 01:38:00+00:00,2.04,-2.91,-6.11,304.98,-59.81,7.07
2026-01-13 01:40:00+00:00,2.39,-3.66,-4.92,303.17,-48.39,6.58
2026-01-13 01:41:00+00:00,2.28,-3.29,-5.09,304.76,-51.83,6.48
2026-01-13 01:42:00+00:00,2.86,-5.65,-3.89,296.84,-31.60,7.43
2026-01-13 01:44:00+00:00,0.57,-4.01,-3.03,278.12,-36.85,5.06
2026-01-13 01:45:00+00:00,-0.64,-4.57,-0.43,261.98,-5.36,4.64
2026-01-13 01:46:00+00:00,-1.46,-5.58,3.45,255.33,30.90,6.73
2026-01-13 01:48:00+00:00,1.45,-2.72,-4.33,297.99,-54.54,5.31
2026-01-13 01:49:00+00:00,2.96,-1.83,-4.84,328.31,-54.31,5.96
2026-01-13 01:52:00+00:00,1.93,-0.39,-5.89,348.44,-71.56,6.21
2026-01-13 01:53:00+00:00,2.23,-0.25,-5.72,353.70,-68.63,6.15
2026-01-13 01:54:00+00:00,1.99,0.48,-6.21,13.67,-71.79,6.54
2026-01-13 01:56:00+00:00,2.99,-0.24,-5.43,355.42,-61.10,6.20
2026-01-13 01:57:00+00:00,2.81,-0.88,-5.57,342.53,-62.13,6.30
2026-01-13 01:58:00+00:00,2.65,-2.31,-6.22,318.95,-60.49,7.15
2026-01-13 02:00:00+00:00,2.93,-2.00,-5.20,325.63,-55.71,6.29
2026-01-13 02:01:00+00:00,2.76,-2.37,-5.21,319.35,-55.10,6.35
2026-01-13 02:02:00+00:00,3.31,-4.00,-4.10,309.59,-38.31,6.62
2026-01-13 02:04:00+00:00,2.64,-2.72,-5.21,314.13,-54.01,6.44
2026-01-13 02:05:00+00:00,2.86,-2.63,-4.95,317.38,-51.88,6.30
2026-01-13 02:06:00+00:00,3.37,-2.17,-3.80,327.29,-43.45,5.52
2026-01-13 02:08:00+00:00,-0.54,-6.34,0.59,265.13,5.26,6.39
2026-01-13 02:09:00+00:00,-0.52,-6.97,1.38,265.77,11.20,7.13
2026-01-13 02:10:00+00:00,-0.26,-5.92,0.69,267.52,6.61,5.97
2026-01-13 02:12:00+00:00,3.09,-4.17,-4.07,306.54,-38.07,6.59
2026-01-13 02:13:00+00:00,3.00,-4.80,-3.42,301.96,-31.17,6.62
2026-01-13 02:14:00+00:00,2.95,-5.66,-3.84,297.48,-31.03,7.45
2026-01-13 02:16:00+00:00,2.93,-5.47,-3.03,298.19,-26.03,6.90
2026-01-13 02:17:00+00:00,3.26,-5.20,-3.10,302.06,-26.79,6.87
2026-01-13 02:20:00+00:00,3.83,-5.00,-2.49,307.43,-21.55,6.78
2026-01-13 02:21:00+00:00,3.85,-5.19,-1.99,306.54,-17.11,6.76
2026-01-13 02:22:00+00:00,4.41,-4.29,-1.47,315.81,-13.41,6.32
2026-01-13 02:24:00+00:00,3.55,-4.48,-3.61,308.44,-32.27,6.76
2026-01-13 02:25:00+00:00,4.04,-3.41,-4.07,319.80,-37.59,6.67
2026-01-13 02:26:00+00:00,3.94,-2.52,-3.96,327.44,-40.23,6.13
2026-01-13 02:28:00+00:00,3.26,-4.52,-4.07,305.74,-36.14,6.90
2026-01-13 02:29:00+00:00,3.48,-4.38,-3.94,308.52,-35.16,6.84
2026-01-13 02:30:00+00:00,3.35,-4.71,-4.42,305.47,-37.42,7.28
2026-01-13 02:32:00+00:00,4.40,-3.77,-3.41,319.46,-30.44,6.72
2026-01-13 02:33:00+00:00,4.37,-4.01,-3.05,317.41,-27.24,6.67
2026-01-13 02:34:00+00:00,4.38,-5.28,-3.05,309.67,-23.97,7.50
2026-01-13 02:36:00+00:00,4.53,-3.20,-3.77,324.74,-34.19,6.70
2026-01-13 02:37:00+00:00,4.32,-3.76,-3.54,318.96,-31.66,6.74
2026-01-13 02:38:00+00:00,4.11,-4.60,-2.34,311.78,-20.79,6.60
2026-01-13 02:40:00+00:00,3.97,-4.01,-3.82,314.68,-34.08,6.81
2026-01-13 02:41:00+00:00,4.12,-4.13,-3.66,314.92,-32.09,6.88
2026-01-13 02:42:00+00:00,4.07,-3.02,-3.41,323.48,-33.93,6.11
2026-01-13 02:44:00+00:00,3.55,-3.46,-4.64,315.78,-43.11,6.79
2026-01-13 02:45:00+00:00,3.16,-3.41,-4.89,312.81,-46.42,6.75
2026-01-13 02:46:00+00:00,2.78,-3.97,-5.56,305.03,-48.92,7.38
2026-01-13 02:48:00+00:00,-2.83,-6.72,2.16,247.18,16.48,7.60
2026-01-13 02:49:00+00:00,-3.36,-6.21,3.50,241.56,26.33,7.88
2026-01-13 02:50:00+00:00,-2.59,-6.33,3.57,247.74,27.61,7.71
2026-01-13 02:52:00+00:00,-2.96,-6.43,3.01,245.31,22.99,7.69
2026-01-13 02:53:00+00:00,-2.61,-6.52,2.87,248.16,22.25,7.59
2026-01-13 02:54:00+00:00,-1.68,-7.56,2.21,257.51,15.93,8.06
2026-01-13 02:56:00+00:00,-2.09,-6.75,2.72,252.79,21.05,7.57
2026-01-13 02:57:00+00:00,-2.06,-7.09,2.10,253.80,15.85,7.67
2026-01-13 02:58:00+00:00,-1.91,-6.16,2.50,252.76,21.16,6.92
2026-01-13 03:00:00+00:00,-2.39,-6.19,3.65,248.87,28.85,7.58
2026-01-13 03:01:00+00:00,-2.54,-6.15,3.67,247.61,28.89,7.60
2026-01-13 03:02:00+00:00,-2.80,-5.72,2.84,243.90,24.00,6.98
2026-01-13 03:04:00+00:00,-2.64,-6.24,3.35,247.08,26.32,7.56
2026-01-13 03:05:00+00:00,-3.03,-6.30,3.16,244.35,24.34,7.67
2026-01-13 03:06:00+00:00,-3.21,-7.05,2.61,245.51,18.60,8.18
2026-01-13 03:08:00+00:00,-2.89,-7.11,0.01,247.90,0.11,7.68
2026-01-13 03:09:00+00:00,-2.90,-6.99,0.01,247.45,0.08,7.57
2026-01-13 03:10:00+00:00,-2.10,-7.85,1.68,255.04,11.72,8.29
2026-01-13 03:12:00+00:00,-1.46,-6.69,1.41,257.66,11.64,6.99
2026-01-13 03:13:00+00:00,-1.63,-7.29,1.10,257.38,8.35,7.55
2026-01-13 03:14:00+00:00,-1.74,-6.38,2.38,254.74,19.76,7.03
2026-01-13 03:16:00+00:00,-0.94,-7.09,0.53,262.49,4.24,7.18
2026-01-13 03:17:00+00:00,-0.91,-7.08,0.50,262.69,3.98,7.15
2026-01-13 03:18:00+00:00,-1.67,-6.34,0.61,255.23,5.36,6.58
2026-01-13 03:20:00+00:00,-1.18,-6.55,1.08,259.84,9.20,6.75
2026-01-13 03:21:00+00:00,-1.58,-6.50,0.81,256.37,6.92,6.74
2026-01-13 03:22:00+00:00,-0.46,-6.73,3.53,266.07,27.62,7.62
2026-01-13 03:24:00+00:00,1.26,-5.84,-3.53,282.18,-30.57,6.94
2026-01-13 03:25:00+00:00,1.41,-5.78,-3.77,283.74,-32.35,7.04
2026-01-13 03:26:00+00:00,1.52,-6.58,-3.30,283.04,-26.01,7.52
2026-01-13 03:28:00+00:00,1.33,-3.46,-6.28,291.11,-59.45,7.29
2026-01-13 03:29:00+00:00,1.35,-2.83,-6.71,295.54,-64.92,7.41
2026-01-13 03:30:00+00:00,1.72,-2.50,-5.66,304.55,-61.81,6.42
2026-01-13 03:32:00+00:00,1.45,-2.71,-6.69,298.21,-65.36,7.37
2026-01-13 03:33:00+00:00,-0.49,-3.67,-5.74,262.34,-57.19,6.82
2026-01-13 03:34:00+00:00,0.01,-2.88,-6.74,270.11,-66.90,7.33
2026-01-13 03:36:00+00:00,0.82,-2.04,-6.91,291.99,-72.37,7.25
2026-01-13 03:37:00+00:00,0.89,-0.06,-7.10,355.88,-82.87,7.15
2026-01-13 03:38:00+00:00,0.06,2.01,-7.00,88.30,-73.95,7.28
2026-01-13 03:40:00+00:00,-1.46,-6.05,3.03,256.39,25.96,6.92
2026-01-13 03:41:00+00:00,-1.94,-5.84,3.70,251.67,31.01,7.18
2026-01-13 03:42:00+00:00,-1.48,-6.41,4.19,256.97,32.52,7.80
2026-01-13 03:44:00+00:00,0.11,-6.28,2.70,271.03,23.29,6.84
2026-01-13 03:45:00+00:00,-1.92,-4.80,4.86,248.20,43.23,7.10
2026-01-13 03:46:00+00:00,-2.42,-3.70,6.33,236.79,55.08,7.72
2026-01-13 03:48:00+00:00,-1.84,-2.08,6.12,228.48,65.57,6.72
2026-01-13 03:49:00+00:00,-2.06,-4.27,5.21,244.26,47.69,7.04
2026-01-13 03:50:00+00:00,-3.44,-5.21,2.46,236.56,21.51,6.71
2026-01-13 03:52:00+00:00,-1.11,-3.32,6.06,251.48,60.04,7.00
2026-01-13 03:53:00+00:00,-1.16,-4.57,4.91,255.71,46.17,6.80
2026-01-13 03:54:00+00:00,-1.83,-3.72,5.54,243.73,53.21,6.92
2026-01-13 03:56:00+00:00,-0.33,-2.47,6.22,262.48,68.13,6.70
2026-01-13 03:57:00+00:00,-1.07,-2.70,6.13,248.34,64.64,6.78
2026-01-13 04:00:00+00:00,-1.56,-2.87,5.91,241.48,61.10,6.75
2026-01-13 04:01:00+00:00,-1.66,-3.79,5.49,246.31,53.01,6.87
2026-01-13 04:04:00+00:00,-1.01,-5.44,4.03,259.46,36.04,6.84
2026-01-13 04:05:00+00:00,-1.02,-5.31,4.17,259.10,37.65,6.83
2026-01-13 04:08:00+00:00,-1.11,-4.23,5.25,255.28,50.19,6.83
2026-01-13 04:09:00+00:00,-1.21,-4.28,5.33,254.24,50.17,6.94
2026-01-13 04:12:00+00:00,-1.18,-3.31,5.85,250.45,59.02,6.82
2026-01-13 04:13:00+00:00,-1.00,-3.68,5.61,254.79,55.80,6.79
2026-01-13 04:16:00+00:00,-0.86,-4.97,4.61,260.17,42.43,6.84
2026-01-13 04:17:00+00:00,-0.89,-5.21,4.15,260.36,38.15,6.72
2026-01-13 04:18:00+00:00,-0.72,-5.10,5.62,262.00,47.46,7.62
2026-01-13 04:20:00+00:00,0.48,-5.61,2.40,274.90,23.08,6.13
2026-01-13 04:21:00+00:00,-0.93,-5.62,2.89,260.63,26.92,6.39
2026-01-13 04:24:00+00:00,-2.87,-3.53,4.69,230.96,45.85,6.53
2026-01-13 04:25:00+00:00,-3.06,-2.79,5.24,222.33,51.69,6.68
2026-01-13 04:28:00+00:00,-2.08,-3.41,5.21,238.60,52.49,6.56
2026-01-13 04:29:00+00:00,-2.17,-3.43,4.78,237.74,49.66,6.27
2026-01-13 04:32:00+00:00,-0.56,-4.48,3.68,262.84,39.20,5.82
2026-01-13 04:33:00+00:00,-1.07,-4.07,4.00,255.25,43.49,5.81
2026-01-13 04:36:00+00:00,1.44,-3.35,2.55,293.26,34.93,4.45
2026-01-13 04:37:00+00:00,2.26,2.97,2.09,52.72,29.24,4.27
2026-01-13 04:40:00+00:00,4.44,-0.39,1.84,354.98,22.47,4.82
2026-01-13 04:41:00+00:00,4.64,0.04,1.91,0.45,22.35,5.02
2026-01-13 04:44:00+00:00,3.82,-3.23,0.80,319.84,9.03,5.07
2026-01-13 04:45:00+00:00,3.95,-3.24,0.97,320.67,10.79,5.20
2026-01-13 04:48:00+00:00,3.81,-3.40,-0.31,318.22,-3.50,5.12
2026-01-13 04:49:00+00:00,4.19,-2.13,-1.26,333.07,-15.00,4.86
2026-01-13 04:52:00+00:00,4.33,-1.02,-2.16,346.76,-25.87,4.95
2026-01-13 04:53:00+00:00,4.06,-0.92,-2.24,347.20,-28.25,4.73
2026-01-13 04:54:00+00:00,4.20,0.16,-1.01,2.16,-13.57,4.32
2026-01-13 04:56:00+00:00,3.01,-2.70,-2.44,318.07,-31.11,4.72
2026-01-13 04:57:00+00:00,2.94,-2.68,-2.33,317.60,-30.31,4.61
2026-01-13 05:00:00+00:00,3.29,-1.65,-2.17,333.46,-30.45,4.27
2026-01-13 05:01:00+00:00,3.03,-1.51,-2.40,333.47,-35.30,4.15
2026-01-13 05:04:00+00:00,2.73,-2.18,-2.41,321.39,-34.58,4.25
2026-01-13 05:05:00+00:00,2.72,-2.14,-2.17,321.78,-32.08,4.08
2026-01-13 05:08:00+00:00,2.82,-4.59,-1.31,301.56,-13.63,5.54
2026-01-13 05:09:00+00:00,2.82,-4.78,-0.96,300.55,-9.84,5.64
2026-01-13 05:12:00+00:00,2.43,-3.97,0.04,301.44,0.47,4.65
2026-01-13 05:13:00+00:00,2.09,-3.63,-1.33,299.88,-17.57,4.40
2026-01-13 05:14:00+00:00,1.75,-2.81,-1.18,301.84,-19.66,3.51
2026-01-13 05:16:00+00:00,2.28,-3.91,-1.74,300.22,-21.03,4.85
2026-01-13 05:17:00+00:00,2.94,-2.79,-1.43,316.50,-19.42,4.30
2026-01-13 05:20:00+00:00,2.77,-3.44,-1.58,308.81,-19.75,4.69
2026-01-13 05:21:00+00:00,2.77,-3.51,-1.46,308.25,-18.11,4.70
2026-01-13 05:22:00+00:00,2.97,-4.37,-1.66,304.18,-17.45,5.54
2026-01-13 05:24:00+00:00,3.54,-2.85,-2.02,321.17,-23.93,4.97
2026-01-13 05:25:00+00:00,3.25,-2.73,-1.52,320.02,-19.65,4.51
2026-01-13 05:28:00+00:00,2.67,-2.99,-1.34,311.76,-18.52,4.23
2026-01-13 05:29:00+00:00,2.38,-2.62,-1.27,312.20,-19.72,3.76
2026-01-13 05:32:00+00:00,2.52,-1.69,-2.38,326.13,-38.10,3.86
2026-01-13 05:33:00+00:00,2.67,-2.41,-2.33,317.94,-32.93,4.28
2026-01-13 05:36:00+00:00,3.34,0.45,-1.72,7.68,-27.05,3.78
2026-01-13 05:37:00+00:00,3.10,-0.79,-1.50,345.63,-25.08,3.54
2026-01-13 05:40:00+00:00,3.21,-2.14,-2.19,326.29,-29.58,4.43
2026-01-13 05:41:00+00:00,2.81,-2.17,-2.23,322.36,-32.19,4.19
2026-01-13 05:42:00+00:00,3.69,-2.28,-1.51,328.29,-19.13,4.60
2026-01-13 05:44:00+00:00,3.05,-1.50,-3.24,333.80,-43.69,4.70
2026-01-13 05:45:00+00:00,3.66,-3.14,-1.24,319.43,-14.45,4.98
2026-01-13 05:48:00+00:00,3.02,-3.97,-2.54,307.25,-27.02,5.60
2026-01-13 05:49:00+00:00,3.14,-3.70,-2.43,310.35,-26.64,5.43
2026-01-13 05:50:00+00:00,2.64,-3.52,-2.79,306.90,-32.33,5.21
2026-01-13 05:52:00+00:00,3.01,-4.70,-2.19,302.62,-21.42,5.99
2026-01-13 05:53:00+00:00,2.85,-4.43,-2.45,302.76,-24.90,5.81
2026-01-13 05:56:00+00:00,3.67,-4.28,-1.72,310.65,-16.97,5.89
2026-01-13 05:57:00+00:00,2.94,-4.86,-2.15,301.14,-20.72,6.07
2026-01-13 05:58:00+00:00,3.09,-5.95,-0.99,297.46,-8.37,6.78
2026-01-13 06:00:00+00:00,2.25,-5.42,-2.27,292.53,-21.13,6.29
2026-01-13 06:01:00+00:00,3.40,-4.81,-1.60,305.27,-15.16,6.11
2026-01-13 06:04:00+00:00,3.63,-4.81,-1.69,307.07,-15.64,6.26
2026-01-13 06:05:00+00:00,2.89,-5.60,-1.25,297.31,-11.18,6.43
2026-01-13 06:06:00+00:00,2.06,-5.20,-0.36,291.56,-3.71,5.61
2026-01-13 06:08:00+00:00,3.79,-5.06,-1.79,306.81,-15.84,6.57
2026-01-13 06:09:00+00:00,3.93,-4.73,-1.84,309.76,-16.65,6.42
2026-01-13 06:12:00+00:00,4.57,-4.28,-1.25,316.91,-11.32,6.38
2026-01-13 06:13:00+00:00,4.46,-4.61,-0.65,314.08,-5.78,6.45
2026-01-13 06:16:00+00:00,4.76,-4.47,-0.75,316.83,-6.53,6.57
2026-01-13 06:17:00+00:00,4.65,-4.65,-0.32,315.05,-2.76,6.58
2026-01-13 06:18:00+00:00,5.24,-3.89,1.10,323.38,9.58,6.62
2026-01-13 06:20:00+00:00,4.72,-4.55,1.50,316.06,12.89,6.72
2026-01-13 06:21:00+00:00,4.59,-4.55,2.30,315.28,19.61,6.86
2026-01-13 06:24:00+00:00,4.35,-4.05,3.35,317.02,29.37,6.82
2026-01-13 06:25:00+00:00,4.50,-3.76,3.42,320.16,30.22,6.79
2026-01-13 06:26:00+00:00,4.44,-3.36,2.72,322.88,26.08,6.19
2026-01-13 06:28:00+00:00,4.93,-2.22,3.69,335.72,34.29,6.54
2026-01-13 06:29:00+00:00,4.65,-1.57,3.90,341.30,38.50,6.27
2026-01-13 06:32:00+00:00,3.44,-3.69,4.74,312.96,43.22,6.92
2026-01-13 06:33:00+00:00,3.00,-3.56,5.37,310.08,49.07,7.11
2026-01-13 06:34:00+00:00,3.63,-3.33,6.07,317.45,50.95,7.82
2026-01-13 06:36:00+00:00,3.46,-5.28,3.79,303.22,30.97,7.36
2026-01-13 06:37:00+00:00,3.50,-5.58,3.55,302.14,28.31,7.48
2026-01-13 06:40:00+00:00,1.95,-5.48,-3.41,289.59,-30.38,6.74
2026-01-13 06:41:00+00:00,3.05,-5.24,-2.32,300.18,-20.95,6.49
2026-01-13 06:44:00+00:00,5.96,-2.67,2.48,335.87,20.83,6.99
2026-01-13 06:45:00+00:00,5.61,-3.12,1.71,330.90,14.93,6.65
2026-01-13 06:46:00+00:00,4.83,-5.80,-0.28,309.78,-2.11,7.56
2026-01-13 06:48:00+00:00,4.60,-4.75,0.09,314.08,0.76,6.62
2026-01-13 06:49:00+00:00,5.10,-4.93,0.25,315.96,1.99,7.10
2026-01-13 06:52:00+00:00,4.92,-4.67,-0.37,316.52,-3.16,6.79
2026-01-13 06:53:00+00:00,4.64,-4.95,0.42,313.17,3.51,6.80
2026-01-13 06:54:00+00:00,3.75,-4.53,2.32,309.61,21.54,6.32
2026-01-13 06:56:00+00:00,3.95,-5.91,0.43,303.75,3.44,7.13
2026-01-13 06:57:00+00:00,3.83,-5.85,0.40,303.21,3.28,7.00
2026-01-13 06:58:00+00:00,4.22,-5.17,-0.80,309.26,-6.82,6.72
2026-01-13 07:00:00+00:00,4.96,-5.02,-0.62,314.61,-5.04,7.08
2026-01-13 07:01:00+00:00,4.83,-4.85,-0.64,314.84,-5.31,6.88
2026-01-13 07:04:00+00:00,4.72,-4.81,-1.16,314.50,-9.79,6.84
2026-01-13 07:05:00+00:00,5.00,-4.58,-1.28,317.54,-10.69,6.90
2026-01-13 07:06:00+00:00,5.35,-4.89,-0.69,317.55,-5.41,7.28
2026-01-13 07:08:00+00:00,4.70,-4.47,-1.98,316.43,-16.98,6.79
2026-01-13 07:09:00+00:00,4.73,-4.67,-2.10,315.36,-17.57,6.97
2026-01-13 07:12:00+00:00,5.24,-3.82,-2.23,323.91,-18.96,6.86
2026-01-13 07:13:00+00:00,5.79,-2.90,-2.24,333.40,-19.08,6.86
2026-01-13 07:14:00+00:00,5.40,-3.12,-2.98,329.99,-25.53,6.91
2026-01-13 07:16:00+00:00,5.16,-4.05,-2.50,321.88,-20.85,7.02
2026-01-13 07:17:00+00:00,4.54,-4.57,-2.12,314.77,-18.22,6.78
2026-01-13 07:20:00+00:00,5.71,-3.33,-2.79,329.74,-22.87,7.18
2026-01-13 07:21:00+00:00,5.41,-3.75,-2.69,325.31,-22.25,7.11
2026-01-13 07:22:00+00:00,5.72,-4.68,-1.70,320.68,-12.95,7.59
2026-01-13 08:13:00+00:00,2.70,3.66,-5.10,53.59,-48.33,6.83
2026-01-13 08:14:00+00:00,3.57,2.63,-5.04,36.37,-48.70,6.71
2026-01-13 08:16:00+00:00,2.66,5.12,-5.01,62.56,-40.97,7.64
2026-01-13 08:17:00+00:00,2.97,4.08,-4.79,53.89,-43.52,6.96
2026-01-13 08:18:00+00:00,3.05,4.51,-4.59,55.97,-40.11,7.12
2026-01-13 08:20:00+00:00,3.12,3.50,-5.80,48.29,-51.04,7.46
2026-01-13 08:21:00+00:00,3.13,3.27,-5.24,46.23,-49.19,6.93
2026-01-13 08:22:00+00:00,3.57,3.18,-5.04,41.71,-46.55,6.94
2026-01-13 08:24:00+00:00,4.64,-1.43,-3.98,342.91,-39.34,6.28
2026-01-13 08:25:00+00:00,4.44,-1.31,-3.57,343.54,-37.63,5.85
2026-01-13 08:26:00+00:00,4.77,-1.92,-3.09,338.02,-31.02,6.00
2026-01-13 08:28:00+00:00,1.59,-6.83,2.10,283.09,16.63,7.32
2026-01-13 08:29:00+00:00,1.55,-6.70,1.52,283.01,12.47,7.04
2026-01-13 08:30:00+00:00,3.07,-4.64,4.24,303.55,37.32,6.99
2026-01-13 08:32:00+00:00,2.19,-5.92,3.46,290.27,28.71,7.20
2026-01-13 08:33:00+00:00,2.10,-6.30,3.46,288.46,27.47,7.49
2026-01-13 08:34:00+00:00,1.67,-5.58,4.50,286.70,37.67,7.36
2026-01-13 08:36:00+00:00,1.22,-6.41,2.71,280.77,22.60,7.07
2026-01-13 08:37:00+00:00,1.39,-6.03,4.44,283.02,35.64,7.62
2026-01-13 08:38:00+00:00,1.42,-5.76,3.10,283.87,27.56,6.70
2026-01-13 08:40:00+00:00,1.22,-7.23,3.54,279.59,25.78,8.14
2026-01-13 08:41:00+00:00,1.14,-6.93,3.36,279.33,25.60,7.78
2026-01-13 08:42:00+00:00,0.92,-7.06,3.46,277.46,25.90,7.91
2026-01-13 08:44:00+00:00,1.72,-6.60,4.36,284.65,32.57,8.09
2026-01-13 08:45:00+00:00,1.45,-6.61,3.72,282.34,28.83,7.72
2026-01-13 08:46:00+00:00,1.32,-6.78,3.67,281.03,27.98,7.82
2026-01-13 08:48:00+00:00,1.75,-6.64,3.53,284.74,27.21,7.73
2026-01-13 08:49:00+00:00,1.87,-6.67,3.67,285.68,27.92,7.84
2026-01-13 08:50:00+00:00,2.03,-6.80,3.80,286.60,28.16,8.05
2026-01-13 08:52:00+00:00,2.48,-6.80,2.51,290.04,19.12,7.66
2026-01-13 08:53:00+00:00,2.15,-6.64,3.06,287.91,23.66,7.62
2026-01-13 08:54:00+00:00,2.27,-6.12,3.66,290.38,29.24,7.48
2026-01-13 08:56:00+00:00,1.92,-6.91,2.67,285.48,20.39,7.65
2026-01-13 08:57:00+00:00,2.08,-6.09,3.17,288.88,26.22,7.18
2026-01-13 08:58:00+00:00,2.21,-6.10,2.85,289.90,23.73,7.09
2026-01-13 09:00:00+00:00,2.31,-6.84,3.76,288.67,27.51,8.14
2026-01-13 09:01:00+00:00,2.46,-6.06,2.71,292.11,22.51,7.09
2026-01-13 09:02:00+00:00,2.37,-6.28,2.46,290.65,20.09,7.15
2026-01-13 09:04:00+00:00,2.05,-5.62,3.54,290.01,30.60,6.95
2026-01-13 09:05:00+00:00,2.13,-5.89,3.49,289.91,29.09,7.17
2026-01-13 09:06:00+00:00,2.47,-6.07,3.45,292.18,27.78,7.41
2026-01-13 09:08:00+00:00,1.98,-6.00,3.31,288.30,27.61,7.13
2026-01-13 09:09:00+00:00,1.73,-6.06,3.49,285.93,28.96,7.21
2026-01-13 09:10:00+00:00,1.91,-5.95,3.62,287.81,30.08,7.22
2026-01-13 09:12:00+00:00,1.30,-6.93,2.94,280.65,22.64,7.64
2026-01-13 09:13:00+00:00,2.15,-5.90,3.60,290.01,29.82,7.23
2026-01-13 09:14:00+00:00,2.50,-5.24,3.60,295.47,31.82,6.84
2026-01-13 09:16:00+00:00,2.52,-6.51,2.78,291.19,21.71,7.51
2026-01-13 09:17:00+00:00,2.52,-6.50,2.21,291.17,17.56,7.31
2026-01-13 09:18:00+00:00,2.61,-6.54,2.22,291.75,17.49,7.38
2026-01-13 09:20:00+00:00,2.97,-6.04,1.27,296.22,10.72,6.85
2026-01-13 09:21:00+00:00,3.07,-6.11,1.37,296.64,11.35,6.98
2026-01-13 09:22:00+00:00,2.98,-6.67,1.90,294.07,14.54,7.55
2026-01-13 09:24:00+00:00,3.55,-4.93,0.55,305.75,5.13,6.10
2026-01-13 09:25:00+00:00,3.21,-6.17,0.52,297.47,4.29,6.98
2026-01-13 09:26:00+00:00,3.02,-6.07,0.60,296.42,5.07,6.81
2026-01-13 09:28:00+00:00,1.91,-6.74,-1.26,285.84,-10.20,7.11
2026-01-13 09:29:00+00:00,2.47,-6.22,0.26,291.69,2.21,6.70
2026-01-13 09:30:00+00:00,2.80,-5.45,1.10,297.20,10.13,6.23
2026-01-13 09:32:00+00:00,4.23,-6.21,1.22,304.25,9.22,7.61
2026-01-13 09:33:00+00:00,3.73,-5.25,0.86,305.38,7.65,6.50
2026-01-13 09:34:00+00:00,3.25,-5.51,0.03,300.48,0.24,6.40
2026-01-13 09:36:00+00:00,3.55,-5.51,1.15,302.81,9.91,6.66
2026-01-13 09:37:00+00:00,3.60,-3.98,-2.87,312.13,-28.17,6.08
2026-01-13 09:38:00+00:00,3.40,-3.35,-4.04,315.48,-40.28,6.26
2026-01-13 09:40:00+00:00,3.16,-4.84,0.72,303.20,7.11,5.82
2026-01-13 09:41:00+00:00,3.61,-5.59,0.14,302.83,1.19,6.66
2026-01-13 09:42:00+00:00,3.96,-5.28,0.04,306.87,0.37,6.60
2026-01-13 09:44:00+00:00,3.40,-5.13,-1.60,303.54,-14.58,6.36
2026-01-13 09:45:00+00:00,3.66,-5.18,-0.21,305.25,-1.90,6.35
2026-01-13 09:46:00+00:00,3.61,-4.91,0.20,306.35,1.92,6.10
2026-01-13 09:48:00+00:00,4.21,-6.12,0.59,304.52,4.53,7.45
2026-01-13 09:49:00+00:00,4.04,-4.85,0.33,309.74,3.03,6.32
2026-01-13 09:50:00+00:00,4.22,-4.65,-0.30,312.20,-2.75,6.29
2026-01-13 09:52:00+00:00,5.06,-3.49,-0.87,325.43,-8.09,6.21
2026-01-13 09:53:00+00:00,4.69,-3.52,-1.26,323.12,-12.14,6.00
2026-01-13 09:54:00+00:00,3.35,-4.89,2.90,304.40,26.09,6.60
2026-01-13 09:56:00+00:00,3.24,-4.04,3.86,308.77,36.73,6.46
2026-01-13 09:57:00+00:00,3.36,-4.72,4.01,305.43,34.67,7.04
2026-01-13 10:00:00+00:00,3.68,-4.62,2.92,308.56,26.34,6.59
2026-01-13 10:01:00+00:00,3.93,-4.76,3.60,309.56,30.28,7.15
2026-01-13 10:02:00+00:00,3.87,-3.98,2.57,314.16,24.89,6.12
2026-01-13 10:05:00+00:00,3.63,-4.12,2.88,311.38,27.68,6.20
2026-01-13 10:06:00+00:00,3.22,-5.10,2.31,302.27,20.97,6.45
2026-01-13 10:09:00+00:00,4.02,-4.99,2.49,308.86,21.22,6.88
2026-01-13 10:10:00+00:00,4.23,-5.67,2.90,306.73,22.29,7.65
2026-01-13 10:13:00+00:00,2.07,-6.86,2.19,286.80,17.00,7.49
2026-01-13 10:14:00+00:00,2.26,-6.35,3.20,289.60,25.43,7.46
2026-01-13 10:17:00+00:00,2.80,-6.36,2.42,293.73,19.22,7.36
2026-01-13 10:18:00+00:00,2.76,-5.26,2.49,297.63,22.70,6.44
2026-01-13 10:21:00+00:00,2.51,-6.49,1.85,291.16,14.91,7.21
2026-01-13 10:22:00+00:00,2.46,-6.85,0.89,289.75,7.00,7.33
2026-01-13 10:25:00+00:00,2.46,-6.53,1.60,290.61,12.95,7.16
2026-01-13 10:26:00+00:00,2.44,-7.61,1.46,287.75,10.33,8.12
2026-01-13 10:30:00+00:00,2.91,-6.17,1.70,295.23,14.00,7.02
2026-01-13 10:34:00+00:00,2.31,-6.15,-1.11,290.59,-9.62,6.66
2026-01-13 10:37:00+00:00,2.61,-6.33,2.06,292.41,16.72,7.15
2026-01-13 10:38:00+00:00,2.49,-6.14,1.39,292.07,11.86,6.77
2026-01-13 10:41:00+00:00,2.83,-6.16,2.78,294.67,22.29,7.33
2026-01-13 10:42:00+00:00,2.95,-6.77,2.74,293.55,20.34,7.87
2026-01-13 10:45:00+00:00,3.27,-6.16,3.09,297.97,23.90,7.63
2026-01-13 10:46:00+00:00,3.58,-6.18,4.39,300.06,31.59,8.39
2026-01-13 10:49:00+00:00,2.89,-6.34,2.98,294.47,23.15,7.57
2026-01-13 10:50:00+00:00,2.86,-6.32,3.23,294.36,25.01,7.65
2026-01-13 10:53:00+00:00,1.30,-6.31,2.41,281.62,20.55,6.88
2026-01-13 10:54:00+00:00,1.25,-5.89,2.35,281.94,21.30,6.46
2026-01-13 10:57:00+00:00,0.58,-5.83,2.38,275.66,22.06,6.32
2026-01-13 10:58:00+00:00,0.25,-6.52,3.02,272.19,24.84,7.19
2026-01-13 11:01:00+00:00,0.62,-6.46,2.71,275.48,22.65,7.03
2026-01-13 11:02:00+00:00,1.32,-6.44,3.25,281.55,26.29,7.33
2026-01-13 11:05:00+00:00,1.56,-6.12,2.97,284.26,25.17,6.98
2026-01-13 11:10:00+00:00,0.89,-3.72,1.20,283.48,17.37,4.01
2026-01-13 11:11:00+00:00,0.36,-2.22,-0.57,279.32,-14.20,2.32
2026-01-13 11:12:00+00:00,-0.14,-0.67,-2.64,257.93,-75.43,2.72
2026-01-13 11:14:00+00:00,-0.32,0.25,-3.99,141.63,-84.22,4.01
2026-01-13 11:15:00+00:00,-0.44,-0.48,-4.50,227.52,-81.84,4.55
2026-01-13 11:16:00+00:00,-0.28,-1.07,-3.61,255.34,-73.00,3.78
2026-01-13 11:18:00+00:00,-0.12,-1.24,-3.06,264.48,-67.78,3.30
2026-01-13 11:19:00+00:00,0.15,-1.15,-4.12,277.39,-74.32,4.28
2026-01-13 11:20:00+00:00,0.45,-1.02,-3.80,293.98,-73.63,3.96
2026-01-13 11:22:00+00:00,1.06,-1.90,-3.36,299.14,-57.00,4.00
2026-01-13 11:23:00+00:00,0.92,-1.45,-4.22,302.29,-67.82,4.55
2026-01-13 11:24:00+00:00,1.00,-1.49,-4.87,303.88,-69.82,5.19
2026-01-13 11:26:00+00:00,1.01,-2.09,-4.60,295.73,-63.27,5.15
2026-01-13 11:27:00+00:00,0.79,-1.66,-4.60,295.49,-68.20,4.95
2026-01-13 11:28:00+00:00,0.32,-0.06,-4.95,348.90,-86.19,4.96
2026-01-13 11:30:00+00:00,0.31,0.78,-4.48,68.21,-79.39,4.56
2026-01-13 11:31:00+00:00,0.41,-0.44,-5.20,312.87,-83.42,5.23
2026-01-13 11:32:00+00:00,0.57,-0.81,-4.81,304.77,-78.36,4.92
2026-01-13 11:34:00+00:00,0.34,0.40,-4.52,49.52,-83.44,4.55
2026-01-13 11:35:00+00:00,0.30,-0.56,-5.13,297.89,-82.94,5.17
2026-01-13 11:36:00+00:00,0.27,-1.40,-4.97,280.96,-73.98,5.17
2026-01-13 11:38:00+00:00,0.22,-1.93,-5.09,276.62,-69.15,5.45
2026-01-13 11:39:00+00:00,0.79,-1.19,-3.44,303.69,-67.43,3.73
2026-01-13 11:40:00+00:00,0.92,-0.95,-3.76,313.92,-70.63,3.99
2026-01-13 11:42:00+00:00,1.76,-1.64,-2.91,316.99,-50.36,3.78
2026-01-13 11:43:00+00:00,1.70,-1.42,-3.25,320.13,-55.64,3.93
2026-01-13 11:44:00+00:00,1.36,0.24,-4.16,9.85,-71.63,4.38
2026-01-13 11:46:00+00:00,1.34,0.79,-4.49,30.38,-70.87,4.75
2026-01-13 11:47:00+00:00,1.42,0.14,-3.89,5.74,-69.90,4.14
2026-01-13 11:48:00+00:00,1.59,0.01,-2.55,0.54,-58.11,3.00
2026-01-13 11:49:00+00:00,1.63,0.00,-1.44,360.00,-41.48,2.18
2026-01-13 11:50:00+00:00,2.10,-3.10,-0.37,304.11,-5.67,3.77
2026-01-13 11:51:00+00:00,2.05,-3.00,-0.89,304.37,-13.74,3.74
2026-01-13 11:52:00+00:00,1.68,-1.48,-2.06,318.58,-42.68,3.04
2026-01-13 11:53:00+00:00,1.35,1.20,-2.28,41.71,-51.64,2.91
2026-01-13 11:54:00+00:00,1.37,0.74,-3.01,28.35,-62.55,3.39
2026-01-13 11:55:00+00:00,1.39,0.30,-2.91,12.11,-63.96,3.23
2026-01-13 11:56:00+00:00,1.18,0.23,-3.93,11.26,-72.99,4.11
2026-01-13 11:57:00+00:00,0.88,0.02,-4.39,1.29,-78.67,4.48
2026-01-13 11:58:00+00:00,0.82,0.03,-4.68,1.92,-80.00,4.75
2026-01-13 11:59:00+00:00,0.93,0.16,-3.87,9.93,-76.24,3.99
2026-01-13 12:00:00+00:00,0.84,0.88,-4.10,46.08,-73.47,4.28
2026-01-13 12:02:00+00:00,1.51,1.24,-2.02,39.49,-45.94,2.81
2026-01-13 12:03:00+00:00,1.45,0.50,-2.49,18.97,-58.35,2.92
2026-01-13 12:04:00+00:00,1.21,0.59,-2.96,25.91,-65.50,3.26
2026-01-13 12:06:00+00:00,1.59,-0.04,-2.35,358.50,-55.98,2.84
2026-01-13 12:07:00+00:00,1.88,-0.35,-1.81,349.47,-43.36,2.64
2026-01-13 12:08:00+00:00,1.80,-0.20,-2.19,353.68,-50.45,2.84
2026-01-13 12:10:00+00:00,1.82,-1.04,-1.55,330.21,-36.38,2.61
2026-01-13 12:11:00+00:00,1.57,-0.60,-2.01,339.02,-50.09,2.62
2026-01-13 12:12:00+00:00,1.34,-0.01,-2.32,359.77,-59.93,2.68
2026-01-13 12:14:00+00:00,1.35,-0.14,-2.64,354.14,-62.83,2.97
2026-01-13 12:15:00+00:00,1.57,-0.53,-1.72,341.41,-46.09,2.38
2026-01-13 12:16:00+00:00,1.66,-0.15,-1.27,354.95,-37.39,2.09
2026-01-13 12:17:00+00:00,1.81,-0.16,-0.97,355.09,-28.09,2.06
2026-01-13 12:18:00+00:00,2.01,-0.48,-0.10,346.63,-2.68,2.07
2026-01-13 12:19:00+00:00,2.11,-0.67,-0.21,342.28,-5.36,2.23
2026-01-13 12:20:00+00:00,2.08,-0.02,-0.10,359.46,-2.71,2.08
2026-01-13 12:21:00+00:00,2.08,-0.13,0.02,356.45,0.51,2.08
2026-01-13 12:22:00+00:00,1.84,-0.18,-0.30,354.48,-9.26,1.88
2026-01-13 12:23:00+00:00,1.58,-0.18,-0.42,353.60,-14.71,1.64
2026-01-13 12:24:00+00:00,1.42,-0.24,-0.23,350.41,-9.18,1.46
2026-01-13 12:26:00+00:00,1.47,-0.76,0.27,332.81,9.29,1.68
2026-01-13 12:27:00+00:00,1.54,-0.84,-0.06,331.41,-2.08,1.76
2026-01-13 12:28:00+00:00,1.65,-0.53,0.34,342.24,11.07,1.76
2026-01-13 12:30:00+00:00,1.67,-1.01,-0.08,328.94,-2.24,1.95
2026-01-13 12:31:00+00:00,1.61,-1.15,-0.22,324.51,-6.25,1.99
2026-01-13 12:32:00+00:00,1.57,-0.52,0.40,341.79,13.42,1.70
2026-01-13 12:34:00+00:00,1.53,-1.07,-0.08,325.09,-2.38,1.87
2026-01-13 12:35:00+00:00,1.65,-1.54,-0.21,316.91,-5.35,2.26
2026-01-13 12:36:00+00:00,1.47,-0.67,0.28,335.40,9.68,1.64
2026-01-13 12:37:00+00:00,1.48,-0.65,0.89,336.14,28.91,1.85
2026-01-13 12:38:00+00:00,1.42,-0.98,0.76,325.35,23.61,1.89
2026-01-13 12:39:00+00:00,1.39,-1.18,0.59,319.63,17.80,1.92
2026-01-13 12:40:00+00:00,1.33,-0.67,0.43,333.27,16.13,1.55
2026-01-13 12:41:00+00:00,1.21,0.09,0.26,4.40,12.25,1.24
2026-01-13 12:46:00+00:00,0.99,-0.43,0.30,336.69,15.26,1.12
2026-01-13 12:47:00+00:00,0.98,-0.64,0.35,326.92,16.78,1.23
2026-01-13 12:48:00+00:00,0.91,-0.40,0.44,336.15,24.11,1.08
2026-01-13 12:50:00+00:00,0.80,-1.20,0.39,303.67,15.10,1.49
2026-01-13 12:51:00+00:00,0.96,-1.39,0.53,304.71,17.44,1.77
2026-01-13 12:52:00+00:00,0.93,-0.88,0.52,316.70,22.10,1.39
2026-01-13 12:54:00+00:00,0.98,-1.16,0.12,310.26,4.47,1.53
2026-01-13 12:55:00+00:00,1.07,-1.39,0.22,307.56,7.01,1.77
2026-01-13 12:56:00+00:00,0.93,-0.70,0.10,322.91,4.79,1.16
2026-01-13 12:58:00+00:00,0.79,-0.99,-0.16,308.37,-7.02,1.28
2026-01-13 12:59:00+00:00,0.76,-0.88,0.25,310.92,12.00,1.18
2026-01-13 13:00:00+00:00,0.84,-0.61,0.69,323.95,33.38,1.25
2026-01-13 13:01:00+00:00,1.00,-0.42,0.88,337.43,39.09,1.40
2026-01-13 13:02:00+00:00,1.00,-0.67,0.56,326.26,24.90,1.33
2026-01-13 13:03:00+00:00,1.13,-0.97,0.65,319.43,23.54,1.63
2026-01-13 13:04:00+00:00,0.97,-0.83,0.15,319.14,6.86,1.29
2026-01-13 13:05:00+00:00,0.60,-0.80,-1.33,306.75,-53.01,1.67
2026-01-13 13:06:00+00:00,0.80,-0.84,-1.04,313.59,-41.96,1.56
2026-01-13 13:07:00+00:00,0.96,-0.27,-1.05,344.37,-46.37,1.45
2026-01-13 13:08:00+00:00,1.36,0.04,0.42,1.78,17.07,1.42
2026-01-13 13:09:00+00:00,1.59,-0.07,0.39,357.39,13.64,1.64
2026-01-13 13:10:00+00:00,1.55,0.21,0.37,7.81,13.24,1.61
2026-01-13 13:11:00+00:00,1.34,0.39,0.08,16.34,3.43,1.40
2026-01-13 13:12:00+00:00,1.13,0.30,-1.01,14.86,-40.77,1.55
2026-01-13 13:14:00+00:00,1.15,-0.35,-1.09,343.24,-42.16,1.62
2026-01-13 13:15:00+00:00,1.37,-0.60,-0.16,336.36,-6.17,1.51
2026-01-13 13:16:00+00:00,1.23,-0.37,0.30,343.52,13.21,1.32
2026-01-13 13:18:00+00:00,0.92,-0.34,-1.43,339.77,-55.56,1.74
2026-01-13 13:19:00+00:00,1.00,-0.35,-1.23,340.93,-49.34,1.62
2026-01-13 13:20:00+00:00,1.18,-0.10,-1.05,355.40,-41.38,1.58
2026-01-13 13:21:00+00:00,1.21,-0.17,-0.61,352.17,-26.47,1.36
2026-01-13 13:22:00+00:00,1.13,0.16,-1.38,7.97,-50.43,1.79
2026-01-13 13:23:00+00:00,1.47,0.54,-2.05,20.24,-52.68,2.58
2026-01-13 13:24:00+00:00,1.90,0.60,-1.98,17.44,-44.88,2.81
2026-01-13 13:25:00+00:00,2.38,0.35,-1.66,8.33,-34.61,2.93
2026-01-13 13:26:00+00:00,2.49,0.41,-1.36,9.25,-28.33,2.86
2026-01-13 13:27:00+00:00,2.38,0.34,-1.16,8.14,-25.78,2.67
2026-01-13 13:28:00+00:00,2.13,0.86,-1.86,22.01,-38.95,2.96
2026-01-13 13:29:00+00:00,2.12,1.14,-1.46,28.13,-31.27,2.82
2026-01-13 13:30:00+00:00,2.07,1.05,-1.54,26.89,-33.52,2.78
2026-01-13 13:31:00+00:00,2.06,0.75,-1.47,20.11,-33.89,2.64
2026-01-13 13:32:00+00:00,2.08,0.72,-0.89,19.14,-21.95,2.38
2026-01-13 13:33:00+00:00,2.00,1.62,-0.76,39.10,-16.43,2.68
2026-01-13 13:34:00+00:00,2.11,1.42,-0.42,33.95,-9.47,2.58
2026-01-13 13:35:00+00:00,2.02,1.57,-0.88,37.82,-18.95,2.70
2026-01-13 13:36:00+00:00,2.01,1.34,-0.82,33.72,-18.82,2.56
2026-01-13 13:38:00+00:00,1.77,1.12,-0.67,32.29,-17.81,2.20
2026-01-13 13:39:00+00:00,1.62,1.02,-1.22,32.11,-32.58,2.27
2026-01-13 13:40:00+00:00,1.41,1.42,-1.83,45.10,-42.41,2.71
2026-01-13 13:42:00+00:00,1.67,1.23,-1.20,36.33,-30.07,2.40
2026-01-13 13:43:00+00:00,1.71,1.16,-1.39,34.06,-33.92,2.49
2026-01-13 13:44:00+00:00,1.71,0.96,-1.85,29.20,-43.37,2.70
2026-01-13 13:45:00+00:00,1.66,0.45,-3.11,15.32,-61.02,3.55
2026-01-13 13:46:00+00:00,1.40,0.87,-4.13,31.70,-68.27,4.45
2026-01-13 13:47:00+00:00,1.41,0.91,-3.84,32.79,-66.41,4.19
2026-01-13 13:48:00+00:00,1.24,1.14,-4.26,42.61,-68.40,4.58
2026-01-13 13:49:00+00:00,1.26,1.41,-3.65,48.23,-62.70,4.11
2026-01-13 13:50:00+00:00,1.42,0.92,-3.21,32.83,-62.20,3.63
2026-01-13 13:51:00+00:00,1.35,1.61,-3.24,49.94,-57.06,3.86
2026-01-13 13:52:00+00:00,1.24,2.10,-3.45,59.43,-54.69,4.23
2026-01-13 13:53:00+00:00,1.28,2.80,-2.60,65.54,-40.18,4.03
2026-01-13 13:54:00+00:00,1.23,2.97,-2.86,67.44,-41.69,4.31
2026-01-13 13:55:00+00:00,1.43,2.18,-3.07,56.77,-49.73,4.03
2026-01-13 13:56:00+00:00,1.56,2.17,-3.08,54.26,-49.05,4.07
2026-01-13 13:57:00+00:00,1.77,1.07,-4.12,31.25,-63.36,4.61
2026-01-13 13:58:00+00:00,2.13,0.94,-3.74,23.93,-58.14,4.41
2026-01-13 14:00:00+00:00,2.98,0.83,-3.37,15.49,-47.44,4.58
2026-01-13 14:01:00+00:00,3.19,0.47,-3.29,8.36,-45.55,4.61
2026-01-13 14:02:00+00:00,3.25,0.83,-3.56,14.30,-46.65,4.89
2026-01-13 14:03:00+00:00,3.34,1.08,-3.79,17.86,-47.16,5.16
2026-01-13 14:05:00+00:00,3.55,1.38,-2.99,21.26,-38.12,4.84
2026-01-13 14:06:00+00:00,3.59,1.63,-2.71,24.39,-34.47,4.78
2026-01-13 14:07:00+00:00,3.57,1.82,-3.02,26.98,-37.03,5.01
2026-01-13 14:09:00+00:00,3.54,2.60,-2.64,36.35,-30.96,5.12
2026-01-13 14:11:00+00:00,3.64,2.27,-2.05,32.02,-25.56,4.76
2026-01-13 14:12:00+00:00,3.45,2.50,-2.07,35.95,-25.95,4.74
2026-01-13 14:13:00+00:00,3.23,2.14,-2.98,33.58,-37.58,4.89
2026-01-13 14:14:00+00:00,2.54,3.01,-3.51,49.78,-41.68,5.27
2026-01-13 14:15:00+00:00,2.00,2.73,-3.37,53.81,-44.85,4.78
2026-01-13 14:16:00+00:00,1.69,2.40,-2.98,54.78,-45.37,4.18
2026-01-13 14:18:00+00:00,1.50,2.38,-2.00,57.73,-35.49,3.45
2026-01-13 14:19:00+00:00,1.46,2.02,-2.10,54.12,-40.12,3.27
2026-01-13 14:20:00+00:00,1.02,2.45,-2.49,67.45,-43.18,3.64
2026-01-13 14:22:00+00:00,1.31,2.34,-1.29,60.79,-25.63,2.98
2026-01-13 14:24:00+00:00,2.09,0.07,-0.06,1.99,-1.65,2.10
2026-01-13 14:26:00+00:00,2.16,0.30,1.15,8.04,27.89,2.46
2026-01-13 14:28:00+00:00,2.06,0.48,1.37,13.00,32.89,2.52
2026-01-13 14:29:00+00:00,2.24,0.00,2.18,0.01,44.25,3.12
2026-01-13 14:33:00+00:00,2.70,-5.40,-0.57,296.59,-5.37,6.06
2026-01-13 14:50:00+00:00,2.24,1.24,0.05,28.89,1.04,2.56
2026-01-13 14:55:00+00:00,2.22,-5.07,-2.46,293.68,-23.98,6.06
2026-01-13 15:19:00+00:00,2.57,-5.30,-0.87,295.84,-8.44,5.95
2026-01-13 15:22:00+00:00,1.62,-5.92,-1.12,285.28,-10.38,6.24
2026-01-13 15:23:00+00:00,2.45,-5.17,-1.53,295.33,-14.99,5.92
2026-01-13 15:24:00+00:00,4.20,-2.86,-2.52,325.78,-26.37,5.67
2026-01-13 15:27:00+00:00,4.16,-3.26,-2.54,321.88,-25.64,5.86
2026-01-13 15:28:00+00:00,4.17,-3.26,-2.41,321.95,-24.50,5.82
2026-01-13 15:29:00+00:00,3.87,-3.53,-2.86,317.63,-28.60,5.97
2026-01-13 15:32:00+00:00,4.05,-3.36,-2.82,320.32,-28.22,5.97
2026-01-13 15:34:00+00:00,3.85,-3.40,-2.82,318.53,-28.73,5.86
2026-01-13 15:37:00+00:00,4.30,-2.89,-2.60,326.09,-26.67,5.79
2026-01-13 15:38:00+00:00,4.16,-2.80,-2.67,326.09,-28.03,5.68
2026-01-13 15:40:00+00:00,2.58,-4.43,-1.32,300.29,-14.48,5.29
2026-01-13 15:44:00+00:00,2.63,-4.73,-1.53,299.09,-15.78,5.63
2026-01-13 15:49:00+00:00,2.52,-4.90,-2.20,297.26,-21.76,5.93
2026-01-13 15:50:00+00:00,2.64,-5.54,-1.64,295.48,-15.00,6.35
2026-01-13 15:54:00+00:00,2.83,-5.51,-2.00,297.18,-17.88,6.51
2026-01-13 15:55:00+00:00,2.87,-5.41,-2.11,297.98,-19.02,6.48
2026-01-13 15:56:00+00:00,2.86,-5.12,-2.64,299.18,-24.29,6.43
2026-01-13 15:57:00+00:00,2.90,-5.39,-2.30,298.27,-20.63,6.54
2026-01-13 15:58:00+00:00,2.57,-5.73,-1.86,294.13,-16.52,6.55
2026-01-13 16:00:00+00:00,2.65,-5.40,-2.53,296.11,-22.77,6.53
2026-01-13 16:01:00+00:00,3.27,-4.93,-2.09,303.57,-19.44,6.28
2026-01-13 16:02:00+00:00,3.22,-4.93,-2.41,303.18,-22.27,6.36
2026-01-13 16:03:00+00:00,2.77,-5.11,-2.61,298.48,-24.17,6.37
2026-01-13 16:04:00+00:00,2.66,-5.32,-2.53,296.56,-23.07,6.46
2026-01-13 16:05:00+00:00,2.77,-5.18,-2.45,298.13,-22.63,6.36
2026-01-13 16:06:00+00:00,2.49,-5.25,-2.44,295.41,-22.74,6.30
2026-01-13 16:07:00+00:00,2.07,-5.05,-2.58,292.27,-25.27,6.04
2026-01-13 16:08:00+00:00,2.45,-5.20,-2.36,295.20,-22.30,6.22
2026-01-13 16:09:00+00:00,2.42,-5.33,-2.26,294.42,-21.13,6.27
2026-01-13 16:10:00+00:00,2.61,-5.46,-2.45,295.52,-22.04,6.53
2026-01-13 16:11:00+00:00,2.74,-5.33,-2.44,297.16,-22.14,6.47
2026-01-13 16:12:00+00:00,2.61,-5.29,-2.45,296.23,-22.56,6.39
2026-01-13 16:13:00+00:00,2.65,-5.44,-1.98,295.92,-18.11,6.37
2026-01-13 16:15:00+00:00,2.86,-4.71,-2.41,301.28,-23.57,6.02
2026-01-13 16:16:00+00:00,2.57,-4.73,-2.80,298.49,-27.46,6.06
2026-01-13 16:17:00+00:00,2.58,-4.80,-2.73,298.24,-26.61,6.10
2026-01-13 16:18:00+00:00,2.95,-4.73,-2.63,301.99,-25.27,6.16
2026-01-13 16:19:00+00:00,3.43,-4.30,-2.52,308.63,-24.58,6.05
2026-01-13 16:20:00+00:00,3.39,-4.34,-2.26,308.04,-22.27,5.95
2026-01-13 16:21:00+00:00,3.45,-4.25,-2.00,309.11,-20.04,5.83
2026-01-13 16:22:00+00:00,3.53,-3.98,-2.08,311.54,-21.39,5.71
2026-01-13 16:23:00+00:00,3.32,-4.22,-2.06,308.16,-20.96,5.75
2026-01-13 16:24:00+00:00,3.49,-3.86,-2.34,312.17,-24.19,5.70
2026-01-13 16:25:00+00:00,3.67,-4.07,-1.87,312.02,-18.80,5.79
2026-01-13 16:26:00+00:00,3.74,-3.96,-2.23,313.37,-22.27,5.88
2026-01-13 16:27:00+00:00,3.77,-3.98,-2.28,313.41,-22.61,5.94
2026-01-13 16:28:00+00:00,3.41,-4.33,-1.98,308.21,-19.71,5.86
2026-01-13 16:29:00+00:00,3.02,-4.76,-1.61,302.35,-15.96,5.86
2026-01-13 16:30:00+00:00,3.59,-4.33,-2.04,309.70,-19.97,5.99
2026-01-13 16:31:00+00:00,3.81,-4.27,-1.93,311.74,-18.65,6.04
2026-01-13 16:32:00+00:00,3.98,-4.17,-1.84,313.62,-17.69,6.05
2026-01-13 16:33:00+00:00,3.72,-4.22,-2.07,311.42,-20.19,5.99
2026-01-13 16:35:00+00:00,3.54,-4.75,-1.93,306.68,-18.04,6.23
2026-01-13 16:36:00+00:00,3.58,-4.62,-2.14,307.77,-20.09,6.23
2026-01-13 16:37:00+00:00,3.47,-4.78,-2.57,305.93,-23.55,6.44
2026-01-13 16:39:00+00:00,3.54,-4.80,-2.56,306.45,-23.20,6.49
2026-01-13 16:40:00+00:00,3.55,-4.75,-2.31,306.81,-21.27,6.36
2026-01-13 16:41:00+00:00,3.57,-4.71,-2.18,307.14,-20.28,6.30
2026-01-13 16:42:00+00:00,3.82,-4.44,-1.71,310.67,-16.30,6.10
2026-01-13 16:43:00+00:00,3.83,-4.35,-2.17,311.40,-20.49,6.19
2026-01-13 16:44:00+00:00,3.77,-4.55,-2.02,309.65,-18.86,6.25
2026-01-13 16:45:00+00:00,3.80,-4.52,-2.20,310.03,-20.45,6.30
2026-01-13 16:46:00+00:00,3.64,-4.67,-2.34,307.91,-21.55,6.36
2026-01-13 16:47:00+00:00,3.74,-4.64,-2.69,308.86,-24.27,6.54
2026-01-13 16:48:00+00:00,3.79,-4.58,-2.61,309.61,-23.70,6.50
2026-01-13 16:49:00+00:00,3.96,-4.41,-2.20,311.89,-20.35,6.32
2026-01-13 16:50:00+00:00,3.75,-4.48,-2.59,309.90,-23.91,6.39
2026-01-13 16:51:00+00:00,3.74,-4.76,-1.86,308.17,-17.06,6.33
2026-01-13 16:52:00+00:00,3.29,-4.79,-2.77,304.49,-25.48,6.44
2026-01-13 16:53:00+00:00,3.12,-4.83,-2.69,302.80,-25.07,6.35
2026-01-13 16:54:00+00:00,3.22,-4.93,-2.62,303.12,-24.00,6.44
2026-01-13 16:55:00+00:00,3.21,-4.88,-2.61,303.28,-24.11,6.40
2026-01-13 16:56:00+00:00,3.15,-4.93,-2.38,302.60,-22.12,6.32
2026-01-13 16:57:00+00:00,2.98,-5.01,-2.39,300.69,-22.31,6.30
2026-01-13 16:58:00+00:00,2.94,-5.19,-2.18,299.54,-20.08,6.35
2026-01-13 16:59:00+00:00,2.88,-5.31,-2.07,298.48,-18.92,6.38
2026-01-13 17:00:00+00:00,2.96,-5.34,-1.87,298.98,-17.01,6.38
2026-01-13 17:01:00+00:00,3.14,-5.26,-1.63,300.82,-14.92,6.33
2026-01-13 17:02:00+00:00,3.29,-5.30,-1.10,301.81,-9.98,6.33
2026-01-13 17:03:00+00:00,3.18,-5.34,-0.85,300.77,-7.78,6.27
2026-01-13 17:04:00+00:00,3.09,-5.30,-0.67,300.29,-6.23,6.17
2026-01-13 17:05:00+00:00,3.19,-5.22,-0.64,301.42,-5.98,6.15
2026-01-13 17:06:00+00:00,3.48,-5.01,-0.83,304.76,-7.79,6.16
2026-01-13 17:07:00+00:00,3.85,-4.38,-1.81,311.34,-17.21,6.11
2026-01-13 17:08:00+00:00,3.50,-4.31,-2.59,309.09,-24.99,6.12
2026-01-13 17:09:00+00:00,3.85,-4.14,-2.38,312.95,-22.85,6.14
2026-01-13 17:10:00+00:00,3.90,-3.95,-2.48,314.62,-24.05,6.08
2026-01-13 17:11:00+00:00,3.60,-3.90,-3.08,312.70,-30.12,6.14
