time_tag,density,speed,temperature
2026-01-09 23:57:00+00:00,3.86,473.7,160554
2026-01-09 23:58:00+00:00,3.71,477.0,183972
2026-01-09 23:59:00+00:00,3.69,478.0,201786
2026-01-10 00:00:00+00:00,4.10,479.1,207919
2026-01-10 00:01:00+00:00,4.13,479.9,200099
2026-01-10 00:02:00+00:00,3.69,473.6,184268
2026-01-10 00:03:00+00:00,3.72,473.6,186019
2026-01-10 00:04:00+00:00,3.97,472.6,205660
2026-01-10 00:05:00+00:00,4.20,476.9,227939
2026-01-10 00:06:00+00:00,4.20,,
2026-01-10 00:07:00+00:00,3.78,475.3,140433
2026-01-10 00:08:00+00:00,3.65,473.5,141843
2026-01-10 00:09:00+00:00,3.84,473.4,129930
2026-01-10 00:10:00+00:00,3.92,473.5,125853
2026-01-10 00:11:00+00:00,3.84,486.6,223083
2026-01-10 00:12:00+00:00,4.23,487.7,183251
2026-01-10 00:13:00+00:00,6.05,496.5,145272
2026-01-10 00:14:00+00:00,6.00,493.0,155355
2026-01-10 00:15:00+00:00,3.71,477.0,202225
2026-01-10 00:16:00+00:00,3.82,479.1,237413
2026-01-10 00:17:00+00:00,4.17,484.2,222009
2026-01-10 00:18:00+00:00,4.36,492.4,249354
2026-01-10 00:19:00+00:00,3.90,483.9,172686
2026-01-10 00:20:00+00:00,3.69,477.8,230291
2026-01-10 00:21:00+00:00,3.94,480.7,183740
2026-01-10 00:22:00+00:00,3.94,,
2026-01-10 00:23:00+00:00,0.11,402.2,38880
2026-01-10 00:24:00+00:00,3.61,473.0,153891
2026-01-10 00:25:00+00:00,3.94,488.0,180350
2026-01-10 00:26:00+00:00,3.78,487.7,180564
2026-01-10 00:27:00+00:00,4.29,483.7,141564
2026-01-10 00:28:00+00:00,4.27,478.1,172715
2026-01-10 00:29:00+00:00,4.44,476.0,181041
2026-01-10 00:30:00+00:00,4.63,478.6,162696
2026-01-10 00:31:00+00:00,3.72,474.2,156211
2026-01-10 00:32:00+00:00,4.07,475.1,152685
2026-01-10 00:33:00+00:00,4.92,480.5,154467
2026-01-10 00:34:00+00:00,4.88,491.8,193151
2026-01-10 00:35:00+00:00,5.00,485.4,131929
2026-01-10 00:36:00+00:00,4.99,485.4,132093
2026-01-10 00:37:00+00:00,4.60,486.3,141777
2026-01-10 00:38:00+00:00,4.60,481.0,150062
2026-01-10 00:39:00+00:00,5.12,482.7,148267
2026-01-10 00:40:00+00:00,4.20,488.6,164646
2026-01-10 00:41:00+00:00,4.39,483.1,172655
2026-01-10 00:42:00+00:00,4.52,480.8,174077
2026-01-10 00:43:00+00:00,5.26,473.5,140667
2026-01-10 00:44:00+00:00,5.47,473.2,138926
2026-01-10 00:45:00+00:00,6.07,475.4,127139
2026-01-10 00:46:00+00:00,5.92,476.5,114562
2026-01-10 00:47:00+00:00,5.49,471.3,117194
2026-01-10 00:48:00+00:00,6.51,465.1,121171
2026-01-10 00:49:00+00:00,7.17,465.3,109504
2026-01-10 00:50:00+00:00,7.22,468.1,112317
2026-01-10 00:51:00+00:00,6.55,463.2,117990
2026-01-10 00:52:00+00:00,6.81,464.8,117148
2026-01-10 00:53:00+00:00,6.51,466.8,132732
2026-01-10 00:54:00+00:00,6.51,,
2026-01-10 00:55:00+00:00,6.40,465.9,88028
2026-01-10 00:56:00+00:00,6.91,464.3,97169
2026-01-10 00:57:00+00:00,5.99,463.4,103624
2026-01-10 00:58:00+00:00,5.64,463.2,105091
2026-01-10 00:59:00+00:00,4.20,482.9,146650
2026-01-10 01:00:00+00:00,5.56,480.3,124463
2026-01-10 01:01:00+00:00,6.64,472.7,110225
2026-01-10 01:02:00+00:00,6.26,469.1,117352
2026-01-10 01:03:00+00:00,5.62,471.5,117178
2026-01-10 01:04:00+00:00,5.29,471.5,108238
2026-01-10 01:05:00+00:00,5.41,475.4,103762
2026-01-10 01:06:00+00:00,6.19,474.7,93809
2026-01-10 01:07:00+00:00,6.32,472.5,78693
2026-01-10 01:08:00+00:00,7.08,,
2026-01-10 01:09:00+00:00,7.08,467.9,94865
2026-01-10 01:10:00+00:00,7.08,,
2026-01-10 01:11:00+00:00,7.28,467.4,95829
2026-01-10 01:12:00+00:00,6.91,463.5,100777
2026-01-10 01:13:00+00:00,7.17,467.9,97877
2026-01-10 01:14:00+00:00,7.28,469.6,96540
2026-01-10 01:15:00+00:00,7.18,469.1,103689
2026-01-10 01:16:00+00:00,6.24,464.6,130520
2026-01-10 01:17:00+00:00,5.49,465.4,136109
2026-01-10 01:18:00+00:00,5.00,475.3,121289
2026-01-10 01:19:00+00:00,4.88,489.2,140513
2026-01-10 01:20:00+00:00,5.47,495.8,157331
2026-01-10 01:21:00+00:00,4.13,480.6,123811
2026-01-10 01:22:00+00:00,4.37,478.3,109849
2026-01-10 01:23:00+00:00,5.01,476.0,99865
2026-01-10 01:24:00+00:00,6.09,469.2,111362
2026-01-10 01:25:00+00:00,6.48,481.4,105746
2026-01-10 01:26:00+00:00,6.68,496.8,126922
2026-01-10 01:27:00+00:00,7.06,490.5,119817
2026-01-10 01:28:00+00:00,7.54,493.1,120018
2026-01-10 01:29:00+00:00,6.94,489.9,106769
2026-01-10 01:30:00+00:00,6.71,488.6,102257
2026-01-10 01:31:00+00:00,5.91,495.1,138339
2026-01-10 01:32:00+00:00,6.24,495.0,139481
2026-01-10 01:33:00+00:00,6.13,496.6,133791
2026-01-10 01:34:00+00:00,5.72,498.4,126709
2026-01-10 01:35:00+00:00,7.02,495.3,128157
2026-01-10 01:36:00+00:00,6.88,495.0,128763
2026-01-10 01:37:00+00:00,8.60,497.6,126919
2026-01-10 01:38:00+00:00,14.79,504.3,114460
2026-01-10 01:39:00+00:00,7.34,472.9,111904
2026-01-10 01:40:00+00:00,6.65,476.4,99735
2026-01-10 01:42:00+00:00,10.34,460.6,182078
2026-01-10 01:43:00+00:00,6.62,481.3,104414
2026-01-10 01:44:00+00:00,6.03,485.8,108865
2026-01-10 01:45:00+00:00,6.46,488.5,110512
2026-01-10 01:46:00+00:00,6.61,489.2,109961
2026-01-10 01:47:00+00:00,7.21,490.8,124561
2026-01-10 01:48:00+00:00,6.84,492.4,123184
2026-01-10 01:49:00+00:00,6.56,497.0,136127
2026-01-10 01:50:00+00:00,6.60,499.8,150880
2026-01-10 01:51:00+00:00,6.77,496.1,142902
2026-01-10 01:52:00+00:00,6.65,491.1,125365
2026-01-10 01:53:00+00:00,5.11,488.2,110434
2026-01-10 01:54:00+00:00,3.40,481.9,98897
2026-01-10 01:55:00+00:00,5.51,500.7,162024
2026-01-10 01:56:00+00:00,6.43,511.5,187205
2026-01-10 01:57:00+00:00,5.35,497.3,161373
2026-01-10 01:58:00+00:00,5.35,,
2026-01-10 01:59:00+00:00,7.29,481.0,106297
2026-01-10 02:00:00+00:00,7.47,480.3,109535
2026-01-10 02:01:00+00:00,7.45,477.9,133656
2026-01-10 02:02:00+00:00,7.43,477.1,141454
2026-01-10 02:03:00+00:00,6.47,459.3,169699
2026-01-10 02:04:00+00:00,7.10,453.3,162174
2026-01-10 02:05:00+00:00,6.84,448.5,136540
2026-01-10 02:06:00+00:00,6.30,453.9,143450
2026-01-10 02:07:00+00:00,6.92,462.7,168685
2026-01-10 02:08:00+00:00,7.27,463.5,145156
2026-01-10 02:09:00+00:00,6.76,456.0,136083
2026-01-10 02:10:00+00:00,5.95,446.4,96864
2026-01-10 02:11:00+00:00,8.17,459.9,150789
2026-01-10 02:12:00+00:00,7.05,461.8,169848
2026-01-10 02:13:00+00:00,6.79,464.7,155469
2026-01-10 02:14:00+00:00,6.79,,
2026-01-10 02:15:00+00:00,8.42,487.7,136733
2026-01-10 02:16:00+00:00,8.53,504.9,158610
2026-01-10 02:17:00+00:00,8.18,507.2,146251
2026-01-10 02:18:00+00:00,8.06,506.7,140494
2026-01-10 02:19:00+00:00,6.42,489.3,148735
2026-01-10 02:20:00+00:00,6.66,488.8,144129
2026-01-10 02:21:00+00:00,6.13,487.8,134663
2026-01-10 02:22:00+00:00,5.35,487.1,128572
2026-01-10 02:23:00+00:00,4.66,485.2,135710
2026-01-10 02:24:00+00:00,4.54,486.0,147969
2026-01-10 02:25:00+00:00,3.99,483.0,155403
2026-01-10 02:26:00+00:00,3.37,467.8,85093
2026-01-10 02:27:00+00:00,4.51,481.2,168521
2026-01-10 02:28:00+00:00,4.13,484.7,156749
2026-01-10 02:29:00+00:00,4.38,470.9,178941
2026-01-10 02:30:00+00:00,4.41,463.4,230607
2026-01-10 02:31:00+00:00,4.26,476.1,185324
2026-01-10 02:32:00+00:00,4.29,467.8,181162
2026-01-10 02:33:00+00:00,3.83,472.9,145424
2026-01-10 02:34:00+00:00,3.67,475.3,133349
2026-01-10 02:35:00+00:00,3.28,485.8,153820
2026-01-10 02:36:00+00:00,2.80,483.8,157110
2026-01-10 02:37:00+00:00,2.90,479.2,157873
2026-01-10 02:38:00+00:00,3.90,473.2,149303
2026-01-10 02:39:00+00:00,4.50,471.3,144881
2026-01-10 02:40:00+00:00,4.66,472.4,150211
2026-01-10 02:41:00+00:00,5.30,461.3,126860
2026-01-10 02:42:00+00:00,4.90,451.6,81629
2026-01-10 02:43:00+00:00,5.87,458.2,129952
2026-01-10 02:44:00+00:00,5.59,460.3,143721
2026-01-10 02:45:00+00:00,5.71,457.4,121726
2026-01-10 02:46:00+00:00,6.07,462.1,135479
2026-01-10 02:47:00+00:00,6.09,462.3,136203
2026-01-10 02:48:00+00:00,5.47,473.7,164376
2026-01-10 02:49:00+00:00,6.65,470.6,165903
2026-01-10 02:50:00+00:00,7.05,469.6,166413
2026-01-10 02:51:00+00:00,6.89,477.1,139150
2026-01-10 02:52:00+00:00,6.75,474.8,140606
2026-01-10 02:53:00+00:00,6.87,472.5,142614
2026-01-10 02:54:00+00:00,6.85,471.7,141956
2026-01-10 02:55:00+00:00,6.76,471.1,141399
2026-01-10 02:56:00+00:00,6.98,471.1,149076
2026-01-10 02:57:00+00:00,5.99,467.4,145186
2026-01-10 02:58:00+00:00,4.64,458.9,108609
2026-01-10 02:59:00+00:00,3.59,471.9,221475
2026-01-10 03:00:00+00:00,4.36,472.7,167723
2026-01-10 03:01:00+00:00,5.04,469.7,140575
2026-01-10 03:02:00+00:00,4.81,471.7,151780
2026-01-10 03:03:00+00:00,4.84,469.7,166304
2026-01-10 03:04:00+00:00,3.81,468.7,143260
2026-01-10 03:05:00+00:00,4.46,486.4,166537
2026-01-10 03:06:00+00:00,4.75,492.4,176158
2026-01-10 03:07:00+00:00,5.59,496.9,163798
2026-01-10 03:08:00+00:00,5.36,494.8,146516
2026-01-10 03:09:00+00:00,5.27,491.9,127683
2026-01-10 03:10:00+00:00,5.06,491.9,129300
2026-01-10 03:11:00+00:00,4.98,481.6,157850
2026-01-10 03:12:00+00:00,5.37,464.8,179987
2026-01-10 03:13:00+00:00,4.73,483.2,159102
2026-01-10 03:14:00+00:00,4.84,496.9,199012
2026-01-10 03:15:00+00:00,4.11,478.9,144470
2026-01-10 03:16:00+00:00,3.79,479.0,126409
2026-01-10 03:17:00+00:00,3.40,480.9,151926
2026-01-10 03:18:00+00:00,3.22,498.8,178895
2026-01-10 03:19:00+00:00,3.99,478.0,169623
2026-01-10 03:20:00+00:00,4.09,475.1,168211
2026-01-10 03:21:00+00:00,5.01,476.0,192037
2026-01-10 03:22:00+00:00,5.01,476.0,192037
2026-01-10 03:23:00+00:00,3.77,484.0,169391
2026-01-10 03:24:00+00:00,4.33,486.8,173003
2026-01-10 03:25:00+00:00,4.56,486.8,162331
2026-01-10 03:26:00+00:00,4.31,484.4,147764
2026-01-10 03:27:00+00:00,4.36,487.9,148670
2026-01-10 03:28:00+00:00,4.70,489.1,152043
2026-01-10 03:29:00+00:00,6.01,495.5,177420
2026-01-10 03:30:00+00:00,7.35,504.6,225680
2026-01-10 03:31:00+00:00,5.50,487.5,155801
2026-01-10 03:32:00+00:00,5.53,487.5,176170
2026-01-10 03:33:00+00:00,5.83,484.4,204614
2026-01-10 03:34:00+00:00,5.78,510.4,284778
2026-01-10 03:35:00+00:00,4.88,484.0,180746
2026-01-10 03:36:00+00:00,4.83,479.4,163612
2026-01-10 03:37:00+00:00,4.70,477.8,181494
2026-01-10 03:38:00+00:00,4.65,477.3,187668
2026-01-10 03:39:00+00:00,5.12,479.5,204714
2026-01-10 03:40:00+00:00,5.01,478.2,202401
2026-01-10 03:41:00+00:00,4.99,478.8,197280
2026-01-10 03:42:00+00:00,5.05,480.7,191507
2026-01-10 03:43:00+00:00,5.09,481.3,187387
2026-01-10 03:44:00+00:00,4.80,482.3,184415
2026-01-10 03:45:00+00:00,4.19,484.7,194779
2026-01-10 03:46:00+00:00,5.79,485.6,226073
2026-01-10 03:47:00+00:00,4.69,465.6,120228
2026-01-10 03:48:00+00:00,4.57,465.3,115687
2026-01-10 03:49:00+00:00,4.67,465.5,134529
2026-01-10 03:50:00+00:00,4.61,464.1,135329
2026-01-10 03:51:00+00:00,5.12,461.3,165646
2026-01-10 03:52:00+00:00,4.36,465.7,173450
2026-01-10 03:53:00+00:00,4.17,466.8,174305
2026-01-10 03:55:00+00:00,4.13,464.3,178300
2026-01-10 03:56:00+00:00,4.69,465.6,201099
2026-01-10 03:57:00+00:00,4.95,473.4,177144
2026-01-10 03:58:00+00:00,5.08,478.3,139036
2026-01-10 04:00:00+00:00,4.30,474.8,184035
2026-01-10 04:01:00+00:00,4.30,474.8,184035
2026-01-10 04:02:00+00:00,5.01,485.0,136660
2026-01-10 04:03:00+00:00,5.00,486.5,137381
2026-01-10 04:04:00+00:00,4.97,502.5,145517
2026-01-10 04:05:00+00:00,4.36,486.7,157731
2026-01-10 04:06:00+00:00,4.36,,
2026-01-10 04:07:00+00:00,5.02,476.9,173138
2026-01-10 04:08:00+00:00,5.23,473.9,133949
2026-01-10 04:09:00+00:00,6.26,482.8,186120
2026-01-10 04:10:00+00:00,6.59,486.0,206443
2026-01-10 04:11:00+00:00,5.65,476.4,132242
2026-01-10 04:12:00+00:00,5.61,482.7,141511
2026-01-10 04:13:00+00:00,5.69,495.5,165125
2026-01-10 04:14:00+00:00,5.82,503.6,182263
2026-01-10 04:15:00+00:00,5.16,479.1,130319
2026-01-10 04:16:00+00:00,4.82,474.5,137469
2026-01-10 04:17:00+00:00,3.96,462.9,155554
2026-01-10 04:18:00+00:00,4.33,474.4,133763
2026-01-10 04:19:00+00:00,4.39,474.2,131546
2026-01-10 04:20:00+00:00,5.03,471.5,107153
2026-01-10 04:21:00+00:00,4.85,473.8,106798
2026-01-10 04:22:00+00:00,4.85,,
2026-01-10 04:23:00+00:00,5.09,472.8,105095
2026-01-10 04:24:00+00:00,5.16,473.0,104392
2026-01-10 04:27:00+00:00,5.50,480.8,78957
2026-01-10 04:28:00+00:00,5.98,483.2,87945
2026-01-10 04:29:00+00:00,6.43,499.3,109739
2026-01-10 04:30:00+00:00,6.51,514.6,125176
2026-01-10 04:31:00+00:00,4.42,483.6,109976
2026-01-10 04:32:00+00:00,4.50,483.2,102311
2026-01-10 04:33:00+00:00,4.72,482.1,82922
2026-01-10 04:34:00+00:00,3.45,490.2,126522
2026-01-10 04:35:00+00:00,3.59,490.1,124159
2026-01-10 04:36:00+00:00,5.08,488.1,98292
2026-01-10 04:37:00+00:00,3.69,495.3,105970
2026-01-10 04:38:00+00:00,3.69,,
2026-01-10 04:39:00+00:00,4.50,493.5,92710
2026-01-10 04:40:00+00:00,5.11,491.3,93699
2026-01-10 04:41:00+00:00,6.16,503.4,151102
2026-01-10 04:42:00+00:00,6.46,507.6,170163
2026-01-10 04:43:00+00:00,5.18,489.0,94567
2026-01-10 04:44:00+00:00,5.50,491.2,91227
2026-01-10 04:45:00+00:00,5.69,508.7,103620
2026-01-10 04:46:00+00:00,5.26,513.2,109994
2026-01-10 04:47:00+00:00,4.94,495.9,99539
2026-01-10 04:48:00+00:00,5.42,496.9,106493
2026-01-10 04:49:00+00:00,5.78,500.4,108776
2026-01-10 04:50:00+00:00,5.37,469.3,175641
2026-01-10 04:51:00+00:00,5.34,469.5,172225
2026-01-10 04:52:00+00:00,5.09,471.4,134617
2026-01-10 04:53:00+00:00,5.14,473.3,132617
2026-01-10 04:54:00+00:00,5.14,,
2026-01-10 04:55:00+00:00,5.54,479.1,113181
2026-01-10 04:56:00+00:00,6.34,491.0,124808
2026-01-10 04:57:00+00:00,8.29,505.7,176900
2026-01-10 04:58:00+00:00,8.88,509.7,193394
2026-01-10 05:00:00+00:00,5.33,490.9,111921
2026-01-10 05:01:00+00:00,4.73,481.4,93345
2026-01-10 05:02:00+00:00,4.18,475.7,94948
2026-01-10 05:03:00+00:00,4.66,483.0,121789
2026-01-10 05:04:00+00:00,5.30,482.6,115996
2026-01-10 05:05:00+00:00,5.16,474.1,108489
2026-01-10 05:06:00+00:00,4.91,466.5,85976
2026-01-10 05:07:00+00:00,4.53,479.2,120104
2026-01-10 05:08:00+00:00,4.49,483.3,118004
2026-01-10 05:09:00+00:00,5.31,482.8,103979
2026-01-10 05:10:00+00:00,5.31,,
2026-01-10 05:11:00+00:00,4.46,488.1,110866
2026-01-10 05:12:00+00:00,4.37,487.0,112660
2026-01-10 05:13:00+00:00,3.88,486.9,161355
2026-01-10 05:14:00+00:00,3.72,487.0,177452
2026-01-10 05:15:00+00:00,3.26,473.4,163945
2026-01-10 05:16:00+00:00,3.75,471.0,149362
2026-01-10 05:17:00+00:00,4.33,474.3,161352
2026-01-10 05:18:00+00:00,4.52,479.9,186924
2026-01-10 05:19:00+00:00,3.76,471.2,156722
2026-01-10 05:20:00+00:00,3.86,470.6,156086
2026-01-10 05:21:00+00:00,4.10,469.1,154479
2026-01-10 05:22:00+00:00,3.89,466.1,140283
2026-01-10 05:23:00+00:00,3.86,466.8,141448
2026-01-10 05:24:00+00:00,3.53,474.6,154788
2026-01-10 05:25:00+00:00,3.49,478.1,185731
2026-01-10 05:26:00+00:00,3.49,,
2026-01-10 05:27:00+00:00,3.85,480.4,102585
2026-01-10 05:28:00+00:00,4.21,481.1,112116
2026-01-10 05:29:00+00:00,4.29,483.9,134780
2026-01-10 05:30:00+00:00,4.29,484.8,141622
2026-01-10 05:31:00+00:00,3.73,483.3,144134
2026-01-10 05:32:00+00:00,3.73,483.3,144134
2026-01-10 05:33:00+00:00,4.20,535.7,288656
2026-01-10 05:34:00+00:00,4.20,535.7,288656
2026-01-10 05:35:00+00:00,5.08,483.8,108100
2026-01-10 05:36:00+00:00,5.17,483.4,101429
2026-01-10 05:37:00+00:00,5.37,482.3,84556
2026-01-10 05:38:00+00:00,5.24,487.0,83747
2026-01-10 05:39:00+00:00,5.31,486.7,83858
2026-01-10 05:40:00+00:00,6.05,483.5,85141
2026-01-10 05:41:00+00:00,5.01,491.9,89316
2026-01-10 05:42:00+00:00,5.01,,
2026-01-10 05:43:00+00:00,5.59,494.4,85920
2026-01-10 05:44:00+00:00,5.80,490.7,94120
2026-01-10 05:45:00+00:00,5.27,486.2,103501
2026-01-10 05:46:00+00:00,5.07,485.0,106014
2026-01-10 05:47:00+00:00,5.79,476.8,77406
2026-01-10 05:48:00+00:00,6.03,478.8,82050
2026-01-10 05:49:00+00:00,6.27,482.5,93097
2026-01-10 05:50:00+00:00,6.10,482.9,94928
2026-01-10 05:51:00+00:00,5.84,481.0,85715
2026-01-10 05:52:00+00:00,5.83,483.6,84299
2026-01-10 05:53:00+00:00,5.51,487.7,85095
2026-01-10 05:54:00+00:00,5.47,474.8,82959
2026-01-10 05:55:00+00:00,5.42,474.6,83566
2026-01-10 05:56:00+00:00,4.89,472.7,90325
2026-01-10 05:57:00+00:00,5.31,472.3,95465
2026-01-10 05:58:00+00:00,5.31,,
2026-01-10 05:59:00+00:00,5.59,503.0,84567
2026-01-10 06:00:00+00:00,5.00,497.7,93325
2026-01-10 06:01:00+00:00,5.29,494.3,91705
2026-01-10 06:02:00+00:00,5.42,493.6,90510
2026-01-10 06:03:00+00:00,4.14,482.9,105325
2026-01-10 06:04:00+00:00,4.03,481.7,102435
2026-01-10 06:05:00+00:00,3.94,480.8,100071
2026-01-10 06:07:00+00:00,2.08,480.8,141792
2026-01-10 06:08:00+00:00,2.09,484.0,133347
2026-01-10 06:09:00+00:00,2.22,488.7,119495
2026-01-10 06:10:00+00:00,2.83,475.5,141801
2026-01-10 06:11:00+00:00,4.25,474.6,114050
2026-01-10 06:12:00+00:00,4.86,476.2,110366
2026-01-10 06:13:00+00:00,5.41,474.5,105407
2026-01-10 06:14:00+00:00,5.41,,
2026-01-10 06:15:00+00:00,4.82,482.6,89682
2026-01-10 06:16:00+00:00,4.51,480.6,106264
2026-01-10 06:17:00+00:00,4.78,484.2,99215
2026-01-10 06:18:00+00:00,4.89,485.5,95625
2026-01-10 06:19:00+00:00,4.05,482.0,96572
2026-01-10 06:20:00+00:00,4.25,480.1,100458
2026-01-10 06:21:00+00:00,4.65,479.7,108778
2026-01-10 06:22:00+00:00,4.89,480.9,114273
2026-01-10 06:23:00+00:00,3.21,478.4,113517
2026-01-10 06:24:00+00:00,2.99,479.2,111379
2026-01-10 06:25:00+00:00,2.42,481.3,105970
2026-01-10 06:26:00+00:00,3.36,480.7,98492
2026-01-10 06:27:00+00:00,3.32,481.4,101524
2026-01-10 06:28:00+00:00,2.81,488.7,134911
2026-01-10 06:29:00+00:00,2.22,486.9,136894
2026-01-10 06:30:00+00:00,2.22,,
2026-01-10 06:31:00+00:00,2.02,488.5,135869
2026-01-10 06:32:00+00:00,2.03,488.7,127306
2026-01-10 06:33:00+00:00,1.79,487.5,124559
2026-01-10 06:34:00+00:00,1.71,487.1,124284
2026-01-10 06:35:00+00:00,2.85,474.2,131162
2026-01-10 06:36:00+00:00,3.39,473.5,127119
2026-01-10 06:37:00+00:00,3.83,472.9,123811
2026-01-10 06:39:00+00:00,2.26,471.7,107403
2026-01-10 06:40:00+00:00,2.13,476.0,110689
2026-01-10 06:41:00+00:00,1.81,486.9,119001
2026-01-10 06:42:00+00:00,2.03,483.7,117857
2026-01-10 06:43:00+00:00,2.06,483.1,119447
2026-01-10 06:44:00+00:00,2.34,475.7,136781
2026-01-10 06:45:00+00:00,2.36,477.3,127049
2026-01-10 06:46:00+00:00,2.36,,
2026-01-10 06:47:00+00:00,2.72,472.8,133919
2026-01-10 06:48:00+00:00,3.07,472.9,125100
2026-01-10 06:49:00+00:00,2.84,472.8,118414
2026-01-10 06:50:00+00:00,2.73,472.8,116846
2026-01-10 06:51:00+00:00,2.79,468.5,137239
2026-01-10 06:52:00+00:00,3.09,470.1,128357
2026-01-10 06:53:00+00:00,3.01,470.1,114685
2026-01-10 06:54:00+00:00,2.67,468.8,107840
2026-01-10 06:55:00+00:00,2.85,472.8,111869
2026-01-10 06:56:00+00:00,2.76,472.6,114025
2026-01-10 06:57:00+00:00,2.42,466.2,107401
2026-01-10 06:58:00+00:00,2.11,450.5,71541
2026-01-10 06:59:00+00:00,2.78,479.6,115333
2026-01-10 07:00:00+00:00,2.29,482.6,110845
2026-01-10 07:01:00+00:00,3.20,473.7,113759
2026-01-10 07:02:00+00:00,3.20,,
2026-01-10 07:03:00+00:00,2.67,472.4,109396
2026-01-10 07:04:00+00:00,2.82,470.7,122743
2026-01-10 07:05:00+00:00,2.81,468.2,119507
2026-01-10 07:06:00+00:00,2.80,467.5,117430
2026-01-10 07:07:00+00:00,2.25,472.7,116045
2026-01-10 07:08:00+00:00,2.28,472.1,118341
2026-01-10 07:09:00+00:00,2.27,465.6,103003
2026-01-10 07:10:00+00:00,2.23,459.2,84599
2026-01-10 07:12:00+00:00,3.43,467.0,116556
2026-01-10 07:13:00+00:00,3.32,460.7,105231
2026-01-10 07:14:00+00:00,3.09,442.6,76504
2026-01-10 07:15:00+00:00,4.11,469.2,140700
2026-01-10 07:16:00+00:00,5.13,480.3,85746
2026-01-10 07:17:00+00:00,4.87,486.9,98039
2026-01-10 07:18:00+00:00,4.87,,
2026-01-10 07:19:00+00:00,4.92,478.3,81727
2026-01-10 07:20:00+00:00,4.97,480.6,82872
2026-01-10 07:21:00+00:00,4.81,479.7,82946
2026-01-10 07:22:00+00:00,4.76,479.2,82884
2026-01-10 07:23:00+00:00,4.88,477.5,82790
2026-01-10 07:24:00+00:00,4.88,477.5,82790
2026-01-10 08:18:00+00:00,4.83,475.1,78986
2026-01-10 08:19:00+00:00,4.68,476.6,81117
2026-01-10 08:20:00+00:00,3.00,493.7,104451
2026-01-10 08:21:00+00:00,4.98,474.3,98220
2026-01-10 08:22:00+00:00,4.90,489.2,127787
2026-01-10 08:23:00+00:00,5.32,502.3,153766
2026-01-10 08:24:00+00:00,5.37,488.4,126376
2026-01-10 08:25:00+00:00,4.10,481.2,95162
2026-01-10 08:26:00+00:00,3.68,480.0,87049
2026-01-10 08:27:00+00:00,5.08,503.1,283963
2026-01-10 08:28:00+00:00,4.05,476.8,152719
2026-01-10 08:29:00+00:00,4.10,468.7,77738
2026-01-10 08:30:00+00:00,5.07,483.1,112372
2026-01-10 08:31:00+00:00,4.90,507.7,133685
2026-01-10 08:32:00+00:00,3.83,490.0,106816
2026-01-10 08:33:00+00:00,1.33,459.0,63456
2026-01-10 08:34:00+00:00,1.98,508.9,152403
2026-01-10 08:35:00+00:00,2.11,504.6,174408
2026-01-10 08:36:00+00:00,2.14,504.2,172794
2026-01-10 08:37:00+00:00,3.96,478.3,77545
2026-01-10 08:38:00+00:00,3.96,,
2026-01-10 08:39:00+00:00,5.21,488.6,143038
2026-01-10 08:40:00+00:00,3.66,461.6,66443
2026-01-10 08:41:00+00:00,3.85,460.9,82200
2026-01-10 08:42:00+00:00,4.03,462.7,93183
2026-01-10 08:43:00+00:00,5.17,483.7,157550
2026-01-10 08:44:00+00:00,2.90,457.4,97041
2026-01-10 08:45:00+00:00,2.52,446.1,62913
2026-01-10 08:46:00+00:00,4.08,457.1,79352
2026-01-10 08:47:00+00:00,3.68,460.0,76486
2026-01-10 08:48:00+00:00,3.52,454.7,68841
2026-01-10 08:49:00+00:00,3.10,441.4,49504
2026-01-10 08:51:00+00:00,2.92,450.7,89926
2026-01-10 08:52:00+00:00,2.93,451.8,90483
2026-01-10 08:53:00+00:00,3.34,512.2,123386
2026-01-10 08:54:00+00:00,2.18,491.5,118506
2026-01-10 08:55:00+00:00,3.37,485.0,194853
2026-01-10 08:56:00+00:00,2.78,454.6,71596
2026-01-10 08:57:00+00:00,3.92,465.9,87395
2026-01-10 08:58:00+00:00,4.35,471.8,102642
2026-01-10 08:59:00+00:00,4.45,492.8,134322
2026-01-10 09:00:00+00:00,3.23,464.1,80522
2026-01-10 09:01:00+00:00,3.03,458.8,65642
2026-01-10 09:02:00+00:00,3.88,478.2,96790
2026-01-10 09:03:00+00:00,4.71,502.4,186486
2026-01-10 09:04:00+00:00,3.90,494.6,152791
2026-01-10 09:05:00+00:00,2.16,476.2,71852
2026-01-10 09:06:00+00:00,3.27,481.5,87349
2026-01-10 09:07:00+00:00,2.74,455.2,51287
2026-01-10 09:08:00+00:00,2.77,455.7,52602
2026-01-10 09:09:00+00:00,4.55,487.5,130194
2026-01-10 09:10:00+00:00,4.73,471.0,117834
2026-01-10 09:11:00+00:00,3.81,493.4,111461
2026-01-10 09:12:00+00:00,2.21,455.5,52454
2026-01-10 09:13:00+00:00,3.67,459.5,67291
2026-01-10 09:14:00+00:00,4.26,464.0,76595
2026-01-10 09:15:00+00:00,5.75,475.5,109885
2026-01-10 09:16:00+00:00,3.83,457.0,63337
2026-01-10 09:17:00+00:00,2.84,455.9,62032
2026-01-10 09:18:00+00:00,3.47,470.8,101347
2026-01-10 09:19:00+00:00,3.36,484.9,116982
2026-01-10 09:20:00+00:00,3.40,488.0,117409
2026-01-10 09:21:00+00:00,3.57,492.0,112866
2026-01-10 09:22:00+00:00,3.57,478.5,91225
2026-01-10 09:23:00+00:00,2.08,479.9,83830
2026-01-10 09:24:00+00:00,3.52,,
2026-01-10 09:25:00+00:00,3.52,506.7,179201
2026-01-10 09:26:00+00:00,0.96,455.8,47079
2026-01-10 09:27:00+00:00,0.78,449.0,40474
2026-01-10 09:28:00+00:00,2.23,452.6,52511
2026-01-10 09:29:00+00:00,2.64,491.6,121352
2026-01-10 09:30:00+00:00,2.67,504.3,143402
2026-01-10 09:31:00+00:00,2.19,489.2,120805
2026-01-10 09:32:00+00:00,2.49,491.1,124724
2026-01-10 09:33:00+00:00,2.73,485.9,109762
2026-01-10 09:34:00+00:00,2.72,478.7,90341
2026-01-10 09:35:00+00:00,2.08,446.0,37425
2026-01-10 09:36:00+00:00,2.45,458.4,63206
2026-01-10 09:37:00+00:00,3.53,485.6,118685
2026-01-10 09:38:00+00:00,4.03,471.2,83495
2026-01-10 09:39:00+00:00,3.31,447.2,46559
2026-01-10 09:40:00+00:00,3.34,447.7,47921
2026-01-10 09:41:00+00:00,5.10,482.3,128280
2026-01-10 09:42:00+00:00,14.78,497.4,72028
2026-01-10 09:43:00+00:00,14.63,501.9,71549
2026-01-10 09:44:00+00:00,4.57,452.5,41828
2026-01-10 09:45:00+00:00,11.43,480.3,66193
2026-01-10 09:46:00+00:00,14.46,493.3,76563
2026-01-10 09:47:00+00:00,3.99,467.3,107849
2026-01-10 09:48:00+00:00,4.92,472.8,111435
2026-01-10 09:49:00+00:00,4.71,475.4,100945
2026-01-10 09:50:00+00:00,3.66,473.3,86597
2026-01-10 09:51:00+00:00,2.16,440.4,46382
2026-01-10 09:52:00+00:00,2.99,449.4,66408
2026-01-10 09:53:00+00:00,4.76,472.5,109366
2026-01-10 09:54:00+00:00,3.68,472.9,81519
2026-01-10 09:55:00+00:00,4.37,468.6,77334
2026-01-10 09:56:00+00:00,2.47,444.7,32924
2026-01-10 09:58:00+00:00,4.99,498.5,184527
2026-01-10 09:59:00+00:00,4.83,505.6,192980
2026-01-10 10:04:00+00:00,1.90,479.0,89079
2026-01-10 10:05:00+00:00,3.39,479.2,89102
2026-01-10 10:06:00+00:00,3.33,479.5,89128
2026-01-10 10:07:00+00:00,2.24,460.1,39011
2026-01-10 10:08:00+00:00,2.25,466.1,47428
2026-01-10 10:09:00+00:00,2.28,481.4,68716
2026-01-10 10:11:00+00:00,2.56,492.6,107643
2026-01-10 10:12:00+00:00,2.57,492.4,106955
2026-01-10 10:13:00+00:00,3.48,476.9,66364
2026-01-10 10:14:00+00:00,3.48,,
2026-01-10 10:15:00+00:00,1.46,463.8,25506
2026-01-10 10:16:00+00:00,2.12,487.9,79275
2026-01-10 10:17:00+00:00,2.44,487.8,67528
2026-01-10 10:18:00+00:00,2.49,486.0,59589
2026-01-10 10:19:00+00:00,1.53,455.4,15718
2026-01-10 10:20:00+00:00,2.82,472.6,95349
2026-01-10 10:21:00+00:00,3.34,484.4,112025
2026-01-10 10:22:00+00:00,2.76,481.8,60207
2026-01-10 10:23:00+00:00,1.50,463.0,24477
2026-01-10 10:24:00+00:00,1.91,465.4,36326
2026-01-10 10:25:00+00:00,3.13,473.4,71326
2026-01-10 10:26:00+00:00,3.78,480.3,89511
2026-01-10 10:27:00+00:00,3.84,471.0,73002
2026-01-10 10:28:00+00:00,3.82,471.1,72799
2026-01-10 10:29:00+00:00,2.82,480.5,60817
2026-01-10 10:30:00+00:00,2.82,,
2026-01-10 10:31:00+00:00,1.67,434.4,19038
2026-01-10 10:32:00+00:00,2.46,484.8,80402
2026-01-10 10:33:00+00:00,3.88,485.2,71708
2026-01-10 10:34:00+00:00,4.29,481.6,64218
2026-01-10 10:35:00+00:00,4.40,480.5,68203
2026-01-10 10:36:00+00:00,4.67,483.1,86440
2026-01-10 10:37:00+00:00,4.77,481.8,84510
2026-01-10 10:38:00+00:00,4.63,478.1,66496
2026-01-10 10:39:00+00:00,3.84,471.8,54975
2026-01-10 10:40:00+00:00,4.30,474.7,59018
2026-01-10 10:41:00+00:00,5.45,481.9,69244
2026-01-10 10:43:00+00:00,2.50,461.5,21054
2026-01-10 10:44:00+00:00,2.54,461.8,21804
2026-01-10 10:45:00+00:00,4.88,478.1,66057
2026-01-10 10:46:00+00:00,4.88,,
2026-01-10 10:47:00+00:00,3.58,455.0,33144
2026-01-10 10:48:00+00:00,5.12,485.4,82979
2026-01-10 10:49:00+00:00,5.12,485.6,79277
2026-01-10 10:50:00+00:00,5.01,483.3,74314
2026-01-10 10:51:00+00:00,6.67,496.6,106355
2026-01-10 10:52:00+00:00,4.87,485.4,73615
2026-01-10 10:53:00+00:00,4.27,480.7,54764
2026-01-10 10:54:00+00:00,5.19,485.4,63249
2026-01-10 10:55:00+00:00,3.08,476.3,33008
2026-01-10 10:56:00+00:00,3.50,480.4,40708
2026-01-10 10:57:00+00:00,4.59,490.6,60184
2026-01-10 10:58:00+00:00,3.81,475.5,40330
2026-01-10 10:59:00+00:00,3.80,476.0,40556
2026-01-10 11:00:00+00:00,3.65,481.7,43016
2026-01-10 11:01:00+00:00,3.47,481.6,41750
2026-01-10 11:02:00+00:00,3.47,,
2026-01-10 11:04:00+00:00,12.40,518.1,46991
2026-01-10 11:05:00+00:00,5.49,487.9,45164
2026-01-10 11:06:00+00:00,3.19,477.9,44556
2026-01-10 11:07:00+00:00,2.79,471.1,35384
2026-01-10 11:08:00+00:00,3.47,476.7,45484
2026-01-10 11:09:00+00:00,3.51,479.8,49642
2026-01-10 11:10:00+00:00,2.95,478.1,45253
2026-01-10 11:11:00+00:00,1.85,465.0,27105
2026-01-10 11:12:00+00:00,2.20,469.0,31038
2026-01-10 11:13:00+00:00,3.23,479.1,43300
2026-01-10 11:14:00+00:00,3.84,479.5,51662
2026-01-10 11:15:00+00:00,2.40,467.1,30177
2026-01-10 11:16:00+00:00,2.41,467.3,30470
2026-01-10 11:17:00+00:00,3.17,479.8,47718
2026-01-10 11:18:00+00:00,3.17,,
2026-01-10 11:19:00+00:00,4.38,493.1,82816
2026-01-10 11:20:00+00:00,3.40,482.0,54976
2026-01-10 11:21:00+00:00,2.76,478.2,40590
2026-01-10 11:22:00+00:00,2.62,477.8,37878
2026-01-10 11:23:00+00:00,1.47,464.2,27834
2026-01-10 11:24:00+00:00,3.05,479.0,48855
2026-01-10 11:25:00+00:00,3.88,489.1,56438
2026-01-10 11:26:00+00:00,3.38,486.9,46159
2026-01-10 11:27:00+00:00,1.57,466.4,28351
2026-01-10 11:28:00+00:00,2.44,473.3,38942
2026-01-10 11:29:00+00:00,4.77,489.3,68765
2026-01-10 11:30:00+00:00,5.16,484.7,79734
2026-01-10 11:31:00+00:00,3.87,495.3,56832
2026-01-10 11:32:00+00:00,3.87,495.1,56753
2026-01-10 11:33:00+00:00,3.90,484.1,52087
2026-01-10 11:34:00+00:00,3.90,,
2026-01-10 11:35:00+00:00,1.81,475.8,29667
2026-01-10 11:36:00+00:00,1.81,475.8,29667
2026-01-10 11:37:00+00:00,3.21,471.2,43350
2026-01-10 11:38:00+00:00,3.21,471.2,43350
2026-01-10 11:39:00+00:00,1.91,468.1,20880
2026-01-10 11:40:00+00:00,3.39,475.9,52525
2026-01-10 11:41:00+00:00,3.64,479.3,55104
2026-01-10 11:42:00+00:00,2.61,476.2,30184
2026-01-10 11:43:00+00:00,2.76,474.7,33440
2026-01-10 11:44:00+00:00,2.81,476.6,36045
2026-01-10 11:45:00+00:00,2.95,481.4,42632
2026-01-10 11:47:00+00:00,3.12,474.9,40154
2026-01-10 11:48:00+00:00,3.12,474.9,40284
2026-01-10 11:49:00+00:00,3.04,476.5,47985
2026-01-10 11:50:00+00:00,3.04,,
2026-01-10 11:51:00+00:00,3.63,484.6,46876
2026-01-10 11:52:00+00:00,4.37,492.1,75329
2026-01-10 11:53:00+00:00,4.01,482.4,55764
2026-01-10 11:54:00+00:00,3.84,478.6,47114
2026-01-10 11:55:00+00:00,3.22,471.7,37858
2026-01-10 11:56:00+00:00,3.40,478.2,42561
2026-01-10 11:57:00+00:00,3.36,481.1,45693
2026-01-10 11:58:00+00:00,3.16,478.6,44929
2026-01-10 11:59:00+00:00,3.78,482.9,68014
2026-01-10 12:00:00+00:00,3.54,482.2,56134
2026-01-10 12:01:00+00:00,2.43,476.1,24740
2026-01-10 12:02:00+00:00,0.62,460.7,19876
2026-01-10 12:03:00+00:00,3.32,476.3,31027
2026-01-10 12:04:00+00:00,3.35,476.4,31068
2026-01-10 12:05:00+00:00,5.41,481.4,33523
2026-01-10 12:06:00+00:00,5.41,,
2026-01-10 12:07:00+00:00,5.56,481.1,27078
2026-01-10 12:08:00+00:00,7.63,487.4,43155
2026-01-10 12:09:00+00:00,8.09,488.9,46764
2026-01-10 12:11:00+00:00,6.25,484.6,47792
2026-01-10 12:12:00+00:00,5.31,480.1,38603
2026-01-10 12:13:00+00:00,4.80,475.7,36872
2026-01-10 12:14:00+00:00,5.09,474.9,43057
2026-01-10 12:15:00+00:00,8.18,492.0,98478
2026-01-10 12:16:00+00:00,7.08,488.2,83164
2026-01-10 12:17:00+00:00,3.54,471.8,38825
2026-01-10 12:18:00+00:00,0.79,447.5,18560
2026-01-10 12:19:00+00:00,3.28,463.7,25384
2026-01-10 12:20:00+00:00,3.30,463.8,25556
2026-01-10 12:21:00+00:00,4.47,470.9,35724
2026-01-10 12:22:00+00:00,4.47,,
2026-01-10 12:23:00+00:00,3.21,464.3,29692
2026-01-10 12:24:00+00:00,4.24,475.0,38297
2026-01-10 12:25:00+00:00,3.65,480.0,38607
2026-01-10 12:26:00+00:00,3.37,480.8,38066
2026-01-10 12:27:00+00:00,4.33,495.0,62423
2026-01-10 12:28:00+00:00,3.77,486.3,51562
2026-01-10 12:29:00+00:00,3.19,477.6,39884
2026-01-10 12:30:00+00:00,3.06,476.1,36899
2026-01-10 12:31:00+00:00,4.57,495.5,106574
2026-01-10 12:32:00+00:00,3.98,484.8,86084
2026-01-10 12:33:00+00:00,2.81,453.3,31791
2026-01-10 12:34:00+00:00,3.98,437.3,22881
2026-01-10 12:35:00+00:00,1.30,468.8,27761
2026-01-10 12:36:00+00:00,1.33,469.0,27987
2026-01-10 12:37:00+00:00,3.15,483.7,41356
2026-01-10 12:38:00+00:00,3.15,,
2026-01-10 12:39:00+00:00,4.40,486.2,60951
2026-01-10 12:40:00+00:00,2.98,478.5,39418
2026-01-10 12:43:00+00:00,5.04,495.9,85458
2026-01-10 12:44:00+00:00,2.95,478.9,51544
2026-01-10 12:45:00+00:00,2.30,471.3,34542
2026-01-10 12:46:00+00:00,3.44,478.0,46030
2026-01-10 12:47:00+00:00,4.40,499.8,131128
2026-01-10 12:48:00+00:00,4.34,493.3,109385
2026-01-10 12:49:00+00:00,4.14,476.4,55015
2026-01-10 12:50:00+00:00,3.97,474.5,57279
2026-01-10 12:51:00+00:00,6.86,476.1,22531
2026-01-10 12:52:00+00:00,6.79,475.9,23063
2026-01-10 12:53:00+00:00,3.15,465.2,54497
2026-01-10 12:54:00+00:00,3.15,,
2026-01-10 12:55:00+00:00,7.11,474.2,38352
2026-01-10 12:56:00+00:00,4.28,470.2,16628
2026-01-10 12:57:00+00:00,6.28,474.9,27115
2026-01-10 12:58:00+00:00,7.16,476.7,32236
2026-01-10 12:59:00+00:00,9.18,497.0,111967
2026-01-10 13:00:00+00:00,6.14,486.3,61540
2026-01-10 13:01:00+00:00,4.07,478.3,20312
2026-01-10 13:02:00+00:00,4.51,479.1,20344
2026-01-10 13:03:00+00:00,7.13,499.4,53678
2026-01-10 13:04:00+00:00,7.04,496.5,45209
2026-01-10 13:05:00+00:00,6.41,488.1,21676
2026-01-10 13:06:00+00:00,4.98,485.0,14039
2026-01-10 13:07:00+00:00,4.41,485.7,
2026-01-10 13:08:00+00:00,4.44,485.6,
2026-01-10 13:09:00+00:00,5.99,481.6,10817
2026-01-10 13:10:00+00:00,5.13,485.3,15316
2026-01-10 13:11:00+00:00,5.72,481.6,15552
2026-01-10 13:12:00+00:00,4.15,481.6,11838
2026-01-10 13:13:00+00:00,4.72,479.8,11838
2026-01-10 13:14:00+00:00,5.04,479.1,
2026-01-10 13:16:00+00:00,8.62,499.9,46514
2026-01-10 13:17:00+00:00,6.82,493.5,28969
2026-01-10 13:18:00+00:00,4.89,486.7,10213
2026-01-10 13:19:00+00:00,5.10,485.6,
2026-01-10 13:20:00+00:00,5.09,484.3,
2026-01-10 13:21:00+00:00,5.02,481.6,10156
2026-01-10 13:22:00+00:00,4.84,483.4,10156
2026-01-10 13:23:00+00:00,3.98,489.2,24509
2026-01-10 13:24:00+00:00,3.92,488.9,24403
2026-01-10 13:25:00+00:00,0.27,471.0,18130
2026-01-10 13:26:00+00:00,7.42,492.3,19024
2026-01-10 13:27:00+00:00,10.02,499.7,51044
2026-01-10 13:28:00+00:00,6.13,488.7,55266
2026-01-10 13:29:00+00:00,5.42,488.1,11629
2026-01-10 13:30:00+00:00,5.50,488.8,11629
2026-01-10 13:31:00+00:00,10.74,504.0,79993
2026-01-10 13:32:00+00:00,7.68,494.0,41814
2026-01-10 13:33:00+00:00,4.26,479.8,11094
2026-01-10 13:34:00+00:00,3.29,473.4,11647
2026-01-10 13:35:00+00:00,3.05,473.1,
2026-01-10 13:36:00+00:00,2.90,472.3,
2026-01-10 13:37:00+00:00,3.75,474.2,35012
2026-01-10 13:38:00+00:00,8.21,489.4,35012
2026-01-10 13:39:00+00:00,9.24,496.4,60542
2026-01-10 13:40:00+00:00,9.15,496.1,59778
2026-01-10 13:41:00+00:00,3.84,476.7,14725
2026-01-10 13:42:00+00:00,3.84,,
2026-01-10 13:43:00+00:00,8.44,495.2,37482
2026-01-10 13:44:00+00:00,4.41,478.6,37482
2026-01-10 13:45:00+00:00,6.06,476.3,25129
2026-01-10 13:46:00+00:00,6.90,476.7,25129
2026-01-10 13:47:00+00:00,3.99,468.8,25314
2026-01-10 13:48:00+00:00,3.99,468.8,25314
2026-01-10 13:49:00+00:00,6.46,483.8,17861
2026-01-10 13:50:00+00:00,6.46,483.8,17861
2026-01-10 13:51:00+00:00,3.16,473.6,
2026-01-10 13:52:00+00:00,3.25,470.1,
2026-01-10 13:53:00+00:00,4.36,467.1,92600
2026-01-10 13:54:00+00:00,7.52,487.9,92600
2026-01-10 13:55:00+00:00,13.01,498.5,107308
2026-01-10 13:56:00+00:00,12.93,498.2,105992
2026-01-10 13:57:00+00:00,8.53,480.5,28360
2026-01-10 13:58:00+00:00,8.53,,
2026-01-10 13:59:00+00:00,6.17,482.8,19772
2026-01-10 14:00:00+00:00,6.17,478.9,14426
2026-01-10 14:01:00+00:00,5.16,479.2,15928
2026-01-10 14:02:00+00:00,4.82,479.6,16829
2026-01-10 14:03:00+00:00,3.85,489.4,22542
2026-01-10 14:04:00+00:00,1.85,476.2,21813
2026-01-10 14:05:00+00:00,2.31,476.8,17118
2026-01-10 14:06:00+00:00,4.56,488.9,12738
2026-01-10 14:07:00+00:00,8.73,498.7,30426
2026-01-10 14:08:00+00:00,7.69,493.7,30426
2026-01-10 14:09:00+00:00,4.94,480.4,14238
2026-01-10 14:10:00+00:00,4.49,478.2,14238
2026-01-10 14:11:00+00:00,2.55,479.4,
2026-01-10 14:12:00+00:00,2.61,479.4,
2026-01-10 14:13:00+00:00,6.16,482.1,13035
2026-01-10 14:14:00+00:00,4.97,487.4,15193
2026-01-10 14:15:00+00:00,4.91,487.7,15306
2026-01-10 14:16:00+00:00,0.91,466.3,
2026-01-10 14:17:00+00:00,5.53,477.2,14725
2026-01-10 14:18:00+00:00,7.07,480.8,14725
2026-01-10 14:19:00+00:00,7.42,484.0,22096
2026-01-10 14:20:00+00:00,3.46,471.9,17891
2026-01-10 14:21:00+00:00,0.22,462.0,14450
2026-01-10 14:22:00+00:00,6.62,476.7,
2026-01-10 14:23:00+00:00,6.22,474.9,
2026-01-10 14:24:00+00:00,5.88,473.4,11753
2026-01-10 14:25:00+00:00,6.64,477.3,12043
2026-01-10 14:26:00+00:00,5.62,477.0,12684
2026-01-10 14:27:00+00:00,4.82,481.8,10376
2026-01-10 14:28:00+00:00,1.21,466.3,
2026-01-10 14:29:00+00:00,9.84,484.7,30564
2026-01-10 14:30:00+00:00,9.84,,
2026-01-10 14:31:00+00:00,6.74,481.3,11137
2026-01-10 14:32:00+00:00,2.78,469.5,11137
2026-01-10 14:33:00+00:00,7.22,484.9,30617
2026-01-10 14:34:00+00:00,7.30,482.8,19163
2026-01-10 14:35:00+00:00,6.51,479.0,13854
2026-01-10 14:36:00+00:00,,,
2026-01-10 14:37:00+00:00,,,
2026-01-10 14:39:00+00:00,0.98,454.8,
2026-01-10 14:40:00+00:00,3.32,464.8,45464
2026-01-10 14:41:00+00:00,9.06,489.0,40271
2026-01-10 14:42:00+00:00,7.91,483.1,21126
2026-01-10 14:43:00+00:00,4.48,472.7,18552
2026-01-10 14:44:00+00:00,0.67,453.0,13366
2026-01-10 14:45:00+00:00,6.09,475.5,19812
2026-01-10 14:46:00+00:00,8.25,477.6,22235
2026-01-10 14:47:00+00:00,7.07,474.2,22576
2026-01-10 14:48:00+00:00,7.65,477.8,21639
2026-01-10 14:49:00+00:00,5.94,479.6,22254
2026-01-10 14:50:00+00:00,5.31,479.9,22531
2026-01-10 14:51:00+00:00,,,
2026-01-10 14:52:00+00:00,5.67,481.8,56760
2026-01-10 14:53:00+00:00,5.67,481.8,56760
2026-01-10 14:57:00+00:00,5.59,478.8,29375
2026-01-10 14:58:00+00:00,5.36,479.2,32269
2026-01-10 14:59:00+00:00,5.37,479.0,32832
2026-01-10 15:00:00+00:00,5.44,477.1,38923
2026-01-10 15:01:00+00:00,4.70,477.5,33137
2026-01-10 15:02:00+00:00,4.70,,
2026-01-10 15:03:00+00:00,4.81,472.7,33331
2026-01-10 15:04:00+00:00,5.10,469.9,33323
2026-01-10 15:05:00+00:00,5.16,469.2,33321
2026-01-10 15:06:00+00:00,4.57,469.9,39555
2026-01-10 15:07:00+00:00,2.30,454.2,26125
2026-01-10 15:08:00+00:00,3.70,462.0,31911
2026-01-10 15:09:00+00:00,5.99,476.3,43475
2026-01-10 15:10:00+00:00,6.39,476.9,186300
2026-01-10 15:11:00+00:00,5.80,474.1,127309
2026-01-10 15:12:00+00:00,6.01,472.1,23138
2026-01-10 15:13:00+00:00,9.34,479.6,36757
2026-01-10 15:14:00+00:00,6.96,469.8,21953
2026-01-10 15:15:00+00:00,6.66,469.2,21386
2026-01-10 15:16:00+00:00,3.44,462.6,15295
2026-01-10 15:17:00+00:00,6.45,471.6,23843
2026-01-10 15:18:00+00:00,6.45,,
2026-01-10 15:19:00+00:00,1.23,455.1,12892
2026-01-10 15:20:00+00:00,6.65,475.4,37240
2026-01-10 15:21:00+00:00,6.67,471.5,28189
2026-01-10 15:22:00+00:00,6.28,468.7,23350
2026-01-10 15:23:00+00:00,2.78,457.5,11529
2026-01-10 15:24:00+00:00,5.25,469.5,26019
2026-01-10 15:25:00+00:00,6.85,476.0,32088
2026-01-10 15:26:00+00:00,5.89,472.1,23443
2026-01-10 15:27:00+00:00,5.17,471.5,19999
2026-01-10 15:30:00+00:00,6.30,469.6,57470
2026-01-10 15:31:00+00:00,7.85,486.4,264801
2026-01-10 15:32:00+00:00,10.86,478.7,40575
2026-01-10 15:33:00+00:00,9.33,479.1,39615
2026-01-10 15:34:00+00:00,9.33,,
2026-01-10 15:35:00+00:00,7.24,473.9,14438
2026-01-10 15:36:00+00:00,7.14,472.0,14777
2026-01-10 15:37:00+00:00,7.50,472.0,13669
2026-01-10 15:38:00+00:00,7.63,472.2,13274
2026-01-10 15:39:00+00:00,13.06,577.2,2030602
2026-01-10 15:40:00+00:00,10.42,517.2,922983
2026-01-10 15:41:00+00:00,8.26,468.1,16750
2026-01-10 15:42:00+00:00,8.02,469.2,18079
2026-01-10 15:43:00+00:00,9.00,471.8,24308
2026-01-10 15:44:00+00:00,10.14,473.7,30335
2026-01-10 15:45:00+00:00,8.02,466.4,17809
2026-01-10 15:46:00+00:00,7.14,465.5,22394
2026-01-10 15:47:00+00:00,8.92,470.0,19196
2026-01-10 15:48:00+00:00,8.02,496.1,33946
2026-01-10 15:49:00+00:00,15.15,479.6,51780
2026-01-10 15:50:00+00:00,15.15,,
2026-01-10 15:51:00+00:00,9.08,462.9,17109
2026-01-10 15:52:00+00:00,11.95,471.6,28254
2026-01-10 15:53:00+00:00,12.96,472.8,34299
2026-01-10 15:54:00+00:00,13.08,472.5,35481
2026-01-10 15:55:00+00:00,7.76,460.0,
2026-01-10 15:56:00+00:00,7.14,459.9,14855
2026-01-10 15:57:00+00:00,6.89,462.7,15763
2026-01-10 15:58:00+00:00,7.71,465.9,16238
2026-01-10 16:05:00+00:00,10.96,472.8,17067
2026-01-10 16:06:00+00:00,10.96,,
2026-01-10 16:07:00+00:00,11.95,477.3,21942
2026-01-10 16:08:00+00:00,11.34,468.4,18133
2026-01-10 16:09:00+00:00,8.92,466.0,13954
2026-01-10 16:10:00+00:00,7.80,465.3,12575
2026-01-10 16:11:00+00:00,11.07,468.5,26880
2026-01-10 16:12:00+00:00,11.35,469.8,30642
2026-01-10 16:13:00+00:00,9.83,469.0,26380
2026-01-10 16:14:00+00:00,8.48,462.4,12358
2026-01-10 16:15:00+00:00,9.61,468.6,23280
2026-01-10 16:16:00+00:00,10.26,475.6,43564
2026-01-10 16:17:00+00:00,6.62,464.3,
2026-01-10 16:18:00+00:00,7.92,461.2,10750
2026-01-10 16:19:00+00:00,8.11,462.1,12255
2026-01-10 16:20:00+00:00,10.18,472.1,28803
2026-01-10 16:21:00+00:00,8.11,462.0,
2026-01-10 16:22:00+00:00,8.11,,
2026-01-10 16:23:00+00:00,7.94,465.5,17630
2026-01-10 16:24:00+00:00,6.45,464.1,13793
2026-01-10 16:25:00+00:00,5.96,463.3,13102
2026-01-10 16:26:00+00:00,7.04,464.4,15310
2026-01-10 16:27:00+00:00,10.06,474.3,38838
2026-01-10 16:28:00+00:00,11.25,475.8,39824
2026-01-10 16:29:00+00:00,10.96,472.4,29171
2026-01-10 16:30:00+00:00,8.56,464.2,16366
2026-01-10 16:31:00+00:00,10.09,469.9,28053
2026-01-10 16:32:00+00:00,12.37,477.1,40513
2026-01-10 16:33:00+00:00,10.94,468.6,17125
2026-01-10 16:34:00+00:00,10.06,463.7,11864
2026-01-10 16:35:00+00:00,9.82,464.2,12510
2026-01-10 16:36:00+00:00,7.22,469.5,19561
2026-01-10 16:37:00+00:00,5.64,464.9,16745
2026-01-10 16:38:00+00:00,5.64,,
2026-01-10 16:39:00+00:00,0.86,460.6,15706
2026-01-10 16:40:00+00:00,7.96,470.5,34733
2026-01-10 16:41:00+00:00,7.20,464.5,19920
2026-01-10 16:42:00+00:00,6.42,461.8,13559
2026-01-10 16:43:00+00:00,0.98,453.3,12260
2026-01-10 16:44:00+00:00,5.88,464.6,19888
2026-01-10 16:45:00+00:00,9.65,469.6,23111
2026-01-10 16:46:00+00:00,8.27,465.6,18115
2026-01-10 16:47:00+00:00,7.46,463.6,15067
2026-01-10 16:48:00+00:00,7.90,460.4,13995
2026-01-10 16:49:00+00:00,5.59,466.2,13953
2026-01-10 16:50:00+00:00,6.73,468.2,18193
2026-01-10 16:51:00+00:00,6.96,468.7,19976
2026-01-10 16:52:00+00:00,9.38,474.5,39177
2026-01-10 16:53:00+00:00,3.64,467.3,14559
2026-01-10 16:54:00+00:00,3.64,,
2026-01-10 16:55:00+00:00,3.04,459.1,10727
2026-01-10 16:56:00+00:00,7.65,469.0,29544
2026-01-10 16:57:00+00:00,4.79,472.4,23683
2026-01-10 16:58:00+00:00,3.09,476.3,23316
2026-01-10 16:59:00+00:00,4.85,480.2,32883
2026-01-10 17:00:00+00:00,3.01,485.3,31634
2026-01-10 17:01:00+00:00,0.51,488.3,26452
2026-01-10 17:02:00+00:00,7.85,469.1,21328
2026-01-10 17:03:00+00:00,8.04,469.5,22495
2026-01-10 17:04:00+00:00,8.01,468.8,22172
2026-01-10 17:05:00+00:00,7.02,465.1,15871
2026-01-10 17:07:00+00:00,6.59,461.9,
2026-01-10 17:08:00+00:00,6.64,462.2,
2026-01-10 17:09:00+00:00,9.41,476.1,26223
2026-01-10 17:10:00+00:00,9.41,,
2026-01-10 17:11:00+00:00,6.70,477.4,26188
2026-01-10 17:12:00+00:00,8.92,475.1,39816
2026-01-10 17:13:00+00:00,4.69,464.9,24290
2026-01-10 17:14:00+00:00,3.11,461.6,18095
2026-01-10 17:15:00+00:00,6.40,465.5,19354
2026-01-10 17:16:00+00:00,8.60,465.7,35694
2026-01-10 17:17:00+00:00,10.40,465.9,49063
2026-01-10 17:18:00+00:00,,,
2026-01-10 17:19:00+00:00,7.73,475.8,44720
2026-01-10 17:20:00+00:00,7.21,475.4,40259
2026-01-10 17:21:00+00:00,5.90,474.2,28976
2026-01-10 17:22:00+00:00,2.41,459.9,11950
2026-01-10 17:23:00+00:00,2.60,461.0,15522
2026-01-10 17:24:00+00:00,4.71,473.8,54578
2026-01-10 17:25:00+00:00,8.74,477.5,40502
2026-01-10 17:26:00+00:00,8.74,,
2026-01-10 17:27:00+00:00,,,
2026-01-10 17:28:00+00:00,5.44,465.5,24428
2026-01-10 17:29:00+00:00,6.13,465.4,25986
2026-01-10 17:30:00+00:00,6.35,465.3,26505
2026-01-10 17:31:00+00:00,8.52,479.9,47580
2026-01-10 17:32:00+00:00,5.31,468.8,31245
2026-01-10 17:33:00+00:00,2.61,444.3,14165
2026-01-10 17:34:00+00:00,4.01,442.2,16546
2026-01-10 17:35:00+00:00,6.67,465.5,32597
2026-01-10 17:36:00+00:00,8.12,470.6,44285
2026-01-10 17:37:00+00:00,9.13,467.6,40216
2026-01-10 17:38:00+00:00,5.38,467.5,24134
2026-01-10 17:39:00+00:00,5.38,467.5,24134
2026-01-10 17:40:00+00:00,6.26,,
2026-01-10 17:41:00+00:00,6.26,461.4,20329
2026-01-10 17:42:00+00:00,6.26,,
2026-01-10 17:43:00+00:00,4.80,462.3,24820
2026-01-10 17:44:00+00:00,1.43,446.9,18086
2026-01-10 17:45:00+00:00,4.24,453.6,17771
2026-01-10 17:46:00+00:00,5.43,457.0,18170
2026-01-10 17:47:00+00:00,10.67,479.8,75072
2026-01-10 17:48:00+00:00,6.80,466.2,39367
2026-01-10 17:49:00+00:00,3.82,455.0,12562
2026-01-10 17:50:00+00:00,4.02,455.1,15137
2026-01-10 17:51:00+00:00,9.21,472.5,43266
2026-01-10 17:52:00+00:00,8.52,468.9,35824
2026-01-10 17:53:00+00:00,6.79,459.8,17000
2026-01-10 17:54:00+00:00,6.63,464.6,25907
2026-01-10 17:55:00+00:00,6.28,464.3,25526
2026-01-10 17:56:00+00:00,2.51,461.1,21382
2026-01-10 17:57:00+00:00,5.68,470.3,24434
2026-01-10 17:58:00+00:00,5.68,,
2026-01-10 17:59:00+00:00,10.05,478.0,53668
2026-01-10 18:00:00+00:00,6.16,466.5,29800
2026-01-10 18:01:00+00:00,2.12,444.5,24442
2026-01-10 18:02:00+00:00,1.06,438.0,
2026-01-10 18:03:00+00:00,4.58,466.4,15696
2026-01-10 18:04:00+00:00,6.29,472.6,28809
2026-01-10 18:05:00+00:00,7.01,473.1,31608
2026-01-10 18:06:00+00:00,6.52,467.8,26148
2026-01-10 18:07:00+00:00,7.17,466.4,28247
2026-01-10 18:08:00+00:00,7.15,465.6,23597
2026-01-10 18:09:00+00:00,5.65,468.3,21818
2026-01-10 18:10:00+00:00,9.09,571.4,3129042
2026-01-10 18:11:00+00:00,8.74,562.6,2870088
2026-01-10 18:12:00+00:00,4.94,466.2,21602
2026-01-10 18:16:00+00:00,4.47,472.2,16821
2026-01-10 18:17:00+00:00,7.18,472.2,40112
2026-01-10 18:18:00+00:00,8.09,472.2,47876
2026-01-10 18:19:00+00:00,6.18,470.6,25572
2026-01-10 18:20:00+00:00,5.83,472.0,25342
2026-01-10 18:21:00+00:00,6.49,468.6,23229
2026-01-10 18:22:00+00:00,6.69,462.6,21815
2026-01-10 18:23:00+00:00,4.57,459.2,19467
2026-01-10 18:24:00+00:00,2.84,454.6,14153
2026-01-10 18:25:00+00:00,3.01,452.1,15984
2026-01-10 18:26:00+00:00,5.61,463.8,23280
2026-01-10 18:27:00+00:00,5.75,463.8,23897
2026-01-10 18:28:00+00:00,7.29,462.8,30588
2026-01-10 18:29:00+00:00,5.85,461.6,24884
2026-01-10 18:30:00+00:00,5.85,,
2026-01-10 18:31:00+00:00,9.69,478.0,69368
2026-01-10 18:32:00+00:00,6.72,460.2,34540
2026-01-10 18:33:00+00:00,4.83,461.3,30172
2026-01-10 18:34:00+00:00,4.42,462.9,31322
2026-01-10 18:35:00+00:00,4.61,452.2,23758
2026-01-10 18:36:00+00:00,3.47,446.1,20817
2026-01-10 18:37:00+00:00,4.82,456.3,35351
2026-01-10 18:38:00+00:00,7.43,466.0,41286
2026-01-10 18:39:00+00:00,7.31,459.1,26618
2026-01-10 18:40:00+00:00,5.09,456.8,26877
2026-01-10 18:41:00+00:00,1.08,439.7,16363
2026-01-10 18:43:00+00:00,5.57,458.7,25759
2026-01-10 18:44:00+00:00,5.58,458.8,25694
2026-01-10 18:45:00+00:00,6.34,459.4,21884
2026-01-10 18:46:00+00:00,6.34,,
2026-01-10 18:47:00+00:00,7.41,456.1,24358
2026-01-10 18:48:00+00:00,1.80,437.0,18091
2026-01-10 18:49:00+00:00,4.89,449.3,23716
2026-01-10 18:50:00+00:00,6.35,454.9,26060
2026-01-10 18:51:00+00:00,7.41,461.5,36626
2026-01-10 18:52:00+00:00,5.06,446.7,22299
2026-01-10 18:53:00+00:00,5.14,453.7,26390
2026-01-10 18:54:00+00:00,6.84,467.5,37097
2026-01-10 18:55:00+00:00,6.59,459.2,28695
2026-01-10 18:56:00+00:00,7.50,461.2,32026
2026-01-10 18:57:00+00:00,8.08,461.1,39161
2026-01-10 18:58:00+00:00,6.41,453.3,28628
2026-01-10 18:59:00+00:00,5.96,453.0,28185
2026-01-10 19:00:00+00:00,1.06,450.8,23405
2026-01-10 19:01:00+00:00,6.05,460.0,28868
2026-01-10 19:02:00+00:00,6.05,,
2026-01-10 19:03:00+00:00,3.99,465.8,23700
2026-01-10 19:04:00+00:00,1.61,443.3,21051
2026-01-10 19:05:00+00:00,1.08,438.3,20457
2026-01-10 19:06:00+00:00,,,
2026-01-10 19:07:00+00:00,11.84,497.2,123035
2026-01-10 19:08:00+00:00,8.50,472.1,64078
2026-01-10 19:09:00+00:00,7.27,465.0,22467
2026-01-10 19:10:00+00:00,8.36,471.8,28096
2026-01-10 19:11:00+00:00,7.17,460.9,34591
2026-01-10 19:12:00+00:00,6.06,458.3,42831
2026-01-10 19:13:00+00:00,5.36,454.0,23594
2026-01-10 19:14:00+00:00,5.35,454.2,35529
2026-01-10 19:15:00+00:00,5.01,455.2,69593
2026-01-10 19:16:00+00:00,1.35,466.5,437825
2026-01-10 19:17:00+00:00,8.13,454.8,56047
2026-01-10 19:18:00+00:00,8.13,,
2026-01-10 19:20:00+00:00,,,
2026-01-10 19:21:00+00:00,,,
2026-01-10 19:23:00+00:00,6.01,449.3,38851
2026-01-10 19:24:00+00:00,5.41,453.3,49128
2026-01-10 19:25:00+00:00,4.92,456.5,57537
2026-01-10 19:27:00+00:00,2.99,452.0,25370
2026-01-10 19:28:00+00:00,4.58,457.1,34850
2026-01-10 19:29:00+00:00,8.59,470.1,58830
2026-01-10 19:31:00+00:00,1.82,426.2,
2026-01-10 19:32:00+00:00,1.88,427.0,
2026-01-10 19:33:00+00:00,5.30,475.3,25359
2026-01-10 19:34:00+00:00,5.30,,
2026-01-10 19:35:00+00:00,4.40,512.6,34119
2026-01-10 19:36:00+00:00,4.67,464.2,27925
2026-01-10 19:37:00+00:00,4.92,499.9,84858
2026-01-10 19:38:00+00:00,4.98,515.5,104299
2026-01-10 19:39:00+00:00,2.58,542.1,65809
2026-01-10 19:40:00+00:00,4.09,563.9,127509
2026-01-10 19:41:00+00:00,6.66,596.3,207636
2026-01-10 19:42:00+00:00,8.10,611.9,239325
2026-01-10 19:43:00+00:00,7.88,570.4,164084
2026-01-10 19:44:00+00:00,6.97,568.9,224373
2026-01-10 19:45:00+00:00,4.73,576.4,396957
2026-01-10 19:46:00+00:00,4.99,612.0,459805
2026-01-10 19:47:00+00:00,4.78,579.8,401848
2026-01-10 19:48:00+00:00,4.62,561.9,374458
2026-01-10 19:49:00+00:00,5.04,574.2,377487
2026-01-10 19:50:00+00:00,5.04,,
2026-01-10 19:51:00+00:00,6.79,571.7,269117
2026-01-10 19:52:00+00:00,6.79,571.7,269117
2026-01-10 19:55:00+00:00,1.62,494.2,47486
2026-01-10 19:56:00+00:00,6.42,554.5,155670
2026-01-10 19:57:00+00:00,9.09,599.5,256581
2026-01-10 19:58:00+00:00,7.74,594.9,269834
2026-01-10 19:59:00+00:00,7.74,594.8,271818
2026-01-10 20:00:00+00:00,7.56,595.7,286869
2026-01-10 20:01:00+00:00,7.09,598.0,324939
2026-01-10 20:02:00+00:00,5.54,589.5,310659
2026-01-10 20:03:00+00:00,5.52,589.0,309931
2026-01-10 20:04:00+00:00,5.38,584.4,305733
2026-01-10 20:05:00+00:00,6.15,613.7,530760
2026-01-10 20:06:00+00:00,6.15,,
2026-01-10 20:07:00+00:00,8.93,600.6,223115
2026-01-10 20:08:00+00:00,9.01,620.3,244208
2026-01-10 20:09:00+00:00,7.69,627.9,303911
2026-01-10 20:10:00+00:00,7.25,629.0,322233
2026-01-10 20:11:00+00:00,8.47,542.1,282488
2026-01-10 20:12:00+00:00,8.43,583.2,302320
2026-01-10 20:13:00+00:00,8.60,604.7,300345
2026-01-10 20:14:00+00:00,8.29,591.0,300155
2026-01-10 20:15:00+00:00,7.55,577.5,309872
2026-01-10 20:16:00+00:00,7.55,571.9,290988
2026-01-10 20:17:00+00:00,7.57,617.5,324276
2026-01-10 20:18:00+00:00,6.19,584.1,226432
2026-01-10 20:19:00+00:00,6.29,584.8,228668
2026-01-10 20:20:00+00:00,7.30,592.5,256932
2026-01-10 20:21:00+00:00,5.28,613.5,473217
2026-01-10 20:22:00+00:00,5.28,,
2026-01-10 20:23:00+00:00,3.16,570.9,334304
2026-01-10 20:24:00+00:00,3.20,564.3,325719
2026-01-10 20:25:00+00:00,3.21,562.8,323792
2026-01-10 20:27:00+00:00,5.36,583.1,306118
2026-01-10 20:28:00+00:00,29.79,490.6,170083
2026-01-10 20:29:00+00:00,49.77,415.0,58781
2026-01-10 20:30:00+00:00,2.98,541.2,106798
2026-01-10 20:31:00+00:00,3.78,553.9,133525
2026-01-10 20:32:00+00:00,4.89,576.8,200685
2026-01-10 20:33:00+00:00,3.89,575.1,245011
2026-01-10 20:34:00+00:00,3.97,562.1,234061
2026-01-10 20:35:00+00:00,4.15,561.8,236690
2026-01-10 20:36:00+00:00,6.13,559.0,265605
2026-01-10 20:39:00+00:00,2.94,578.2,221620
2026-01-10 20:40:00+00:00,3.34,576.3,247931
2026-01-10 20:41:00+00:00,3.44,575.9,253838
2026-01-10 20:43:00+00:00,2.85,575.4,254688
2026-01-10 20:44:00+00:00,2.90,578.7,252723
2026-01-10 20:45:00+00:00,2.94,581.5,251115
2026-01-10 20:46:00+00:00,2.30,550.8,201404
2026-01-10 20:47:00+00:00,3.18,560.0,228559
2026-01-10 20:48:00+00:00,4.83,578.2,291609
2026-01-10 20:49:00+00:00,4.87,580.9,323532
2026-01-10 20:50:00+00:00,4.08,552.7,213567
2026-01-10 20:51:00+00:00,4.09,555.1,222217
2026-01-10 20:52:00+00:00,4.14,581.8,317371
2026-01-10 20:55:00+00:00,6.61,577.2,224816
2026-01-10 20:56:00+00:00,1.96,565.0,245014
2026-01-10 20:57:00+00:00,0.91,562.3,249549
2026-01-10 20:59:00+00:00,5.97,582.3,345658
2026-01-10 21:00:00+00:00,5.04,581.6,275197
2026-01-10 21:01:00+00:00,4.28,581.0,217548
2026-01-10 21:03:00+00:00,5.25,577.5,307407
2026-01-10 21:04:00+00:00,6.36,580.9,287069
2026-01-10 21:05:00+00:00,9.17,589.7,235627
2026-01-10 21:06:00+00:00,8.12,564.8,130112
2026-01-10 21:07:00+00:00,8.45,567.5,134951
2026-01-10 21:08:00+00:00,12.14,597.3,188175
2026-01-10 21:11:00+00:00,11.61,593.2,174987
2026-01-10 21:12:00+00:00,10.95,588.2,185566
2026-01-10 21:13:00+00:00,10.81,587.1,187941
2026-01-10 21:15:00+00:00,7.03,579.7,274493
2026-01-10 21:16:00+00:00,9.13,579.4,234002
2026-01-10 21:17:00+00:00,10.84,579.1,200874
2026-01-10 21:18:00+00:00,10.54,553.5,170409
2026-01-10 21:19:00+00:00,8.95,560.8,220420
2026-01-10 21:20:00+00:00,5.98,574.8,317377
2026-01-10 21:21:00+00:00,5.93,575.7,327699
2026-01-10 21:22:00+00:00,5.78,577.6,315693
2026-01-10 21:23:00+00:00,5.81,576.8,312027
2026-01-10 21:24:00+00:00,6.13,567.5,271650
2026-01-10 21:25:00+00:00,6.60,549.2,268107
2026-01-10 21:26:00+00:00,6.60,,
2026-01-10 21:27:00+00:00,3.78,554.1,151853
2026-01-10 21:28:00+00:00,4.42,556.4,170201
2026-01-10 21:29:00+00:00,4.57,556.9,174321
2026-01-10 21:32:00+00:00,4.19,563.4,158865
2026-01-10 21:33:00+00:00,4.19,563.4,158865
2026-01-10 21:34:00+00:00,2.07,544.8,182788
2026-01-10 21:35:00+00:00,2.92,552.9,172728
2026-01-10 21:36:00+00:00,4.52,565.8,152600
2026-01-10 21:37:00+00:00,4.53,560.6,148946
2026-01-10 21:38:00+00:00,2.63,539.7,141845
2026-01-10 21:39:00+00:00,2.85,541.5,143617
2026-01-10 21:40:00+00:00,5.26,560.5,162832
2026-01-10 21:41:00+00:00,3.75,554.5,146199
2026-01-10 21:42:00+00:00,3.75,,
2026-01-10 21:43:00+00:00,2.29,541.6,132508
2026-01-10 21:44:00+00:00,5.06,563.8,150112
2026-01-10 21:45:00+00:00,5.69,568.8,154064
2026-01-10 21:47:00+00:00,6.17,564.7,115961
2026-01-10 21:48:00+00:00,6.00,565.4,121004
2026-01-10 21:49:00+00:00,5.86,566.0,125130
2026-01-10 21:51:00+00:00,5.53,564.4,155962
2026-01-10 21:52:00+00:00,5.83,565.0,153438
2026-01-10 21:53:00+00:00,6.60,566.5,147052
2026-01-10 21:54:00+00:00,5.50,548.0,91181
2026-01-10 21:55:00+00:00,5.47,549.3,95161
2026-01-10 21:56:00+00:00,5.10,564.0,138625
2026-01-10 21:57:00+00:00,6.38,569.8,119819
2026-01-10 22:41:00+00:00,4.49,548.1,218412
2026-01-10 22:42:00+00:00,3.81,553.3,218359
2026-01-10 22:43:00+00:00,3.78,552.8,214385
2026-01-10 22:44:00+00:00,3.53,546.8,170669
2026-01-10 22:47:00+00:00,3.27,559.1,248507
2026-01-10 22:48:00+00:00,6.24,568.4,166915
2026-01-10 22:49:00+00:00,6.91,570.5,148598
2026-01-10 22:51:00+00:00,8.87,553.3,142804
2026-01-10 22:52:00+00:00,4.32,552.3,203418
2026-01-10 22:53:00+00:00,0.59,551.4,253012
2026-01-10 22:55:00+00:00,0.41,541.8,289039
2026-01-10 22:56:00+00:00,0.41,540.4,287752
2026-01-10 22:57:00+00:00,0.40,536.8,284496
2026-01-10 22:59:00+00:00,0.40,540.8,297381
2026-01-10 23:00:00+00:00,0.40,540.8,297381
2026-01-10 23:03:00+00:00,0.38,535.6,283792
2026-01-10 23:04:00+00:00,0.43,530.7,327786
2026-01-10 23:05:00+00:00,0.44,529.6,337662
2026-01-10 23:07:00+00:00,0.46,535.8,282359
2026-01-10 23:08:00+00:00,0.59,540.0,378938
2026-01-10 23:09:00+00:00,0.69,543.4,457958
2026-01-10 23:11:00+00:00,0.48,534.3,276395
2026-01-10 23:12:00+00:00,0.56,535.3,303340
2026-01-10 23:13:00+00:00,0.77,537.7,371496
2026-01-10 23:14:00+00:00,0.81,559.5,417108
2026-01-10 23:15:00+00:00,0.80,558.8,402894
2026-01-10 23:16:00+00:00,0.62,550.6,246543
2026-01-10 23:19:00+00:00,0.91,556.6,254862
2026-01-10 23:20:00+00:00,0.96,564.0,242537
2026-01-10 23:21:00+00:00,0.97,565.7,239770
2026-01-10 23:23:00+00:00,1.25,544.6,245217
2026-01-10 23:24:00+00:00,1.17,508.3,436376
2026-01-10 23:25:00+00:00,1.11,478.6,592779
2026-01-10 23:27:00+00:00,1.08,549.3,272415
2026-01-10 23:28:00+00:00,0.93,499.4,212557
2026-01-10 23:29:00+00:00,0.55,373.1,61151
2026-01-10 23:31:00+00:00,0.76,538.0,292872
2026-01-10 23:32:00+00:00,0.76,538.0,292872
2026-01-10 23:35:00+00:00,0.98,535.0,312874
2026-01-10 23:36:00+00:00,1.24,521.8,273570
2026-01-10 23:37:00+00:00,1.30,518.9,264747
2026-01-10 23:39:00+00:00,0.84,526.6,319785
2026-01-10 23:40:00+00:00,1.21,546.6,831427
2026-01-10 23:41:00+00:00,1.51,562.9,1250043
2026-01-10 23:44:00+00:00,1.51,562.9,1250043
2026-01-10 23:45:00+00:00,1.50,570.5,1276240
2026-01-10 23:46:00+00:00,1.48,597.9,1370952
2026-01-10 23:47:00+00:00,0.63,489.8,91083
2026-01-10 23:48:00+00:00,0.64,490.9,103748
2026-01-10 23:49:00+00:00,1.11,560.5,851018
2026-01-10 23:50:00+00:00,1.11,,
2026-01-10 23:52:00+00:00,1.01,519.2,268881
2026-01-10 23:53:00+00:00,1.46,533.8,283838
2026-01-10 23:54:00+00:00,1.61,538.7,288824
2026-01-10 23:56:00+00:00,1.19,533.1,303027
2026-01-10 23:57:00+00:00,1.22,534.9,306084
2026-01-10 23:58:00+00:00,1.25,536.9,309351
2026-01-11 00:00:00+00:00,0.70,510.4,198219
2026-01-11 00:01:00+00:00,0.71,513.5,210258
2026-01-11 00:02:00+00:00,0.74,524.4,253786
2026-01-11 00:03:00+00:00,1.41,532.9,302383
2026-01-11 00:04:00+00:00,1.40,532.7,301147
2026-01-11 00:05:00+00:00,0.64,523.5,228210
2026-01-11 00:06:00+00:00,0.64,,
2026-01-11 00:08:00+00:00,1.07,481.6,104050
2026-01-11 00:09:00+00:00,1.47,549.9,695481
2026-01-11 00:10:00+00:00,1.60,572.7,892624
2026-01-11 00:12:00+00:00,1.82,527.4,127815
2026-01-11 00:13:00+00:00,3.08,527.0,165975
2026-01-11 00:14:00+00:00,4.43,526.7,206768
2026-01-11 00:17:00+00:00,5.10,520.8,168183
2026-01-11 00:18:00+00:00,5.10,520.8,168183
2026-01-11 00:20:00+00:00,1.02,,
2026-01-11 00:21:00+00:00,1.02,545.9,200357
2026-01-11 00:22:00+00:00,1.02,,
2026-01-11 00:24:00+00:00,0.73,523.2,303724
2026-01-11 00:25:00+00:00,0.62,529.6,325639
2026-01-11 00:26:00+00:00,0.58,531.8,332945
2026-01-11 00:28:00+00:00,0.46,482.7,136487
2026-01-11 00:29:00+00:00,0.74,533.2,697264
2026-01-11 00:30:00+00:00,1.03,587.3,1296716
2026-01-11 00:32:00+00:00,0.96,518.5,416431
2026-01-11 00:33:00+00:00,1.02,520.2,413607
2026-01-11 00:34:00+00:00,1.21,526.4,403398
2026-01-11 00:36:00+00:00,0.63,,
2026-01-11 00:37:00+00:00,0.63,515.3,309689
2026-01-11 00:38:00+00:00,0.63,,
2026-01-11 00:40:00+00:00,0.62,529.2,412729
2026-01-11 00:41:00+00:00,0.59,529.8,404391
2026-01-11 00:42:00+00:00,0.58,530.0,401611
2026-01-11 00:44:00+00:00,0.77,569.7,760704
2026-01-11 00:45:00+00:00,0.84,572.4,838538
2026-01-11 00:46:00+00:00,0.91,575.2,921740
2026-01-11 00:48:00+00:00,0.37,495.4,198629
2026-01-11 00:49:00+00:00,0.37,495.4,198629
2026-01-11 00:51:00+00:00,0.96,579.3,626519
2026-01-11 00:52:00+00:00,0.95,577.8,619448
2026-01-11 00:53:00+00:00,0.34,487.8,202237
2026-01-11 00:54:00+00:00,0.34,,
2026-01-11 00:56:00+00:00,0.95,576.2,925793
2026-01-11 00:57:00+00:00,0.82,569.9,1229326
2026-01-11 00:58:00+00:00,0.78,567.8,1330504
2026-01-11 01:00:00+00:00,0.91,552.9,606236
2026-01-11 01:01:00+00:00,0.94,557.8,685279
2026-01-11 01:02:00+00:00,0.97,563.1,769773
2026-01-11 01:04:00+00:00,1.00,552.9,659926
2026-01-11 01:05:00+00:00,1.00,560.0,700498
2026-01-11 01:06:00+00:00,1.03,585.5,847181
2026-01-11 01:07:00+00:00,0.96,558.7,1046568
2026-01-11 01:08:00+00:00,0.96,558.2,1035333
2026-01-11 01:09:00+00:00,0.87,524.8,372489
2026-01-11 01:10:00+00:00,0.87,,
2026-01-11 01:12:00+00:00,0.57,478.9,147458
2026-01-11 01:13:00+00:00,0.69,514.5,286739
2026-01-11 01:14:00+00:00,0.73,526.3,333166
2026-01-11 01:16:00+00:00,0.68,513.9,334659
2026-01-11 01:17:00+00:00,0.72,513.3,357919
2026-01-11 01:18:00+00:00,0.76,512.6,382784
2026-01-11 01:20:00+00:00,0.65,556.8,686403
2026-01-11 01:21:00+00:00,0.64,549.4,618265
2026-01-11 01:22:00+00:00,0.59,522.8,371919
2026-01-11 01:24:00+00:00,0.38,,
2026-01-11 01:25:00+00:00,0.38,477.5,184464
2026-01-11 01:26:00+00:00,0.38,,
2026-01-11 01:28:00+00:00,0.32,478.7,150604
2026-01-11 01:29:00+00:00,0.57,527.2,468585
2026-01-11 01:30:00+00:00,0.65,543.4,574579
2026-01-11 01:32:00+00:00,0.69,541.3,815405
2026-01-11 01:33:00+00:00,0.70,554.5,911962
2026-01-11 01:34:00+00:00,0.70,568.6,1015178
2026-01-11 01:36:00+00:00,0.58,532.1,414355
2026-01-11 01:37:00+00:00,0.58,528.5,401405
2026-01-11 01:38:00+00:00,0.57,515.4,354584
2026-01-11 01:53:00+00:00,0.53,527.5,308621
2026-01-11 01:54:00+00:00,0.53,527.5,308621
2026-01-11 01:59:00+00:00,0.54,506.0,259340
2026-01-11 02:00:00+00:00,0.54,506.0,259340
2026-01-11 02:41:00+00:00,0.54,528.1,310560
2026-01-11 03:55:00+00:00,0.93,513.2,352692
2026-01-11 03:56:00+00:00,1.00,520.4,420934
2026-01-11 03:57:00+00:00,0.96,518.8,412841
2026-01-11 03:58:00+00:00,0.88,513.5,376712
2026-01-11 04:02:00+00:00,1.63,541.0,501214
2026-01-11 04:03:00+00:00,1.61,541.4,498690
2026-01-11 04:04:00+00:00,1.46,543.5,469179
2026-01-11 04:05:00+00:00,1.07,509.2,271968
2026-01-11 04:06:00+00:00,1.07,,
2026-01-11 04:07:00+00:00,1.47,542.6,436280
2026-01-11 04:08:00+00:00,1.47,542.6,436280
2026-01-11 04:09:00+00:00,1.33,532.5,386743
2026-01-11 04:10:00+00:00,1.47,540.8,408288
2026-01-11 04:11:00+00:00,1.45,543.6,400603
2026-01-11 04:12:00+00:00,1.42,545.8,403083
2026-01-11 04:13:00+00:00,1.44,547.8,412470
2026-01-11 04:14:00+00:00,1.47,545.3,396761
2026-01-11 04:15:00+00:00,1.50,545.4,399630
2026-01-11 04:16:00+00:00,1.54,545.2,407796
2026-01-11 04:17:00+00:00,1.53,544.0,415284
2026-01-11 04:18:00+00:00,1.53,551.3,368092
2026-01-11 04:19:00+00:00,1.53,550.4,365617
2026-01-11 04:20:00+00:00,1.58,543.0,348117
2026-01-11 04:21:00+00:00,1.82,565.5,486636
2026-01-11 04:22:00+00:00,1.42,550.0,361372
2026-01-11 04:23:00+00:00,1.36,546.1,339579
2026-01-11 04:24:00+00:00,0.97,520.0,271734
2026-01-11 04:25:00+00:00,1.01,519.3,267075
2026-01-11 04:26:00+00:00,1.27,529.5,324750
2026-01-11 04:27:00+00:00,1.50,539.8,375298
2026-01-11 04:28:00+00:00,1.51,539.7,384947
2026-01-11 04:29:00+00:00,1.46,536.8,380398
2026-01-11 04:30:00+00:00,1.27,532.2,341087
2026-01-11 04:31:00+00:00,1.28,530.0,346708
2026-01-11 04:32:00+00:00,1.31,528.3,350344
2026-01-11 04:33:00+00:00,1.33,534.5,339252
2026-01-11 04:34:00+00:00,1.26,536.0,348283
2026-01-11 04:35:00+00:00,1.29,523.9,340348
2026-01-11 04:36:00+00:00,1.30,535.1,321665
2026-01-11 04:37:00+00:00,1.61,538.6,429464
2026-01-11 04:38:00+00:00,1.29,546.4,371415
2026-01-11 04:39:00+00:00,1.36,539.7,345206
2026-01-11 04:40:00+00:00,1.29,535.9,348675
2026-01-11 04:41:00+00:00,1.27,535.2,349907
2026-01-11 04:42:00+00:00,1.28,547.7,344312
2026-01-11 04:43:00+00:00,1.16,541.2,347079
2026-01-11 04:44:00+00:00,1.21,546.7,387641
2026-01-11 04:45:00+00:00,1.11,549.6,411017
2026-01-11 04:46:00+00:00,1.07,548.3,372045
2026-01-11 04:47:00+00:00,1.27,542.6,333276
2026-01-11 04:48:00+00:00,1.26,525.4,341908
2026-01-11 04:49:00+00:00,1.20,523.5,346714
2026-01-11 04:50:00+00:00,1.22,539.4,321829
2026-01-11 04:51:00+00:00,1.21,538.8,321484
2026-01-11 04:52:00+00:00,1.12,534.0,321770
2026-01-11 04:53:00+00:00,1.33,530.6,420081
2026-01-11 04:54:00+00:00,1.26,528.6,402461
2026-01-11 04:55:00+00:00,1.14,530.4,388821
2026-01-11 04:56:00+00:00,1.05,525.8,357368
2026-01-11 04:57:00+00:00,1.06,537.4,371630
2026-01-11 04:58:00+00:00,1.06,534.5,349195
2026-01-11 04:59:00+00:00,1.11,537.5,355225
2026-01-11 05:00:00+00:00,1.10,542.8,329764
2026-01-11 05:01:00+00:00,1.08,539.7,347714
2026-01-11 05:02:00+00:00,1.07,534.6,384580
2026-01-11 05:03:00+00:00,1.10,532.4,364683
2026-01-11 05:04:00+00:00,1.21,531.5,365225
2026-01-11 05:05:00+00:00,1.24,536.0,401077
2026-01-11 05:06:00+00:00,1.08,525.3,322301
2026-01-11 05:07:00+00:00,1.09,525.3,326059
2026-01-11 05:08:00+00:00,1.19,525.4,359785
2026-01-11 05:09:00+00:00,1.09,531.5,357095
2026-01-11 05:10:00+00:00,1.04,529.1,365803
2026-01-11 05:11:00+00:00,1.07,525.9,319786
2026-01-11 05:12:00+00:00,1.22,534.8,354532
2026-01-11 05:13:00+00:00,1.22,558.0,431945
2026-01-11 05:14:00+00:00,1.21,564.4,453078
2026-01-11 05:15:00+00:00,0.99,546.8,290167
2026-01-11 05:16:00+00:00,1.03,544.7,313964
2026-01-11 05:17:00+00:00,1.12,546.7,359880
2026-01-11 05:18:00+00:00,1.26,550.7,374992
2026-01-11 05:19:00+00:00,1.30,552.3,357817
2026-01-11 05:20:00+00:00,1.26,554.2,374251
2026-01-11 05:21:00+00:00,1.39,553.6,415376
2026-01-11 05:22:00+00:00,1.27,553.7,412526
2026-01-11 05:23:00+00:00,1.29,554.8,410339
2026-01-11 05:24:00+00:00,1.46,564.2,389256
2026-01-11 05:25:00+00:00,1.33,537.7,348628
2026-01-11 05:26:00+00:00,1.51,556.6,474834
2026-01-11 05:27:00+00:00,1.40,560.7,376360
2026-01-11 05:28:00+00:00,1.35,555.6,357120
2026-01-11 05:29:00+00:00,1.38,557.9,400282
2026-01-11 05:30:00+00:00,1.13,536.2,358602
2026-01-11 05:31:00+00:00,1.24,530.2,349531
2026-01-11 05:32:00+00:00,1.28,536.4,362133
2026-01-11 05:33:00+00:00,1.21,528.0,459406
2026-01-11 05:34:00+00:00,1.39,519.9,498194
2026-01-11 05:35:00+00:00,1.76,523.9,445790
2026-01-11 05:36:00+00:00,1.92,523.3,470491
2026-01-11 05:37:00+00:00,1.71,528.3,410406
2026-01-11 05:38:00+00:00,1.68,542.9,283966
2026-01-11 05:39:00+00:00,1.59,539.4,265342
2026-01-11 05:40:00+00:00,1.65,521.7,267610
2026-01-11 05:41:00+00:00,1.84,531.1,347134
2026-01-11 05:42:00+00:00,1.57,521.6,292880
2026-01-11 05:43:00+00:00,1.59,523.0,282664
2026-01-11 05:44:00+00:00,1.55,525.1,282639
2026-01-11 05:45:00+00:00,1.74,536.5,298753
2026-01-11 05:46:00+00:00,1.54,531.0,299193
2026-01-11 05:47:00+00:00,1.42,527.2,297303
2026-01-11 05:48:00+00:00,1.65,540.5,368439
2026-01-11 05:49:00+00:00,1.53,538.2,328255
2026-01-11 05:50:00+00:00,1.49,536.2,296278
2026-01-11 05:51:00+00:00,1.51,532.9,283812
2026-01-11 05:52:00+00:00,1.41,525.8,257887
2026-01-11 05:53:00+00:00,1.45,524.3,290900
2026-01-11 05:54:00+00:00,1.36,535.0,278312
2026-01-11 05:55:00+00:00,1.38,534.6,280688
2026-01-11 05:56:00+00:00,1.51,531.5,305010
2026-01-11 05:57:00+00:00,1.36,534.4,390260
2026-01-11 05:58:00+00:00,1.83,517.4,421642
2026-01-11 05:59:00+00:00,1.62,516.2,395860
2026-01-11 06:00:00+00:00,2.17,526.7,340903
2026-01-11 06:01:00+00:00,2.38,530.4,372716
2026-01-11 06:02:00+00:00,2.30,528.7,381464
2026-01-11 06:03:00+00:00,2.15,534.4,360417
2026-01-11 06:04:00+00:00,1.83,539.0,348053
2026-01-11 06:05:00+00:00,1.47,540.5,353681
2026-01-11 06:06:00+00:00,1.56,535.7,332547
2026-01-11 06:07:00+00:00,1.86,526.0,312861
2026-01-11 06:08:00+00:00,1.80,524.1,331887
2026-01-11 06:09:00+00:00,1.84,528.3,309751
2026-01-11 06:10:00+00:00,2.48,509.6,355802
2026-01-11 06:11:00+00:00,2.41,512.3,348424
2026-01-11 06:12:00+00:00,1.71,536.1,283985
2026-01-11 06:13:00+00:00,1.61,532.9,340836
2026-01-11 06:14:00+00:00,1.70,536.8,316083
2026-01-11 06:15:00+00:00,1.72,531.0,305743
2026-01-11 06:16:00+00:00,1.70,531.0,298022
2026-01-11 06:17:00+00:00,1.72,535.8,301849
2026-01-11 06:18:00+00:00,1.82,537.6,290872
2026-01-11 06:19:00+00:00,1.82,535.4,272105
2026-01-11 06:20:00+00:00,1.80,534.0,264353
2026-01-11 06:21:00+00:00,1.21,545.4,408419
2026-01-11 06:22:00+00:00,1.49,546.7,354159
2026-01-11 06:23:00+00:00,1.83,549.9,279559
2026-01-11 06:24:00+00:00,1.74,543.4,278504
2026-01-11 06:25:00+00:00,1.66,522.9,293285
2026-01-11 06:26:00+00:00,1.78,524.6,301917
2026-01-11 06:27:00+00:00,1.89,523.9,304615
2026-01-11 06:28:00+00:00,1.85,527.4,317775
2026-01-11 06:29:00+00:00,2.10,526.3,300123
2026-01-11 06:30:00+00:00,1.71,526.2,344499
2026-01-11 06:31:00+00:00,1.98,523.7,326247
2026-01-11 06:32:00+00:00,1.95,521.5,328400
2026-01-11 06:33:00+00:00,1.90,520.2,331226
2026-01-11 06:34:00+00:00,1.59,526.1,325898
2026-01-11 06:35:00+00:00,1.79,524.9,304260
2026-01-11 06:36:00+00:00,1.99,523.1,308761
2026-01-11 06:37:00+00:00,1.92,522.1,315517
2026-01-11 06:38:00+00:00,1.92,523.2,314103
2026-01-11 06:39:00+00:00,2.01,524.8,319156
2026-01-11 06:40:00+00:00,1.95,520.6,330178
2026-01-11 06:41:00+00:00,1.95,517.9,355176
2026-01-11 06:42:00+00:00,1.76,517.9,307706
2026-01-11 06:43:00+00:00,1.80,518.0,307582
2026-01-11 06:44:00+00:00,2.14,518.6,306776
2026-01-11 06:45:00+00:00,2.02,515.3,315681
2026-01-11 06:46:00+00:00,2.15,518.4,323204
2026-01-11 06:47:00+00:00,1.91,526.9,318236
2026-01-11 06:48:00+00:00,2.17,527.9,323803
2026-01-11 06:49:00+00:00,2.52,532.1,388626
2026-01-11 06:50:00+00:00,2.25,532.4,350217
2026-01-11 06:51:00+00:00,2.13,530.1,339940
2026-01-11 06:52:00+00:00,2.18,527.3,340051
2026-01-11 06:53:00+00:00,2.21,525.9,333725
2026-01-11 06:54:00+00:00,2.26,525.3,324080
2026-01-11 06:55:00+00:00,2.18,524.6,322175
2026-01-11 06:56:00+00:00,2.14,524.2,320836
2026-01-11 06:57:00+00:00,2.35,526.2,325394
2026-01-11 06:58:00+00:00,2.07,525.8,334263
2026-01-11 06:59:00+00:00,2.09,526.2,332973
2026-01-11 07:00:00+00:00,2.34,529.4,320295
2026-01-11 07:01:00+00:00,2.06,523.9,289280
2026-01-11 07:02:00+00:00,2.22,529.4,293384
2026-01-11 07:03:00+00:00,2.24,529.7,293730
2026-01-11 07:04:00+00:00,2.16,528.3,312410
2026-01-11 07:05:00+00:00,2.17,532.3,314677
2026-01-11 07:06:00+00:00,2.12,531.5,315244
2026-01-11 07:07:00+00:00,2.11,528.4,302959
2026-01-11 07:08:00+00:00,2.08,526.4,306215
2026-01-11 07:09:00+00:00,2.27,527.8,302405
2026-01-11 07:10:00+00:00,2.37,530.2,296142
2026-01-11 07:11:00+00:00,2.24,529.9,308198
2026-01-11 07:12:00+00:00,2.31,529.1,309642
2026-01-11 07:13:00+00:00,2.37,530.9,294298
2026-01-11 07:14:00+00:00,2.40,525.0,316492
2026-01-11 07:15:00+00:00,2.40,525.0,315801
2026-01-11 07:16:00+00:00,2.36,524.9,309390
2026-01-11 07:17:00+00:00,2.23,523.6,303758
2026-01-11 07:18:00+00:00,2.32,529.8,286334
2026-01-11 07:19:00+00:00,2.14,528.9,295240
2026-01-11 07:20:00+00:00,2.22,529.1,279073
2026-01-11 07:21:00+00:00,2.21,526.2,289326
2026-01-11 07:22:00+00:00,2.27,527.6,282653
2026-01-11 07:23:00+00:00,0.90,458.4,123987
2026-01-11 07:24:00+00:00,1.83,491.7,250086
2026-01-11 07:25:00+00:00,3.16,548.2,414702
2026-01-11 08:15:00+00:00,2.33,521.6,215950
2026-01-11 08:16:00+00:00,2.43,521.1,229350
2026-01-11 08:17:00+00:00,2.60,519.3,257662
2026-01-11 08:18:00+00:00,2.42,517.5,251834
2026-01-11 08:19:00+00:00,2.61,517.9,270516
2026-01-11 08:20:00+00:00,2.53,517.8,263831
2026-01-11 08:21:00+00:00,2.57,523.5,251478
2026-01-11 08:22:00+00:00,2.54,519.9,287985
2026-01-11 08:23:00+00:00,2.62,519.9,287509
2026-01-11 08:24:00+00:00,2.51,515.9,268527
2026-01-11 08:25:00+00:00,1.69,488.3,162338
2026-01-11 08:26:00+00:00,2.28,508.4,239088
2026-01-11 08:27:00+00:00,2.65,519.8,292537
2026-01-11 08:28:00+00:00,2.54,517.7,295346
2026-01-11 08:29:00+00:00,2.50,515.9,296719
2026-01-11 08:30:00+00:00,2.44,517.0,297257
2026-01-11 08:31:00+00:00,2.24,520.0,302645
2026-01-11 08:32:00+00:00,2.13,521.6,316184
2026-01-11 08:33:00+00:00,2.45,515.8,275276
2026-01-11 08:34:00+00:00,2.40,516.8,268480
2026-01-11 08:35:00+00:00,2.17,521.7,232011
2026-01-11 08:36:00+00:00,2.26,517.4,208733
2026-01-11 08:37:00+00:00,2.22,515.1,183470
2026-01-11 08:38:00+00:00,2.16,511.9,195423
2026-01-11 08:39:00+00:00,2.30,512.7,191244
2026-01-11 08:40:00+00:00,2.33,512.8,194727
2026-01-11 08:41:00+00:00,2.47,512.5,194702
2026-01-11 08:42:00+00:00,2.36,514.0,187425
2026-01-11 08:43:00+00:00,2.33,513.6,189574
2026-01-11 08:44:00+00:00,2.38,512.2,191941
2026-01-11 08:45:00+00:00,2.28,514.2,194823
2026-01-11 08:46:00+00:00,2.23,517.6,199089
2026-01-11 08:47:00+00:00,2.49,522.5,212251
2026-01-11 08:48:00+00:00,2.75,527.0,223636
2026-01-11 08:49:00+00:00,2.75,520.5,202544
2026-01-11 08:50:00+00:00,2.72,518.1,204604
2026-01-11 08:51:00+00:00,2.92,516.9,206969
2026-01-11 08:52:00+00:00,2.68,516.6,223339
2026-01-11 08:53:00+00:00,2.92,516.3,217353
2026-01-11 08:54:00+00:00,2.54,516.7,208178
2026-01-11 08:55:00+00:00,2.87,517.1,202872
2026-01-11 08:56:00+00:00,2.80,517.1,200006
2026-01-11 08:57:00+00:00,2.71,519.2,201380
2026-01-11 08:58:00+00:00,2.57,518.7,210035
2026-01-11 08:59:00+00:00,2.62,524.5,221267
2026-01-11 09:00:00+00:00,2.80,530.2,232817
2026-01-11 09:01:00+00:00,3.00,532.0,237871
2026-01-11 09:02:00+00:00,2.89,532.9,238953
2026-01-11 09:03:00+00:00,2.47,530.3,235408
2026-01-11 09:04:00+00:00,2.16,522.9,235782
2026-01-11 09:05:00+00:00,1.92,520.1,258455
2026-01-11 09:06:00+00:00,1.74,511.6,227084
2026-01-11 09:07:00+00:00,1.75,512.1,226747
2026-01-11 09:08:00+00:00,1.78,515.8,223872
2026-01-11 09:09:00+00:00,1.85,511.8,228379
2026-01-11 09:10:00+00:00,1.85,,
2026-01-11 09:11:00+00:00,2.36,523.1,238554
2026-01-11 09:12:00+00:00,2.52,530.2,246502
2026-01-11 09:13:00+00:00,1.98,518.1,233743
2026-01-11 09:14:00+00:00,1.76,512.0,227663
2026-01-11 09:15:00+00:00,1.87,514.5,236818
2026-01-11 09:16:00+00:00,2.33,528.2,241037
2026-01-11 09:17:00+00:00,2.48,532.2,246135
2026-01-11 09:18:00+00:00,2.47,533.5,241249
2026-01-11 09:19:00+00:00,2.46,538.6,232910
2026-01-11 09:20:00+00:00,2.21,534.2,242486
2026-01-11 09:21:00+00:00,2.37,535.4,237472
2026-01-11 09:22:00+00:00,2.28,528.8,230835
2026-01-11 09:23:00+00:00,2.12,527.0,233560
2026-01-11 09:24:00+00:00,2.51,538.8,217550
2026-01-11 09:25:00+00:00,2.52,536.6,159358
2026-01-11 09:26:00+00:00,2.59,531.5,171969
2026-01-11 09:27:00+00:00,2.72,539.8,177256
2026-01-11 09:28:00+00:00,2.33,521.6,118425
2026-01-11 09:29:00+00:00,0.56,451.7,42600
2026-01-11 09:30:00+00:00,0.10,442.1,27910
2026-01-11 09:31:00+00:00,2.69,509.7,129140
2026-01-11 09:32:00+00:00,4.17,546.1,186562
2026-01-11 09:35:00+00:00,2.87,539.5,189190
2026-01-11 09:36:00+00:00,2.78,537.6,190522
2026-01-11 09:37:00+00:00,2.57,532.9,193631
2026-01-11 09:39:00+00:00,2.65,514.0,245095
2026-01-11 09:40:00+00:00,2.64,514.2,243945
2026-01-11 09:41:00+00:00,2.48,520.2,210601
2026-01-11 09:42:00+00:00,2.61,538.2,181723
2026-01-11 09:43:00+00:00,2.75,541.9,192696
2026-01-11 09:44:00+00:00,2.77,542.2,194026
2026-01-11 09:48:00+00:00,3.06,490.3,197482
2026-01-11 09:49:00+00:00,2.56,503.5,205906
2026-01-11 09:50:00+00:00,2.05,516.6,214330
2026-01-11 09:51:00+00:00,2.02,509.6,182296
2026-01-11 09:52:00+00:00,2.02,509.6,182296
2026-01-11 09:54:00+00:00,2.47,524.6,192932
2026-01-11 09:55:00+00:00,2.47,524.6,192932
2026-01-11 09:56:00+00:00,1.91,,
2026-01-11 09:57:00+00:00,1.91,520.1,175700
2026-01-11 09:58:00+00:00,2.06,533.6,216696
2026-01-11 10:02:00+00:00,1.60,505.2,211725
2026-01-11 10:03:00+00:00,2.06,506.8,201293
2026-01-11 10:04:00+00:00,2.22,518.2,215914
2026-01-11 10:05:00+00:00,2.41,530.6,235748
2026-01-11 10:06:00+00:00,2.65,537.2,219543
2026-01-11 10:07:00+00:00,3.04,541.0,189998
2026-01-11 10:08:00+00:00,3.07,543.8,177603
2026-01-11 10:09:00+00:00,2.92,547.6,161092
2026-01-11 10:10:00+00:00,3.37,537.2,186482
2026-01-11 10:11:00+00:00,3.37,537.2,186482
2026-01-11 10:12:00+00:00,4.29,,
2026-01-11 10:13:00+00:00,4.29,537.6,197134
2026-01-11 10:14:00+00:00,4.53,548.5,153001
2026-01-11 10:15:00+00:00,3.82,545.1,205720
2026-01-11 10:16:00+00:00,3.58,537.7,195767
2026-01-11 10:17:00+00:00,3.75,545.3,254449
2026-01-11 10:18:00+00:00,3.06,535.2,241168
2026-01-11 10:19:00+00:00,3.19,536.6,218112
2026-01-11 10:20:00+00:00,3.33,537.7,203164
2026-01-11 10:21:00+00:00,3.22,538.8,207705
2026-01-11 10:22:00+00:00,3.47,540.3,200278
2026-01-11 10:23:00+00:00,3.86,539.1,173764
2026-01-11 10:24:00+00:00,3.85,541.7,177997
2026-01-11 10:25:00+00:00,3.67,543.2,193099
2026-01-11 10:26:00+00:00,2.50,523.1,219815
2026-01-11 10:27:00+00:00,2.50,523.6,218628
2026-01-11 10:28:00+00:00,2.54,528.1,207635
2026-01-11 10:29:00+00:00,2.76,529.9,198531
2026-01-11 10:30:00+00:00,2.90,531.5,194098
2026-01-11 10:31:00+00:00,3.13,532.3,187648
2026-01-11 10:32:00+00:00,2.71,528.0,202546
2026-01-11 10:33:00+00:00,3.12,536.4,223366
2026-01-11 10:34:00+00:00,3.68,537.7,181001
2026-01-11 10:35:00+00:00,3.14,538.8,171902
2026-01-11 10:36:00+00:00,3.13,538.0,180492
2026-01-11 10:37:00+00:00,3.46,533.4,173014
2026-01-11 10:38:00+00:00,3.22,531.7,174523
2026-01-11 10:39:00+00:00,3.27,535.3,178758
2026-01-11 10:40:00+00:00,3.57,536.5,173149
2026-01-11 10:41:00+00:00,2.78,532.7,198461
2026-01-11 10:42:00+00:00,2.73,531.9,201364
2026-01-11 10:43:00+00:00,2.73,532.1,201568
2026-01-11 10:44:00+00:00,2.78,533.2,203396
2026-01-11 10:47:00+00:00,3.93,537.9,175198
2026-01-11 10:48:00+00:00,4.55,541.2,155788
2026-01-11 10:49:00+00:00,4.25,536.4,133788
2026-01-11 10:50:00+00:00,3.78,536.9,150476
2026-01-11 10:51:00+00:00,3.76,540.9,156428
2026-01-11 10:52:00+00:00,3.66,539.4,158973
2026-01-11 10:53:00+00:00,3.54,545.7,185599
2026-01-11 10:54:00+00:00,3.46,547.8,187892
2026-01-11 10:55:00+00:00,3.14,538.8,160886
2026-01-11 10:56:00+00:00,3.06,538.7,156166
2026-01-11 10:57:00+00:00,3.62,538.5,144321
2026-01-11 10:58:00+00:00,4.81,543.7,116839
2026-01-11 10:59:00+00:00,4.79,543.6,117138
2026-01-11 11:00:00+00:00,4.55,542.8,119862
2026-01-11 11:01:00+00:00,4.69,543.2,120886
2026-01-11 11:02:00+00:00,4.69,,
2026-01-11 11:03:00+00:00,3.73,541.2,139392
2026-01-11 11:04:00+00:00,3.52,540.9,147314
2026-01-11 11:05:00+00:00,5.15,547.7,148637
2026-01-11 11:06:00+00:00,4.63,546.9,138639
2026-01-11 11:07:00+00:00,4.32,545.4,117610
2026-01-11 11:08:00+00:00,4.57,544.0,121040
2026-01-11 11:09:00+00:00,4.56,543.3,127000
2026-01-11 11:10:00+00:00,4.41,544.1,125725
2026-01-11 11:11:00+00:00,4.53,545.1,126926
2026-01-11 11:12:00+00:00,4.52,544.7,124502
2026-01-11 11:13:00+00:00,4.03,542.9,128839
2026-01-11 11:14:00+00:00,4.29,542.6,118603
2026-01-11 11:15:00+00:00,4.31,542.5,119317
2026-01-11 11:16:00+00:00,4.55,541.5,125741
2026-01-11 11:19:00+00:00,3.92,540.0,150231
2026-01-11 11:20:00+00:00,3.71,540.9,146277
2026-01-11 11:21:00+00:00,3.72,536.7,139785
2026-01-11 11:22:00+00:00,3.70,538.3,132165
2026-01-11 11:23:00+00:00,3.27,535.9,140998
2026-01-11 11:24:00+00:00,3.02,534.3,149177
2026-01-11 11:25:00+00:00,2.91,526.8,129919
2026-01-11 11:26:00+00:00,3.00,525.5,119996
2026-01-11 11:27:00+00:00,3.11,535.7,134527
2026-01-11 11:28:00+00:00,2.95,538.4,130842
2026-01-11 11:29:00+00:00,3.07,538.0,119352
2026-01-11 11:30:00+00:00,3.25,546.2,112787
2026-01-11 11:31:00+00:00,3.33,545.9,114475
2026-01-11 11:32:00+00:00,3.96,543.0,130422
2026-01-11 11:33:00+00:00,3.25,539.8,152401
2026-01-11 11:34:00+00:00,3.25,,
2026-01-11 11:35:00+00:00,3.55,541.4,141572
2026-01-11 11:36:00+00:00,3.97,542.2,135566
2026-01-11 11:37:00+00:00,3.84,541.8,125597
2026-01-11 11:38:00+00:00,3.74,544.6,116337
2026-01-11 11:39:00+00:00,3.47,543.4,133723
2026-01-11 11:40:00+00:00,3.30,541.4,145391
2026-01-11 11:41:00+00:00,3.22,543.2,149968
2026-01-11 11:42:00+00:00,3.26,544.0,147168
2026-01-11 11:43:00+00:00,3.41,541.6,140039
2026-01-11 11:44:00+00:00,3.42,540.2,145110
2026-01-11 11:45:00+00:00,3.36,540.3,148107
2026-01-11 11:46:00+00:00,3.17,542.6,149775
2026-01-11 11:47:00+00:00,3.36,544.2,134870
2026-01-11 11:48:00+00:00,3.49,543.5,140858
2026-01-11 11:49:00+00:00,3.35,542.3,152389
2026-01-11 11:50:00+00:00,3.35,,
2026-01-11 11:52:00+00:00,3.50,539.3,147128
2026-01-11 11:53:00+00:00,3.29,539.3,152770
2026-01-11 11:54:00+00:00,3.56,543.8,135126
2026-01-11 11:55:00+00:00,3.61,544.8,138342
2026-01-11 11:56:00+00:00,3.04,540.8,153167
2026-01-11 11:57:00+00:00,2.76,541.1,186309
2026-01-11 11:58:00+00:00,2.75,541.3,189642
2026-01-11 11:59:00+00:00,2.50,536.2,161779
2026-01-11 12:00:00+00:00,2.56,534.1,163900
2026-01-11 12:01:00+00:00,3.12,534.2,156917
2026-01-11 12:02:00+00:00,2.43,529.5,181277
2026-01-11 12:03:00+00:00,2.42,529.6,180627
2026-01-11 12:04:00+00:00,2.39,530.6,174731
2026-01-11 12:05:00+00:00,2.77,533.3,173298
2026-01-11 12:06:00+00:00,2.77,,
2026-01-11 12:07:00+00:00,3.00,531.4,164870
2026-01-11 12:08:00+00:00,2.40,529.2,199907
2026-01-11 12:09:00+00:00,2.80,534.2,157106
2026-01-11 12:10:00+00:00,2.84,527.6,130516
2026-01-11 12:11:00+00:00,3.22,530.4,141049
2026-01-11 12:12:00+00:00,3.42,535.7,143773
2026-01-11 12:13:00+00:00,3.53,544.6,155646
2026-01-11 12:14:00+00:00,3.37,542.2,162077
2026-01-11 12:15:00+00:00,2.96,525.1,143833
2026-01-11 12:16:00+00:00,2.96,518.5,133716
2026-01-11 12:17:00+00:00,3.10,515.4,140590
2026-01-11 12:18:00+00:00,3.48,509.4,171266
2026-01-11 12:19:00+00:00,3.65,534.7,147550
2026-01-11 12:20:00+00:00,3.40,541.5,131687
2026-01-11 12:21:00+00:00,3.88,544.1,156261
2026-01-11 12:22:00+00:00,2.47,530.3,182035
2026-01-11 12:23:00+00:00,3.13,539.5,176201
2026-01-11 12:24:00+00:00,3.21,540.6,175454
2026-01-11 12:25:00+00:00,2.05,525.9,190663
2026-01-11 12:26:00+00:00,2.53,535.8,192579
2026-01-11 12:27:00+00:00,2.26,531.1,190641
2026-01-11 12:28:00+00:00,2.38,527.6,171390
2026-01-11 12:29:00+00:00,2.40,525.2,148387
2026-01-11 12:30:00+00:00,2.20,525.5,159560
2026-01-11 12:31:00+00:00,2.26,531.6,196416
2026-01-11 12:32:00+00:00,2.36,534.6,207134
2026-01-11 12:33:00+00:00,2.85,537.6,192575
2026-01-11 12:34:00+00:00,3.64,543.3,148604
2026-01-11 12:35:00+00:00,3.67,543.0,148289
2026-01-11 12:36:00+00:00,3.98,540.4,144960
2026-01-11 12:37:00+00:00,4.68,541.6,130705
2026-01-11 12:38:00+00:00,4.68,,
2026-01-11 12:39:00+00:00,3.43,532.7,174862
2026-01-11 12:40:00+00:00,3.38,526.6,146520
2026-01-11 12:41:00+00:00,4.72,518.9,97692
2026-01-11 12:42:00+00:00,5.09,512.6,87212
2026-01-11 12:43:00+00:00,4.67,508.1,91140
2026-01-11 12:44:00+00:00,4.59,515.6,111136
2026-01-11 12:45:00+00:00,5.05,515.4,105441
2026-01-11 12:46:00+00:00,5.40,517.0,91067
2026-01-11 12:47:00+00:00,5.57,530.9,118184
2026-01-11 12:48:00+00:00,6.12,524.6,134228
2026-01-11 12:49:00+00:00,6.46,502.3,87656
2026-01-11 12:50:00+00:00,5.46,511.3,80406
2026-01-11 12:51:00+00:00,5.52,527.9,95329
2026-01-11 12:52:00+00:00,5.51,525.9,105128
2026-01-11 12:53:00+00:00,3.13,526.4,153237
2026-01-11 12:54:00+00:00,3.13,,
2026-01-11 12:55:00+00:00,2.71,481.0,62246
2026-01-11 12:56:00+00:00,2.93,519.1,148726
2026-01-11 12:57:00+00:00,2.97,526.7,166022
2026-01-11 12:58:00+00:00,3.68,547.8,219411
2026-01-11 12:59:00+00:00,2.97,518.6,121993
2026-01-11 13:00:00+00:00,3.02,501.4,74804
2026-01-11 13:01:00+00:00,2.94,497.7,73724
2026-01-11 13:02:00+00:00,2.52,502.4,78709
2026-01-11 13:03:00+00:00,2.72,515.9,119340
2026-01-11 13:04:00+00:00,3.08,519.3,159376
2026-01-11 13:05:00+00:00,3.03,506.6,168228
2026-01-11 13:06:00+00:00,2.75,479.5,207149
2026-01-11 13:07:00+00:00,2.77,496.3,228978
2026-01-11 13:08:00+00:00,3.61,513.1,166136
2026-01-11 13:09:00+00:00,3.94,495.9,85869
2026-01-11 13:10:00+00:00,3.94,,
2026-01-11 13:11:00+00:00,4.50,519.8,122529
2026-01-11 13:12:00+00:00,6.35,524.1,126020
2026-01-11 13:13:00+00:00,4.86,516.8,110043
2026-01-11 13:14:00+00:00,4.61,533.6,143303
2026-01-11 13:15:00+00:00,5.44,533.6,140115
2026-01-11 13:16:00+00:00,6.43,529.6,126493
2026-01-11 13:17:00+00:00,5.48,518.4,130296
2026-01-11 13:18:00+00:00,4.20,516.0,167500
2026-01-11 13:19:00+00:00,7.35,525.0,166316
2026-01-11 13:20:00+00:00,9.77,513.3,97857
2026-01-11 13:21:00+00:00,3.60,503.8,111677
2026-01-11 13:22:00+00:00,4.53,518.3,125877
2026-01-11 13:23:00+00:00,5.27,525.4,161496
2026-01-11 13:24:00+00:00,5.59,514.3,118341
2026-01-11 13:25:00+00:00,4.96,475.2,51617
2026-01-11 13:26:00+00:00,6.82,508.7,99169
2026-01-11 13:27:00+00:00,7.32,513.4,105485
2026-01-11 13:28:00+00:00,6.82,506.3,97285
2026-01-11 13:29:00+00:00,6.43,468.7,58734
2026-01-11 13:30:00+00:00,6.34,457.8,47533
2026-01-11 13:31:00+00:00,7.70,557.6,158945
2026-01-11 13:32:00+00:00,6.41,537.0,132592
2026-01-11 13:33:00+00:00,5.74,519.9,108761
2026-01-11 13:34:00+00:00,6.09,527.0,111968
2026-01-11 13:35:00+00:00,6.33,541.5,137250
2026-01-11 13:36:00+00:00,6.26,533.9,139796
2026-01-11 13:37:00+00:00,5.73,506.7,84415
2026-01-11 13:38:00+00:00,7.20,516.3,97288
2026-01-11 13:39:00+00:00,7.00,514.9,94716
2026-01-11 13:40:00+00:00,7.80,532.0,123465
2026-01-11 13:41:00+00:00,6.40,482.0,70691
2026-01-11 13:42:00+00:00,7.09,535.3,114076
2026-01-11 13:43:00+00:00,7.34,535.4,110505
2026-01-11 13:44:00+00:00,5.29,525.5,122149
2026-01-11 13:45:00+00:00,3.50,491.8,80333
2026-01-11 13:46:00+00:00,5.41,518.0,108428
2026-01-11 13:47:00+00:00,6.84,532.9,124956
2026-01-11 13:48:00+00:00,7.32,528.9,128739
2026-01-11 13:49:00+00:00,6.84,519.9,111595
2026-01-11 13:50:00+00:00,6.55,519.7,104626
2026-01-11 13:51:00+00:00,6.73,524.4,115448
2026-01-11 13:52:00+00:00,5.88,506.1,86482
2026-01-11 13:53:00+00:00,5.30,487.1,67076
2026-01-11 13:54:00+00:00,6.35,526.5,136221
2026-01-11 13:55:00+00:00,6.65,538.7,153475
2026-01-11 13:56:00+00:00,6.10,532.2,141269
2026-01-11 13:57:00+00:00,4.26,474.6,44342
2026-01-11 13:58:00+00:00,3.93,520.8,113924
2026-01-11 13:59:00+00:00,4.32,535.2,149091
2026-01-11 14:00:00+00:00,3.45,526.4,143136
2026-01-11 14:01:00+00:00,2.55,483.7,79318
2026-01-11 14:02:00+00:00,2.90,527.6,145652
2026-01-11 14:03:00+00:00,3.14,551.7,182154
2026-01-11 14:04:00+00:00,2.83,465.9,79168
2026-01-11 14:05:00+00:00,1.43,449.0,51638
2026-01-11 14:06:00+00:00,1.76,477.2,71827
2026-01-11 14:07:00+00:00,4.09,534.8,140841
2026-01-11 14:08:00+00:00,4.08,515.4,126830
2026-01-11 14:09:00+00:00,3.72,474.9,67497
2026-01-11 14:12:00+00:00,5.02,526.3,108081
2026-01-11 14:13:00+00:00,2.90,471.0,59226
2026-01-11 14:14:00+00:00,2.12,513.3,124964
2026-01-11 14:15:00+00:00,2.21,529.7,147617
2026-01-11 14:16:00+00:00,2.59,529.4,210443
2026-01-11 14:17:00+00:00,4.60,529.4,129394
2026-01-11 14:18:00+00:00,3.22,523.1,155848
2026-01-11 14:19:00+00:00,13.45,689.5,611027
2026-01-11 14:20:00+00:00,9.25,612.0,407304
2026-01-11 14:21:00+00:00,1.79,499.3,119495
2026-01-11 14:22:00+00:00,2.43,520.1,170239
2026-01-11 14:23:00+00:00,2.50,522.5,166952
2026-01-11 14:24:00+00:00,2.33,512.4,143541
2026-01-11 14:25:00+00:00,1.65,487.2,76775
2026-01-11 14:26:00+00:00,2.05,526.1,145395
2026-01-11 14:27:00+00:00,2.22,531.1,178657
2026-01-11 14:28:00+00:00,2.11,520.8,146700
2026-01-11 14:29:00+00:00,1.92,515.3,125727
2026-01-11 14:30:00+00:00,2.15,516.8,135927
2026-01-11 14:31:00+00:00,1.97,515.0,132828
2026-01-11 14:32:00+00:00,4.70,476.3,69550
2026-01-11 14:33:00+00:00,2.11,518.5,109058
2026-01-11 14:34:00+00:00,2.47,551.5,202288
2026-01-11 14:35:00+00:00,2.62,544.9,210402
2026-01-11 14:36:00+00:00,2.38,536.7,195901
2026-01-11 14:39:00+00:00,2.84,533.7,119169
2026-01-11 14:40:00+00:00,2.19,538.1,196780
2026-01-11 14:41:00+00:00,2.05,522.3,107473
2026-01-11 14:42:00+00:00,2.35,531.0,139086
2026-01-11 14:43:00+00:00,2.25,533.8,130475
2026-01-11 14:44:00+00:00,1.85,508.8,78802
2026-01-11 14:45:00+00:00,3.03,537.4,169986
2026-01-11 14:46:00+00:00,2.61,525.9,122816
2026-01-11 14:47:00+00:00,1.89,516.3,89183
2026-01-11 14:48:00+00:00,1.80,474.1,55526
2026-01-11 14:49:00+00:00,1.65,520.2,119579
2026-01-11 14:50:00+00:00,2.11,528.4,137432
2026-01-11 14:51:00+00:00,2.18,522.3,120607
2026-01-11 14:52:00+00:00,1.89,516.3,89950
2026-01-11 14:53:00+00:00,1.91,518.6,92309
2026-01-11 14:54:00+00:00,2.20,525.9,121089
2026-01-11 14:55:00+00:00,2.29,525.9,132883
2026-01-11 14:56:00+00:00,2.12,521.3,122060
2026-01-11 14:57:00+00:00,1.99,518.7,101481
2026-01-11 14:58:00+00:00,1.97,519.2,100787
2026-01-11 14:59:00+00:00,1.70,505.3,82798
2026-01-11 15:00:00+00:00,1.67,489.0,65373
2026-01-11 15:01:00+00:00,3.00,538.6,190406
2026-01-11 15:02:00+00:00,2.31,524.3,145840
2026-01-11 15:03:00+00:00,2.16,520.3,114148
2026-01-11 15:04:00+00:00,1.52,488.9,56453
2026-01-11 15:05:00+00:00,2.12,525.3,113057
2026-01-11 15:06:00+00:00,2.22,520.5,110586
2026-01-11 15:07:00+00:00,2.19,513.3,116305
2026-01-11 15:08:00+00:00,2.05,514.7,124069
2026-01-11 15:09:00+00:00,1.92,515.4,123110
2026-01-11 15:10:00+00:00,1.82,513.3,105220
2026-01-11 15:11:00+00:00,1.91,513.8,104336
2026-01-11 15:12:00+00:00,1.99,514.8,111340
2026-01-11 15:13:00+00:00,1.83,515.1,132863
2026-01-11 15:14:00+00:00,1.73,513.6,135971
2026-01-11 15:15:00+00:00,1.67,515.0,127273
2026-01-11 15:16:00+00:00,1.49,516.5,148022
2026-01-11 15:17:00+00:00,1.54,522.1,151379
2026-01-11 15:18:00+00:00,1.77,515.2,124544
2026-01-11 15:19:00+00:00,1.64,515.9,130377
2026-01-11 15:20:00+00:00,1.71,507.6,135512
2026-01-11 15:21:00+00:00,1.81,509.8,162362
2026-01-11 15:22:00+00:00,1.77,509.0,154507
2026-01-11 15:23:00+00:00,1.61,500.0,122464
2026-01-11 15:24:00+00:00,1.77,511.8,166903
2026-01-11 15:25:00+00:00,2.12,524.7,207442
2026-01-11 15:26:00+00:00,3.19,521.8,151232
2026-01-11 15:27:00+00:00,3.21,502.7,79843
2026-01-11 15:28:00+00:00,1.39,492.1,115902
2026-01-11 15:29:00+00:00,2.12,524.3,189026
2026-01-11 15:30:00+00:00,2.87,515.7,99861
2026-01-11 15:31:00+00:00,3.09,515.8,93560
2026-01-11 15:32:00+00:00,2.57,509.1,68216
2026-01-11 15:33:00+00:00,2.94,526.2,177025
2026-01-11 15:34:00+00:00,3.36,536.5,230723
2026-01-11 15:35:00+00:00,2.74,517.2,109436
2026-01-11 15:36:00+00:00,3.06,525.5,126682
2026-01-11 15:37:00+00:00,2.69,523.1,135612
2026-01-11 15:38:00+00:00,2.22,513.7,107162
2026-01-11 15:39:00+00:00,1.56,490.5,60750
2026-01-11 15:40:00+00:00,2.39,510.2,92604
2026-01-11 15:41:00+00:00,3.27,532.9,126111
2026-01-11 15:42:00+00:00,3.28,531.9,120269
2026-01-11 15:45:00+00:00,1.83,527.5,154677
2026-01-11 15:46:00+00:00,2.11,517.9,117867
2026-01-11 15:47:00+00:00,1.76,510.7,104441
2026-01-11 15:48:00+00:00,1.83,501.0,87704
2026-01-11 15:49:00+00:00,1.76,509.9,106441
2026-01-11 15:50:00+00:00,1.47,505.8,85180
2026-01-11 15:51:00+00:00,1.00,469.8,49002
2026-01-11 15:52:00+00:00,1.57,505.7,138460
2026-01-11 15:53:00+00:00,1.80,518.9,173139
2026-01-11 15:54:00+00:00,1.91,515.2,169217
2026-01-11 15:55:00+00:00,1.58,477.6,101073
2026-01-11 15:56:00+00:00,0.64,446.8,40292
2026-01-11 15:57:00+00:00,1.00,470.3,63951
2026-01-11 15:58:00+00:00,1.96,503.4,108014
2026-01-11 16:02:00+00:00,1.86,516.5,119052
2026-01-11 16:03:00+00:00,1.79,499.3,118713
2026-01-11 16:04:00+00:00,1.74,518.4,238371
2026-01-11 16:05:00+00:00,1.78,491.1,105419
2026-01-11 16:06:00+00:00,1.82,507.3,127158
2026-01-11 16:07:00+00:00,1.80,466.1,65363
2026-01-11 16:08:00+00:00,2.59,526.7,144094
2026-01-11 16:09:00+00:00,3.25,512.9,121383
2026-01-11 16:10:00+00:00,3.46,508.4,116209
2026-01-11 16:11:00+00:00,3.05,482.2,70760
2026-01-11 16:12:00+00:00,3.01,495.2,89751
2026-01-11 16:13:00+00:00,3.17,517.4,125713
2026-01-11 16:14:00+00:00,3.75,502.2,91775
2026-01-11 16:15:00+00:00,3.75,502.2,91775
2026-01-11 16:16:00+00:00,15.51,539.4,87807
2026-01-11 16:17:00+00:00,15.51,539.4,87807
2026-01-11 16:18:00+00:00,1.96,467.1,35642
2026-01-11 16:19:00+00:00,2.21,472.8,40502
2026-01-11 16:20:00+00:00,4.48,524.1,84352
2026-01-11 16:21:00+00:00,4.50,525.8,87502
2026-01-11 16:22:00+00:00,4.32,520.1,72038
2026-01-11 16:23:00+00:00,10.56,505.8,72645
2026-01-11 16:24:00+00:00,4.56,519.4,105659
2026-01-11 16:25:00+00:00,5.65,522.3,93550
2026-01-11 16:26:00+00:00,6.82,524.4,96721
2026-01-11 16:27:00+00:00,4.22,502.5,57581
2026-01-11 16:28:00+00:00,5.86,507.5,66007
2026-01-11 16:29:00+00:00,7.76,512.9,76920
2026-01-11 16:30:00+00:00,6.16,489.3,46940
2026-01-11 16:31:00+00:00,5.59,488.9,47414
2026-01-11 16:32:00+00:00,7.20,520.8,84997
2026-01-11 16:33:00+00:00,7.33,515.2,84277
2026-01-11 16:34:00+00:00,5.85,509.0,66952
2026-01-11 16:35:00+00:00,6.91,507.7,64138
2026-01-11 16:36:00+00:00,6.30,510.6,60535
2026-01-11 16:38:00+00:00,6.67,514.9,78129
2026-01-11 16:39:00+00:00,6.47,516.2,79846
2026-01-11 16:40:00+00:00,6.59,520.7,71587
2026-01-11 16:41:00+00:00,6.61,521.5,69896
2026-01-11 16:42:00+00:00,5.47,517.2,92343
2026-01-11 16:43:00+00:00,5.45,506.6,78369
2026-01-11 16:44:00+00:00,5.99,504.3,61730
2026-01-11 16:45:00+00:00,7.34,504.8,58787
2026-01-11 16:46:00+00:00,8.47,504.7,65926
2026-01-11 16:47:00+00:00,8.71,507.8,70559
2026-01-11 16:49:00+00:00,7.66,516.8,63099
2026-01-11 16:50:00+00:00,7.68,517.7,64310
2026-01-11 16:51:00+00:00,7.82,522.7,68471
2026-01-11 16:52:00+00:00,8.39,528.2,51405
2026-01-11 16:54:00+00:00,7.46,524.8,55064
2026-01-11 16:55:00+00:00,8.39,506.0,39160
2026-01-11 16:56:00+00:00,6.69,518.0,34105
2026-01-11 16:57:00+00:00,10.19,515.4,47766
2026-01-11 16:58:00+00:00,10.23,515.7,53209
2026-01-11 16:59:00+00:00,9.80,519.7,55796
2026-01-11 17:00:00+00:00,8.75,528.2,59825
2026-01-11 17:01:00+00:00,7.79,526.5,57770
2026-01-11 17:02:00+00:00,8.44,518.9,53210
2026-01-11 17:03:00+00:00,9.84,519.7,55975
2026-01-11 17:04:00+00:00,10.45,522.5,61572
2026-01-11 17:05:00+00:00,11.02,519.7,58275
2026-01-11 17:06:00+00:00,11.05,520.3,57422
2026-01-11 17:07:00+00:00,11.24,524.0,53468
2026-01-11 17:08:00+00:00,11.57,525.9,56280
2026-01-11 17:10:00+00:00,10.42,522.2,58044
2026-01-11 17:11:00+00:00,11.74,523.9,54025
2026-01-11 17:12:00+00:00,10.03,522.0,51457
2026-01-11 17:13:00+00:00,10.02,519.2,50497
2026-01-11 17:14:00+00:00,11.02,518.3,49657
2026-01-11 17:15:00+00:00,9.66,521.4,53849
2026-01-11 17:16:00+00:00,6.32,525.7,57307
2026-01-11 17:17:00+00:00,4.47,525.3,58585
2026-01-11 17:18:00+00:00,4.52,521.4,61432
2026-01-11 17:19:00+00:00,4.64,519.4,62088
2026-01-11 17:20:00+00:00,4.59,519.3,58193
2026-01-11 17:22:00+00:00,2.56,529.7,40790
2026-01-11 17:23:00+00:00,2.66,529.7,43395
2026-01-11 17:24:00+00:00,3.54,530.1,66840
2026-01-11 17:26:00+00:00,3.28,533.2,29209
2026-01-11 17:27:00+00:00,3.50,534.2,43973
2026-01-11 17:28:00+00:00,3.77,529.6,44465
2026-01-11 17:29:00+00:00,3.82,528.7,44235
2026-01-11 17:30:00+00:00,3.95,543.1,35682
2026-01-11 17:31:00+00:00,3.45,542.1,29989
2026-01-11 17:32:00+00:00,2.61,544.3,39229
2026-01-11 17:33:00+00:00,2.76,541.8,45940
2026-01-11 17:34:00+00:00,3.36,535.1,34974
2026-01-11 17:35:00+00:00,3.30,533.7,25913
2026-01-11 17:36:00+00:00,3.44,535.7,26247
2026-01-11 17:37:00+00:00,3.89,535.1,21510
2026-01-11 17:38:00+00:00,3.18,533.5,22691
2026-01-11 17:39:00+00:00,3.08,531.6,19020
2026-01-11 17:40:00+00:00,2.86,531.2,22670
2026-01-11 17:41:00+00:00,3.91,531.6,24003
2026-01-11 17:42:00+00:00,2.02,535.1,27648
2026-01-11 17:43:00+00:00,2.74,531.3,17519
2026-01-11 17:44:00+00:00,2.48,532.7,29554
2026-01-11 17:45:00+00:00,3.59,539.9,41754
2026-01-11 17:46:00+00:00,2.63,533.7,29732
2026-01-11 17:47:00+00:00,2.66,525.4,43020
2026-01-11 17:48:00+00:00,2.61,523.9,55135
2026-01-11 17:49:00+00:00,2.16,528.3,37504
2026-01-11 17:50:00+00:00,2.33,528.1,33137
2026-01-11 17:51:00+00:00,2.87,522.6,50610
2026-01-11 17:52:00+00:00,3.28,514.0,62663
2026-01-11 17:53:00+00:00,3.70,496.6,93163
2026-01-11 17:55:00+00:00,2.22,529.2,16957
2026-01-11 17:56:00+00:00,2.22,529.2,16957
2026-01-11 17:58:00+00:00,1.06,510.8,24355
2026-01-11 17:59:00+00:00,2.41,522.8,38654
2026-01-11 18:00:00+00:00,2.56,524.1,40614
2026-01-11 18:01:00+00:00,1.99,529.7,30387
2026-01-11 18:02:00+00:00,1.70,517.4,37862
2026-01-11 18:03:00+00:00,1.60,520.0,38084
2026-01-11 18:04:00+00:00,1.66,528.8,34544
2026-01-11 18:05:00+00:00,1.77,528.1,35779
2026-01-11 18:06:00+00:00,1.90,525.5,31473
2026-01-11 18:07:00+00:00,1.94,524.0,28706
2026-01-11 18:08:00+00:00,1.74,518.9,38114
2026-01-11 18:09:00+00:00,1.68,519.2,39757
2026-01-11 18:10:00+00:00,1.76,522.5,46373
2026-01-11 18:11:00+00:00,1.21,522.4,48773
2026-01-11 18:12:00+00:00,1.73,531.7,55750
2026-01-11 18:13:00+00:00,1.98,531.9,52534
2026-01-11 18:14:00+00:00,1.76,530.2,40007
2026-01-11 18:15:00+00:00,2.01,534.1,35289
2026-01-11 18:16:00+00:00,1.86,528.6,48324
2026-01-11 18:17:00+00:00,1.83,527.5,51026
2026-01-11 18:18:00+00:00,1.57,532.7,59708
2026-01-11 18:19:00+00:00,1.43,541.6,52346
2026-01-11 18:20:00+00:00,1.42,536.1,49313
2026-01-11 18:21:00+00:00,1.35,530.5,48535
2026-01-11 18:22:00+00:00,1.71,537.2,48761
2026-01-11 18:23:00+00:00,2.08,542.1,52054
2026-01-11 18:24:00+00:00,1.59,537.5,54021
2026-01-11 18:25:00+00:00,1.51,530.3,49858
2026-01-11 18:26:00+00:00,1.65,534.5,31034
2026-01-11 18:28:00+00:00,1.84,,
2026-01-11 18:29:00+00:00,1.84,538.6,23756
2026-01-11 18:30:00+00:00,1.83,535.7,23909
2026-01-11 18:31:00+00:00,1.90,538.2,24733
2026-01-11 18:32:00+00:00,1.44,539.7,24567
2026-01-11 18:33:00+00:00,0.55,533.1,70592
2026-01-11 18:34:00+00:00,1.02,536.5,47298
2026-01-11 18:35:00+00:00,1.52,537.8,28910
2026-01-11 18:36:00+00:00,1.47,535.5,25475
2026-01-11 18:37:00+00:00,2.13,528.1,25869
2026-01-11 18:38:00+00:00,2.88,524.2,23453
2026-01-11 18:39:00+00:00,2.65,527.5,18484
2026-01-11 18:40:00+00:00,2.15,533.0,20028
2026-01-11 18:41:00+00:00,1.83,541.4,20031
2026-01-11 18:42:00+00:00,2.66,531.2,16993
2026-01-11 18:43:00+00:00,3.14,528.8,12140
2026-01-11 18:44:00+00:00,2.22,530.7,20578
2026-01-11 18:45:00+00:00,3.28,530.3,16027
2026-01-11 18:46:00+00:00,2.83,527.4,34653
2026-01-11 18:47:00+00:00,2.90,530.3,27511
2026-01-11 18:48:00+00:00,2.90,530.7,26646
2026-01-11 18:49:00+00:00,2.56,532.5,11671
2026-01-11 18:50:00+00:00,2.63,555.3,12040
2026-01-11 18:51:00+00:00,2.67,565.0,12199
2026-01-11 18:52:00+00:00,3.75,542.9,44275
2026-01-11 18:53:00+00:00,3.65,546.0,44688
2026-01-11 18:54:00+00:00,2.95,544.4,35050
2026-01-11 18:55:00+00:00,2.17,538.3,21906
2026-01-11 18:57:00+00:00,1.24,520.6,42665
2026-01-11 18:58:00+00:00,1.12,520.4,43882
2026-01-11 18:59:00+00:00,0.55,519.5,49969
2026-01-11 19:02:00+00:00,1.87,524.2,30858
2026-01-11 19:03:00+00:00,1.87,524.2,30858
2026-01-11 19:04:00+00:00,2.72,533.4,30239
2026-01-11 19:05:00+00:00,2.72,533.4,30239
2026-01-11 19:06:00+00:00,1.76,525.9,117555
2026-01-11 19:07:00+00:00,2.20,525.9,84145
2026-01-11 19:08:00+00:00,2.65,531.0,83077
2026-01-11 19:09:00+00:00,2.83,552.4,98321
2026-01-11 19:10:00+00:00,2.86,569.7,99590
2026-01-11 19:11:00+00:00,4.38,586.0,228391
2026-01-11 19:12:00+00:00,4.52,566.3,202665
2026-01-11 19:13:00+00:00,4.84,520.4,142639
2026-01-11 19:15:00+00:00,3.27,540.2,38042
2026-01-11 19:16:00+00:00,3.20,539.5,37473
2026-01-11 19:17:00+00:00,1.12,520.1,20973
2026-01-11 19:18:00+00:00,1.12,,
2026-01-11 19:19:00+00:00,2.68,539.9,32270
2026-01-11 19:20:00+00:00,2.68,539.9,32270
2026-01-11 19:21:00+00:00,2.31,555.0,65564
2026-01-11 19:22:00+00:00,1.82,557.0,77554
2026-01-11 19:23:00+00:00,2.14,549.1,63100
2026-01-11 19:24:00+00:00,2.44,544.0,51758
2026-01-11 19:25:00+00:00,3.02,531.3,46445
2026-01-11 19:26:00+00:00,2.85,538.7,37251
2026-01-11 19:27:00+00:00,2.13,547.3,23671
2026-01-11 19:28:00+00:00,1.23,528.2,19064
2026-01-11 19:29:00+00:00,0.98,491.8,28792
2026-01-11 19:30:00+00:00,0.45,505.2,75466
2026-01-11 19:31:00+00:00,2.16,547.7,43217
2026-01-11 19:32:00+00:00,2.16,547.7,43217
2026-01-11 19:35:00+00:00,2.54,550.7,24305
2026-01-11 19:36:00+00:00,2.54,550.7,24305
2026-01-11 19:41:00+00:00,2.23,512.1,23776
2026-01-11 19:42:00+00:00,2.23,512.1,23776
2026-01-11 19:44:00+00:00,2.96,537.7,24887
2026-01-11 19:45:00+00:00,2.96,537.7,24887
2026-01-11 19:46:00+00:00,3.38,527.3,36215
2026-01-11 19:47:00+00:00,3.38,527.3,36215
2026-01-11 19:53:00+00:00,3.87,526.6,68779
2026-01-11 19:54:00+00:00,3.87,526.6,68779
2026-01-11 19:56:00+00:00,5.77,543.7,45241
2026-01-11 19:57:00+00:00,6.90,547.7,59107
2026-01-11 19:58:00+00:00,5.63,536.9,67293
2026-01-11 19:59:00+00:00,1.92,516.8,64448
2026-01-11 20:00:00+00:00,1.10,518.7,65654
2026-01-11 20:01:00+00:00,1.43,526.2,55324
2026-01-11 20:02:00+00:00,1.63,535.3,80508
2026-01-11 20:03:00+00:00,3.34,564.6,117832
2026-01-11 20:04:00+00:00,3.30,557.4,107122
2026-01-11 20:05:00+00:00,1.52,530.2,71755
2026-01-11 20:06:00+00:00,1.28,533.1,86462
2026-01-11 20:07:00+00:00,1.27,533.2,86969
2026-01-11 20:08:00+00:00,1.00,538.6,97854
2026-01-11 20:09:00+00:00,2.22,533.2,50505
2026-01-11 20:10:00+00:00,2.34,533.3,37660
2026-01-11 20:11:00+00:00,2.56,533.8,36994
2026-01-11 20:12:00+00:00,1.88,556.5,141037
2026-01-11 20:13:00+00:00,1.22,574.0,221192
2026-01-11 20:14:00+00:00,3.90,579.1,376434
2026-01-11 20:15:00+00:00,3.39,564.4,249889
2026-01-11 20:16:00+00:00,2.97,541.1,35180
2026-01-11 20:17:00+00:00,4.02,545.8,44211
2026-01-11 20:18:00+00:00,2.18,539.5,25077
2026-01-11 20:19:00+00:00,2.24,539.2,25538
2026-01-11 20:20:00+00:00,2.70,536.1,29753
2026-01-11 20:21:00+00:00,2.65,543.8,31733
2026-01-11 20:22:00+00:00,2.59,554.4,80852
2026-01-11 20:23:00+00:00,2.66,556.6,30713
2026-01-11 20:24:00+00:00,2.67,556.8,24953
2026-01-11 20:25:00+00:00,4.29,541.7,23872
2026-01-11 20:26:00+00:00,3.20,535.4,24603
2026-01-11 20:27:00+00:00,2.90,535.9,28884
2026-01-11 20:28:00+00:00,3.16,540.4,37997
2026-01-11 20:29:00+00:00,2.72,539.7,41068
2026-01-11 20:30:00+00:00,2.45,533.8,34218
2026-01-11 20:31:00+00:00,2.21,518.0,24406
2026-01-11 20:32:00+00:00,1.60,516.6,36040
2026-01-11 20:33:00+00:00,3.00,560.6,89381
2026-01-11 20:34:00+00:00,3.87,555.4,110149
2026-01-11 20:35:00+00:00,2.15,522.2,30018
2026-01-11 20:36:00+00:00,0.60,489.8,70230
2026-01-11 20:37:00+00:00,0.83,501.6,
2026-01-11 20:38:00+00:00,0.89,542.0,62208
2026-01-11 20:39:00+00:00,0.74,539.8,70265
2026-01-11 20:40:00+00:00,0.73,539.4,71161
2026-01-11 20:41:00+00:00,2.59,548.5,70280
2026-01-11 20:42:00+00:00,2.59,548.5,70280
2026-01-11 20:43:00+00:00,0.76,503.8,19358
2026-01-11 20:44:00+00:00,0.81,512.2,25478
2026-01-11 20:45:00+00:00,0.85,518.6,30158
2026-01-11 20:46:00+00:00,2.46,539.5,28354
2026-01-11 20:47:00+00:00,2.35,533.1,24307
2026-01-11 20:48:00+00:00,2.24,527.3,20334
2026-01-11 20:49:00+00:00,1.93,541.3,26883
2026-01-11 20:50:00+00:00,0.26,544.9,25228
2026-01-11 20:51:00+00:00,0.32,535.3,26364
2026-01-11 20:52:00+00:00,1.83,541.6,37270
2026-01-11 20:53:00+00:00,1.87,533.4,23055
2026-01-11 20:54:00+00:00,1.87,535.6,19684
2026-01-11 20:55:00+00:00,1.28,536.9,24217
2026-01-11 20:56:00+00:00,1.42,537.9,25785
2026-01-11 20:57:00+00:00,1.49,538.4,35332
2026-01-11 20:58:00+00:00,1.19,541.3,44170
2026-01-11 20:59:00+00:00,1.66,545.0,37489
2026-01-11 21:00:00+00:00,1.64,538.0,36014
2026-01-11 21:01:00+00:00,1.46,534.4,39044
2026-01-11 21:02:00+00:00,1.59,533.6,36675
2026-01-11 21:03:00+00:00,1.54,526.6,32531
2026-01-11 21:04:00+00:00,1.56,527.0,34611
2026-01-11 21:05:00+00:00,1.81,536.3,41303
2026-01-11 21:06:00+00:00,1.66,534.2,35363
2026-01-11 21:07:00+00:00,1.76,536.5,40000
2026-01-11 21:08:00+00:00,2.34,548.5,45890
2026-01-11 21:09:00+00:00,2.14,537.8,34470
2026-01-11 21:10:00+00:00,1.58,541.9,27900
2026-01-11 21:11:00+00:00,0.56,530.0,19973
2026-01-11 21:12:00+00:00,1.85,551.0,41306
2026-01-11 21:13:00+00:00,2.13,555.5,45744
2026-01-11 21:14:00+00:00,1.33,540.3,31553
2026-01-11 21:15:00+00:00,1.23,537.4,24601
2026-01-11 21:16:00+00:00,2.15,538.0,31123
2026-01-11 21:17:00+00:00,2.29,541.1,35208
2026-01-11 21:18:00+00:00,1.22,543.3,28981
2026-01-11 21:19:00+00:00,0.87,541.6,23389
2026-01-11 21:20:00+00:00,1.06,546.0,27820
2026-01-11 21:21:00+00:00,0.56,565.1,47450
2026-01-11 21:22:00+00:00,0.81,555.9,40493
2026-01-11 21:23:00+00:00,0.37,540.3,28815
2026-01-11 21:24:00+00:00,0.88,546.4,28220
2026-01-11 21:25:00+00:00,2.13,546.0,41981
2026-01-11 21:26:00+00:00,0.80,535.6,35401
2026-01-11 21:27:00+00:00,0.13,513.8,38954
2026-01-11 21:28:00+00:00,1.33,554.6,48790
2026-01-11 21:29:00+00:00,1.32,569.5,70481
2026-01-11 21:30:00+00:00,0.74,549.2,63054
2026-01-11 21:31:00+00:00,0.53,539.7,57287
2026-01-11 21:32:00+00:00,0.57,544.4,44351
2026-01-11 21:33:00+00:00,0.65,546.1,46133
2026-01-11 21:34:00+00:00,0.75,545.4,43104
2026-01-11 21:35:00+00:00,0.82,543.3,39402
2026-01-11 21:36:00+00:00,0.87,544.6,41347
2026-01-11 21:37:00+00:00,0.95,544.8,35575
2026-01-11 21:38:00+00:00,1.15,547.4,35153
2026-01-11 21:39:00+00:00,1.06,537.7,31957
2026-01-11 21:40:00+00:00,1.98,543.5,40420
2026-01-11 21:41:00+00:00,1.94,545.5,29152
2026-01-11 21:42:00+00:00,2.09,544.2,29722
2026-01-11 21:43:00+00:00,1.38,544.1,31994
2026-01-11 21:44:00+00:00,1.98,555.0,36622
2026-01-11 21:45:00+00:00,1.82,554.3,23974
2026-01-11 21:46:00+00:00,1.74,553.5,19857
2026-01-11 21:47:00+00:00,2.77,560.0,66427
2026-01-11 21:48:00+00:00,1.97,548.2,65282
2026-01-11 21:49:00+00:00,1.43,540.9,53201
2026-01-11 21:50:00+00:00,0.95,532.8,39778
2026-01-11 21:51:00+00:00,1.17,531.7,51599
2026-01-11 21:52:00+00:00,2.48,548.4,67504
2026-01-11 21:53:00+00:00,1.70,539.0,45362
2026-01-11 21:54:00+00:00,1.64,536.7,44853
2026-01-11 21:55:00+00:00,1.70,540.3,45176
2026-01-11 21:56:00+00:00,2.66,556.2,80701
2026-01-11 21:57:00+00:00,1.68,540.6,40824
2026-01-11 21:58:00+00:00,1.59,531.3,64584
2026-01-11 21:59:00+00:00,1.58,532.4,43306
2026-01-11 22:04:00+00:00,1.24,530.9,60285
2026-01-11 22:05:00+00:00,1.43,532.9,54538
2026-01-11 22:06:00+00:00,0.68,526.3,46485
2026-01-11 22:07:00+00:00,0.99,522.3,55209
2026-01-11 22:08:00+00:00,1.67,535.9,78135
2026-01-11 22:09:00+00:00,2.09,539.1,84323
2026-01-11 22:10:00+00:00,1.52,539.1,27198
2026-01-11 22:11:00+00:00,1.51,539.4,28563
2026-01-11 22:12:00+00:00,1.44,541.9,40724
2026-01-11 22:13:00+00:00,1.66,530.6,37092
2026-01-11 22:14:00+00:00,1.66,,
2026-01-11 22:15:00+00:00,1.86,533.5,20599
2026-01-11 22:16:00+00:00,1.71,538.4,49343
2026-01-11 22:17:00+00:00,1.29,544.0,55009
2026-01-11 22:18:00+00:00,1.17,545.4,54984
2026-01-11 22:20:00+00:00,1.69,523.5,39331
2026-01-11 22:21:00+00:00,2.00,524.8,48917
2026-01-11 22:22:00+00:00,1.50,525.8,55010
2026-01-11 22:23:00+00:00,0.71,532.6,71090
2026-01-11 22:24:00+00:00,1.05,543.4,104021
2026-01-11 22:25:00+00:00,0.71,540.2,97649
2026-01-11 22:26:00+00:00,0.45,541.3,87173
2026-01-11 22:27:00+00:00,0.46,540.7,85914
2026-01-11 22:28:00+00:00,0.56,535.1,75712
2026-01-11 22:29:00+00:00,0.82,537.2,108629
2026-01-11 22:30:00+00:00,0.82,,
2026-01-11 22:31:00+00:00,0.55,529.7,52682
2026-01-11 22:32:00+00:00,0.74,534.5,70462
2026-01-11 22:33:00+00:00,0.81,531.3,62348
2026-01-11 22:34:00+00:00,0.82,530.1,58797
2026-01-11 22:35:00+00:00,0.64,516.4,40746
2026-01-11 22:36:00+00:00,0.95,522.0,80157
2026-01-11 22:37:00+00:00,1.40,523.1,81685
2026-01-11 22:38:00+00:00,1.17,520.9,74564
2026-01-11 22:39:00+00:00,1.19,524.3,105623
2026-01-11 22:40:00+00:00,2.15,528.4,106831
2026-01-11 22:41:00+00:00,1.95,529.7,97717
2026-01-11 22:42:00+00:00,1.49,532.9,95772
2026-01-11 22:43:00+00:00,1.52,532.6,96361
2026-01-11 22:44:00+00:00,1.78,530.5,101180
2026-01-11 22:45:00+00:00,1.53,537.3,86994
2026-01-11 22:46:00+00:00,1.53,,
2026-01-11 22:47:00+00:00,1.35,523.6,63862
2026-01-11 22:48:00+00:00,1.59,524.6,58223
2026-01-11 22:49:00+00:00,1.63,528.2,105459
2026-01-11 22:50:00+00:00,1.63,529.3,120178
2026-01-11 22:51:00+00:00,,,
2026-01-11 22:52:00+00:00,,,
2026-01-11 22:53:00+00:00,4.27,543.4,62849
2026-01-11 22:54:00+00:00,4.27,543.4,62849
2026-01-11 22:55:00+00:00,1.55,525.0,106940
2026-01-11 22:56:00+00:00,1.42,525.6,116364
2026-01-11 22:57:00+00:00,1.13,527.2,138353
2026-01-11 22:58:00+00:00,0.87,526.8,77080
2026-01-11 22:59:00+00:00,0.91,527.4,83077
2026-01-11 23:00:00+00:00,1.20,532.8,134733
2026-01-11 23:01:00+00:00,1.07,526.7,67407
2026-01-11 23:02:00+00:00,1.07,,
2026-01-11 23:03:00+00:00,0.83,542.6,63725
2026-01-11 23:04:00+00:00,1.21,534.1,115035
2026-01-11 23:05:00+00:00,0.49,558.9,98155
2026-01-11 23:06:00+00:00,0.24,566.9,89894
2026-01-11 23:07:00+00:00,0.25,550.1,70415
2026-01-11 23:08:00+00:00,0.51,547.1,73814
2026-01-11 23:09:00+00:00,0.69,544.9,67266
2026-01-11 23:10:00+00:00,0.75,544.2,58439
2026-01-11 23:11:00+00:00,0.68,543.1,67302
2026-01-11 23:12:00+00:00,0.59,541.3,77830
2026-01-11 23:13:00+00:00,1.05,537.6,68352
2026-01-11 23:14:00+00:00,1.35,533.2,66583
2026-01-11 23:15:00+00:00,1.37,533.0,65685
2026-01-11 23:16:00+00:00,1.59,530.4,57589
2026-01-11 23:17:00+00:00,1.56,532.6,57199
2026-01-11 23:18:00+00:00,1.56,,
2026-01-11 23:19:00+00:00,1.10,544.5,56678
2026-01-11 23:20:00+00:00,1.01,541.6,57285
2026-01-11 23:21:00+00:00,1.08,539.5,57964
2026-01-11 23:22:00+00:00,1.10,539.1,58133
2026-01-11 23:23:00+00:00,0.71,550.9,72700
2026-01-11 23:24:00+00:00,0.83,550.6,63985
2026-01-11 23:25:00+00:00,0.92,550.3,57321
2026-01-11 23:26:00+00:00,0.71,549.9,64453
2026-01-11 23:27:00+00:00,0.80,543.8,69078
2026-01-11 23:28:00+00:00,0.91,536.9,75042
2026-01-11 23:29:00+00:00,0.78,545.2,70321
2026-01-11 23:30:00+00:00,0.96,539.6,88482
2026-01-11 23:31:00+00:00,0.94,540.7,93140
2026-01-11 23:32:00+00:00,0.85,550.1,134383
2026-01-11 23:33:00+00:00,0.86,537.7,114615
2026-01-11 23:34:00+00:00,0.86,,
2026-01-11 23:35:00+00:00,0.85,544.3,97417
2026-01-11 23:36:00+00:00,0.58,552.4,120721
2026-01-11 23:37:00+00:00,0.59,556.0,133752
2026-01-11 23:38:00+00:00,0.61,556.6,136299
2026-01-11 23:39:00+00:00,0.71,545.8,107731
2026-01-11 23:40:00+00:00,0.59,560.5,97679
2026-01-11 23:41:00+00:00,0.46,550.5,82633
2026-01-11 23:42:00+00:00,0.44,529.3,75275
2026-01-11 23:43:00+00:00,0.93,529.9,125819
2026-01-11 23:44:00+00:00,0.97,529.8,124531
2026-01-11 23:45:00+00:00,0.91,527.3,118996
2026-01-11 23:46:00+00:00,0.57,521.2,106024
2026-01-11 23:47:00+00:00,1.10,526.4,83015
2026-01-11 23:48:00+00:00,0.91,526.6,84711
2026-01-11 23:49:00+00:00,1.04,520.6,67244
2026-01-11 23:50:00+00:00,1.04,,
2026-01-11 23:51:00+00:00,0.54,530.7,60128
2026-01-11 23:52:00+00:00,0.85,534.0,75187
2026-01-11 23:53:00+00:00,0.92,540.4,128227
2026-01-11 23:54:00+00:00,0.93,542.2,143453
2026-01-11 23:55:00+00:00,1.21,545.3,70127
2026-01-11 23:56:00+00:00,1.03,545.1,111440
2026-01-11 23:57:00+00:00,0.90,545.0,143033
2026-01-11 23:59:00+00:00,0.61,549.7,114150
2026-01-12 00:00:00+00:00,0.58,545.3,114592
2026-01-12 00:01:00+00:00,0.55,537.0,127166
2026-01-12 00:02:00+00:00,0.65,542.2,153383
2026-01-12 00:03:00+00:00,0.70,536.9,97699
2026-01-12 00:04:00+00:00,0.71,543.5,122354
2026-01-12 00:05:00+00:00,0.80,534.6,89029
2026-01-12 00:06:00+00:00,0.80,,
2026-01-12 00:07:00+00:00,0.88,538.5,76008
2026-01-12 00:08:00+00:00,0.56,539.5,81492
2026-01-12 00:09:00+00:00,0.62,541.6,78843
2026-01-12 00:10:00+00:00,0.66,542.2,77703
2026-01-12 00:11:00+00:00,0.36,548.5,215453
2026-01-12 00:12:00+00:00,0.41,536.7,155274
2026-01-12 00:13:00+00:00,0.42,534.8,187409
2026-01-12 00:14:00+00:00,0.40,542.0,265563
2026-01-12 00:15:00+00:00,1.15,543.7,97271
2026-01-12 00:16:00+00:00,1.27,541.8,93382
2026-01-12 00:17:00+00:00,1.68,539.1,95259
2026-01-12 00:18:00+00:00,1.88,540.1,117014
2026-01-12 00:19:00+00:00,0.97,517.7,74404
2026-01-12 00:20:00+00:00,0.32,545.7,326058
2026-01-12 00:22:00+00:00,0.19,,
2026-01-12 00:23:00+00:00,0.14,587.4,138327
2026-01-12 00:24:00+00:00,0.09,588.8,108366
2026-01-12 00:25:00+00:00,0.80,534.8,163836
2026-01-12 00:26:00+00:00,1.01,518.3,182542
2026-01-12 00:27:00+00:00,0.28,551.9,215406
2026-01-12 00:28:00+00:00,0.31,522.6,113398
2026-01-12 00:29:00+00:00,0.40,499.2,37766
2026-01-12 00:30:00+00:00,0.55,498.6,40333
2026-01-12 00:31:00+00:00,0.67,499.2,40587
2026-01-12 00:32:00+00:00,0.48,507.4,69459
2026-01-12 00:33:00+00:00,0.48,507.4,69459
2026-01-12 00:34:00+00:00,0.65,509.5,194086
2026-01-12 00:35:00+00:00,0.69,511.3,181617
2026-01-12 00:36:00+00:00,1.10,527.0,70186
2026-01-12 00:37:00+00:00,1.42,507.9,93124
2026-01-12 00:38:00+00:00,1.42,,
2026-01-12 00:39:00+00:00,0.18,560.4,108487
2026-01-12 00:40:00+00:00,0.19,508.9,61302
2026-01-12 00:41:00+00:00,0.15,507.5,39394
2026-01-12 00:42:00+00:00,0.13,510.2,35598
2026-01-12 00:43:00+00:00,1.14,531.4,67061
2026-01-12 00:44:00+00:00,1.22,532.7,84212
2026-01-12 00:45:00+00:00,1.18,527.5,81057
2026-01-12 00:46:00+00:00,1.08,521.3,64785
2026-01-12 00:47:00+00:00,1.14,534.1,59008
2026-01-12 00:48:00+00:00,1.22,536.4,60097
2026-01-12 00:49:00+00:00,1.44,543.3,63499
2026-01-12 00:50:00+00:00,1.49,543.1,66757
2026-01-12 00:51:00+00:00,1.38,521.0,69447
2026-01-12 00:52:00+00:00,1.25,523.8,74668
2026-01-12 00:53:00+00:00,1.17,532.4,76673
2026-01-12 00:54:00+00:00,1.17,,
2026-01-12 00:55:00+00:00,0.41,531.9,219884
2026-01-12 00:56:00+00:00,0.42,528.8,120349
2026-01-12 00:57:00+00:00,0.36,543.1,210604
2026-01-12 00:58:00+00:00,0.35,547.7,244132
2026-01-12 00:59:00+00:00,0.38,538.7,178841
2026-01-12 01:00:00+00:00,0.59,526.1,119317
2026-01-12 01:01:00+00:00,0.91,526.2,92165
2026-01-12 01:02:00+00:00,1.07,535.8,110531
2026-01-12 01:03:00+00:00,0.02,537.6,48582
2026-01-12 01:04:00+00:00,0.02,537.6,48582
2026-01-12 01:05:00+00:00,0.51,581.1,289187
2026-01-12 01:06:00+00:00,0.47,576.9,275284
2026-01-12 01:07:00+00:00,0.24,549.8,187904
2026-01-12 01:08:00+00:00,0.06,499.0,32835
2026-01-12 01:09:00+00:00,0.24,564.1,198197
2026-01-12 01:10:00+00:00,0.24,,
2026-01-12 01:11:00+00:00,0.02,545.7,106487
2026-01-12 01:12:00+00:00,0.26,558.8,210804
2026-01-12 01:13:00+00:00,0.38,556.0,224028
2026-01-12 01:14:00+00:00,0.40,554.3,221703
2026-01-12 01:15:00+00:00,1.34,536.0,172115
2026-01-12 01:16:00+00:00,1.00,534.5,167391
2026-01-12 01:17:00+00:00,0.74,516.7,106395
2026-01-12 01:18:00+00:00,0.74,499.9,49011
2026-01-12 01:19:00+00:00,1.38,508.6,92306
2026-01-12 01:20:00+00:00,1.34,509.6,99023
2026-01-12 01:21:00+00:00,1.22,520.4,110682
2026-01-12 01:22:00+00:00,1.10,541.6,100931
2026-01-12 01:23:00+00:00,1.03,509.2,115765
2026-01-12 01:24:00+00:00,1.32,511.3,94906
2026-01-12 01:25:00+00:00,1.28,511.6,104484
2026-01-12 01:26:00+00:00,1.28,,
2026-01-12 01:27:00+00:00,1.19,510.1,73713
2026-01-12 01:28:00+00:00,1.05,514.0,146680
2026-01-12 01:29:00+00:00,1.05,525.6,260071
2026-01-12 01:30:00+00:00,1.06,528.9,290140
2026-01-12 01:31:00+00:00,1.35,512.1,111063
2026-01-12 01:32:00+00:00,1.42,512.9,112684
2026-01-12 01:33:00+00:00,1.39,512.7,113710
2026-01-12 01:34:00+00:00,1.31,511.9,113495
2026-01-12 01:35:00+00:00,1.26,514.9,149211
2026-01-12 01:36:00+00:00,1.30,514.0,135543
2026-01-12 01:37:00+00:00,1.38,511.8,103651
2026-01-12 01:38:00+00:00,1.06,515.0,74835
2026-01-12 01:39:00+00:00,1.08,515.3,80260
2026-01-12 01:40:00+00:00,1.24,518.9,130210
2026-01-12 01:41:00+00:00,1.07,525.6,162693
2026-01-12 01:42:00+00:00,1.07,,
2026-01-12 01:43:00+00:00,1.21,533.0,133456
2026-01-12 01:44:00+00:00,1.04,529.2,180384
2026-01-12 01:45:00+00:00,1.17,526.7,176565
2026-01-12 01:46:00+00:00,1.22,526.1,172547
2026-01-12 01:47:00+00:00,1.07,536.8,172716
2026-01-12 01:48:00+00:00,1.38,535.8,153654
2026-01-12 01:49:00+00:00,1.60,532.8,144957
2026-01-12 01:50:00+00:00,1.58,530.7,150838
2026-01-12 01:51:00+00:00,2.31,524.9,116210
2026-01-12 01:52:00+00:00,2.07,526.3,122200
2026-01-12 01:53:00+00:00,1.58,532.3,144203
2026-01-12 01:54:00+00:00,1.69,539.4,167627
2026-01-12 01:55:00+00:00,1.19,529.7,154080
2026-01-12 01:56:00+00:00,1.35,531.8,164230
2026-01-12 01:57:00+00:00,1.11,548.2,155337
2026-01-12 01:58:00+00:00,1.11,,
2026-01-12 01:59:00+00:00,1.84,550.0,133084
2026-01-12 02:00:00+00:00,1.32,557.9,87176
2026-01-12 02:01:00+00:00,1.22,560.4,83053
2026-01-12 02:02:00+00:00,1.22,560.7,84592
2026-01-12 02:03:00+00:00,1.16,565.9,65779
2026-01-12 02:04:00+00:00,1.17,563.5,66625
2026-01-12 02:05:00+00:00,1.11,560.6,72591
2026-01-12 02:06:00+00:00,1.05,559.4,77912
2026-01-12 02:07:00+00:00,1.21,564.5,86425
2026-01-12 02:08:00+00:00,1.21,565.8,86920
2026-01-12 02:09:00+00:00,1.22,568.7,88075
2026-01-12 02:11:00+00:00,1.10,566.0,124984
2026-01-12 02:12:00+00:00,1.10,566.0,124505
2026-01-12 02:13:00+00:00,1.30,566.5,110591
2026-01-12 02:14:00+00:00,1.30,,
2026-01-12 02:15:00+00:00,0.94,558.4,90770
2026-01-12 02:16:00+00:00,1.11,555.9,141792
2026-01-12 02:17:00+00:00,1.11,551.4,138573
2026-01-12 02:18:00+00:00,1.10,550.2,134487
2026-01-12 02:19:00+00:00,1.20,546.1,178587
2026-01-12 02:20:00+00:00,1.20,547.8,172176
2026-01-12 02:21:00+00:00,1.16,551.1,160722
2026-01-12 02:22:00+00:00,1.12,553.2,154171
2026-01-12 02:23:00+00:00,1.25,549.7,117928
2026-01-12 02:24:00+00:00,1.27,549.0,123633
2026-01-12 02:25:00+00:00,1.39,549.8,143162
2026-01-12 02:26:00+00:00,1.58,555.8,156153
2026-01-12 02:27:00+00:00,1.19,545.7,116513
2026-01-12 02:28:00+00:00,1.25,540.1,95267
2026-01-12 02:29:00+00:00,1.25,535.0,120376
2026-01-12 02:30:00+00:00,0.95,528.2,91773
2026-01-12 02:31:00+00:00,1.01,526.6,111450
2026-01-12 02:32:00+00:00,1.04,530.6,104562
2026-01-12 02:33:00+00:00,1.07,532.1,95763
2026-01-12 02:34:00+00:00,1.08,532.3,93644
2026-01-12 02:35:00+00:00,1.01,536.7,110607
2026-01-12 02:36:00+00:00,1.10,532.7,101574
2026-01-12 02:37:00+00:00,1.15,529.7,89249
2026-01-12 02:38:00+00:00,1.14,529.6,83830
2026-01-12 02:39:00+00:00,1.00,534.4,89251
2026-01-12 02:40:00+00:00,0.92,536.8,97119
2026-01-12 02:41:00+00:00,0.82,540.3,107613
2026-01-12 02:42:00+00:00,1.05,534.8,85534
2026-01-12 02:43:00+00:00,0.98,540.9,104340
2026-01-12 02:44:00+00:00,0.95,,
2026-01-12 02:45:00+00:00,0.95,540.3,81249
2026-01-12 02:46:00+00:00,0.95,,
2026-01-12 02:47:00+00:00,0.98,546.8,85266
2026-01-12 02:48:00+00:00,1.00,544.6,78115
2026-01-12 02:49:00+00:00,0.96,543.3,79335
2026-01-12 02:50:00+00:00,0.95,543.0,80142
2026-01-12 02:51:00+00:00,0.86,532.7,76367
2026-01-12 02:52:00+00:00,1.01,533.5,71885
2026-01-12 02:53:00+00:00,1.12,535.0,70710
2026-01-12 02:54:00+00:00,1.11,535.9,72961
2026-01-12 02:55:00+00:00,1.20,532.6,91830
2026-01-12 02:56:00+00:00,1.18,535.6,90828
2026-01-12 02:57:00+00:00,1.09,541.2,92310
2026-01-12 02:58:00+00:00,0.99,535.5,99570
2026-01-12 02:59:00+00:00,1.10,529.6,74255
2026-01-12 03:00:00+00:00,1.04,532.0,83724
2026-01-12 03:01:00+00:00,1.15,533.1,62106
2026-01-12 03:02:00+00:00,1.15,,
2026-01-12 03:03:00+00:00,1.01,527.6,72932
2026-01-12 03:04:00+00:00,1.12,531.4,72825
2026-01-12 03:05:00+00:00,1.11,527.7,71387
2026-01-12 03:06:00+00:00,1.11,526.4,70955
2026-01-12 03:07:00+00:00,1.14,528.7,79293
2026-01-12 03:08:00+00:00,1.04,529.8,78943
2026-01-12 03:09:00+00:00,1.10,532.6,75933
2026-01-12 03:10:00+00:00,1.24,534.4,73190
2026-01-12 03:11:00+00:00,1.16,532.6,86209
2026-01-12 03:12:00+00:00,1.14,540.9,88082
2026-01-12 03:13:00+00:00,1.10,565.4,95924
2026-01-12 03:14:00+00:00,1.06,575.9,105019
2026-01-12 03:15:00+00:00,0.95,545.8,92703
2026-01-12 03:16:00+00:00,0.97,535.2,85987
2026-01-12 03:18:00+00:00,1.07,539.7,92327
2026-01-12 03:19:00+00:00,1.12,538.7,84688
2026-01-12 03:20:00+00:00,0.95,548.7,67281
2026-01-12 03:21:00+00:00,0.79,542.5,93620
2026-01-12 03:22:00+00:00,0.76,540.1,102644
2026-01-12 03:23:00+00:00,1.03,541.2,89070
2026-01-12 03:24:00+00:00,1.04,530.6,86522
2026-01-12 03:25:00+00:00,1.03,521.2,81620
2026-01-12 03:26:00+00:00,1.02,519.8,78667
2026-01-12 03:27:00+00:00,1.06,527.1,100076
2026-01-12 03:28:00+00:00,1.06,525.2,99739
2026-01-12 03:29:00+00:00,1.07,523.0,94725
2026-01-12 03:30:00+00:00,1.03,533.4,83850
2026-01-12 03:31:00+00:00,1.00,544.4,97710
2026-01-12 03:32:00+00:00,1.10,532.5,87506
2026-01-12 03:33:00+00:00,1.16,540.6,109128
2026-01-12 03:34:00+00:00,1.07,525.5,72713
2026-01-12 03:35:00+00:00,1.15,548.6,100031
2026-01-12 03:36:00+00:00,1.07,546.6,102214
2026-01-12 03:37:00+00:00,1.02,551.4,90481
2026-01-12 03:38:00+00:00,1.01,553.2,86971
2026-01-12 03:39:00+00:00,1.00,546.5,125053
2026-01-12 03:40:00+00:00,0.96,541.3,109826
2026-01-12 03:41:00+00:00,0.97,541.9,103573
2026-01-12 03:42:00+00:00,1.00,546.5,108964
2026-01-12 03:43:00+00:00,1.01,529.4,85446
2026-01-12 03:44:00+00:00,0.98,528.6,87388
2026-01-12 03:45:00+00:00,0.92,525.3,92114
2026-01-12 03:46:00+00:00,0.94,521.8,90312
2026-01-12 03:47:00+00:00,1.06,524.7,78794
2026-01-12 03:48:00+00:00,1.03,523.1,85401
2026-01-12 03:49:00+00:00,0.73,535.7,94333
2026-01-12 03:50:00+00:00,0.73,,
2026-01-12 03:51:00+00:00,1.10,534.5,67684
2026-01-12 03:52:00+00:00,0.82,534.9,84909
2026-01-12 03:53:00+00:00,0.82,531.6,85967
2026-01-12 03:54:00+00:00,0.84,530.6,85241
2026-01-12 03:55:00+00:00,1.10,533.0,79335
2026-01-12 03:56:00+00:00,1.16,531.6,82295
2026-01-12 03:57:00+00:00,1.23,527.8,84472
2026-01-12 04:00:00+00:00,1.11,526.8,83113
2026-01-12 04:01:00+00:00,1.11,526.8,83113
2026-01-12 04:03:00+00:00,0.95,530.1,83625
2026-01-12 04:04:00+00:00,0.95,530.2,84239
2026-01-12 04:05:00+00:00,0.91,535.6,102062
2026-01-12 04:06:00+00:00,0.91,,
2026-01-12 04:07:00+00:00,1.19,542.8,78863
2026-01-12 04:08:00+00:00,0.75,538.4,78972
2026-01-12 04:09:00+00:00,1.04,532.2,76443
2026-01-12 04:10:00+00:00,1.16,530.5,75667
2026-01-12 04:11:00+00:00,1.05,531.5,99615
2026-01-12 04:12:00+00:00,1.13,530.6,88585
2026-01-12 04:13:00+00:00,1.06,529.6,78023
2026-01-12 04:14:00+00:00,0.93,529.2,75897
2026-01-12 04:15:00+00:00,1.07,537.6,84441
2026-01-12 04:16:00+00:00,1.04,538.5,82392
2026-01-12 04:17:00+00:00,0.84,531.4,66908
2026-01-12 04:18:00+00:00,0.46,501.0,31741
2026-01-12 04:19:00+00:00,1.09,531.9,84323
2026-01-12 04:20:00+00:00,1.08,531.9,84002
2026-01-12 04:21:00+00:00,0.98,530.8,74697
2026-01-12 04:22:00+00:00,0.98,,
2026-01-12 04:24:00+00:00,1.06,527.5,80288
2026-01-12 04:25:00+00:00,1.09,529.3,65005
2026-01-12 04:26:00+00:00,1.10,529.9,60354
2026-01-12 04:27:00+00:00,0.93,534.4,74142
2026-01-12 04:28:00+00:00,0.89,533.6,71934
2026-01-12 04:29:00+00:00,0.87,530.2,69488
2026-01-12 04:30:00+00:00,0.87,527.4,68731
2026-01-12 04:31:00+00:00,1.07,527.3,71703
2026-01-12 04:32:00+00:00,1.05,529.7,76322
2026-01-12 04:33:00+00:00,1.00,535.4,87098
2026-01-12 04:34:00+00:00,0.96,527.9,91432
2026-01-12 04:35:00+00:00,0.97,527.8,89830
2026-01-12 04:36:00+00:00,1.00,527.7,75732
2026-01-12 04:37:00+00:00,0.90,533.5,85121
2026-01-12 04:38:00+00:00,0.90,,
2026-01-12 04:39:00+00:00,1.08,535.7,64618
2026-01-12 04:40:00+00:00,0.95,533.9,65694
2026-01-12 04:41:00+00:00,1.08,543.9,70836
2026-01-12 04:42:00+00:00,1.13,547.0,72336
2026-01-12 04:43:00+00:00,1.20,537.4,80861
2026-01-12 04:44:00+00:00,0.96,537.5,73564
2026-01-12 04:45:00+00:00,0.87,532.0,68006
2026-01-12 04:46:00+00:00,0.97,526.4,68027
2026-01-12 04:47:00+00:00,0.99,532.7,88841
2026-01-12 04:48:00+00:00,0.97,532.8,90870
2026-01-12 04:49:00+00:00,0.93,533.1,95605
2026-01-12 04:50:00+00:00,1.50,513.9,75983
2026-01-12 04:51:00+00:00,1.47,514.3,76688
2026-01-12 04:52:00+00:00,1.17,517.9,82500
2026-01-12 04:53:00+00:00,1.57,517.4,66989
2026-01-12 04:54:00+00:00,1.57,,
2026-01-12 04:55:00+00:00,1.12,524.0,82208
2026-01-12 04:56:00+00:00,1.12,524.0,82208
2026-01-12 04:57:00+00:00,1.09,523.4,70460
2026-01-12 04:58:00+00:00,1.09,523.4,70460
2026-01-12 04:59:00+00:00,1.08,522.0,65496
2026-01-12 05:00:00+00:00,1.06,521.2,77511
2026-01-12 05:01:00+00:00,1.07,529.6,95179
2026-01-12 05:02:00+00:00,1.10,538.6,103659
2026-01-12 05:03:00+00:00,0.91,516.5,79034
2026-01-12 05:04:00+00:00,1.11,512.8,71307
2026-01-12 05:05:00+00:00,1.71,506.4,57544
2026-01-12 05:06:00+00:00,2.20,513.8,71555
2026-01-12 05:07:00+00:00,1.34,503.4,58426
2026-01-12 05:08:00+00:00,1.32,504.1,59478
2026-01-12 05:09:00+00:00,0.99,525.6,89988
2026-01-12 05:10:00+00:00,0.99,,
2026-01-12 05:11:00+00:00,0.90,520.1,83067
2026-01-12 05:12:00+00:00,1.44,511.0,72135
2026-01-12 05:13:00+00:00,1.59,513.2,83249
2026-01-12 05:14:00+00:00,1.61,514.4,87297
2026-01-12 05:15:00+00:00,1.66,513.1,71592
2026-01-12 05:16:00+00:00,1.64,517.2,76394
2026-01-12 05:17:00+00:00,2.08,528.9,101135
2026-01-12 05:18:00+00:00,2.53,537.5,122203
2026-01-12 05:19:00+00:00,0.44,529.8,131379
2026-01-12 05:20:00+00:00,0.44,530.4,153800
2026-01-12 05:21:00+00:00,0.45,522.4,163088
2026-01-12 05:22:00+00:00,0.43,498.5,39699
2026-01-12 05:23:00+00:00,0.15,533.5,139883
2026-01-12 05:24:00+00:00,0.27,544.6,228046
2026-01-12 05:25:00+00:00,0.44,518.9,110056
2026-01-12 05:26:00+00:00,0.44,,
2026-01-12 05:27:00+00:00,1.49,525.4,87944
2026-01-12 05:28:00+00:00,1.97,514.7,91564
2026-01-12 05:29:00+00:00,2.07,512.5,92288
2026-01-12 05:31:00+00:00,1.03,505.8,207560
2026-01-12 05:32:00+00:00,1.59,500.0,154086
2026-01-12 05:33:00+00:00,1.94,501.8,137238
2026-01-12 05:34:00+00:00,1.86,507.9,161283
2026-01-12 05:35:00+00:00,1.18,511.2,126494
2026-01-12 05:36:00+00:00,1.36,509.5,122160
2026-01-12 05:37:00+00:00,1.79,505.6,112046
2026-01-12 05:38:00+00:00,1.90,504.8,84245
2026-01-12 05:39:00+00:00,1.90,504.9,85168
2026-01-12 05:40:00+00:00,1.92,505.7,93798
2026-01-12 05:41:00+00:00,1.76,502.5,103106
2026-01-12 05:42:00+00:00,1.76,,
2026-01-12 05:43:00+00:00,0.98,504.6,138143
2026-01-12 05:44:00+00:00,1.42,504.9,125566
2026-01-12 05:45:00+00:00,1.21,506.8,148242
2026-01-12 05:46:00+00:00,1.12,507.4,155909
2026-01-12 05:47:00+00:00,0.80,526.6,110748
2026-01-12 05:48:00+00:00,1.27,513.1,111309
2026-01-12 05:49:00+00:00,1.73,501.7,128398
2026-01-12 05:50:00+00:00,1.83,500.6,145057
2026-01-12 05:51:00+00:00,1.32,506.4,132525
2026-01-12 05:52:00+00:00,1.30,507.5,135688
2026-01-12 05:53:00+00:00,1.29,514.8,160589
2026-01-12 05:54:00+00:00,1.31,528.3,222604
2026-01-12 05:55:00+00:00,0.75,516.0,230517
2026-01-12 05:56:00+00:00,1.80,501.1,101572
2026-01-12 05:57:00+00:00,1.98,502.5,94962
2026-01-12 05:58:00+00:00,1.98,,
2026-01-12 05:59:00+00:00,1.74,500.8,96343
2026-01-12 06:00:00+00:00,1.28,502.4,147961
2026-01-12 06:03:00+00:00,1.00,524.9,124252
2026-01-12 06:04:00+00:00,0.91,525.6,123333
2026-01-12 06:05:00+00:00,0.95,524.3,105275
2026-01-12 06:06:00+00:00,1.07,522.6,87921
2026-01-12 06:07:00+00:00,1.97,506.4,75868
2026-01-12 06:08:00+00:00,1.94,505.6,86628
2026-01-12 06:09:00+00:00,1.92,503.3,115020
2026-01-12 06:10:00+00:00,2.03,502.3,125812
2026-01-12 06:11:00+00:00,1.83,506.3,122545
2026-01-12 06:12:00+00:00,1.82,506.4,122448
2026-01-12 06:13:00+00:00,1.64,508.1,119637
2026-01-12 06:14:00+00:00,1.64,,
2026-01-12 06:15:00+00:00,1.41,506.0,88116
2026-01-12 06:16:00+00:00,1.65,508.0,94985
2026-01-12 06:17:00+00:00,1.61,506.4,99688
2026-01-12 06:18:00+00:00,1.58,505.7,100701
2026-01-12 06:19:00+00:00,0.18,543.4,77986
2026-01-12 06:20:00+00:00,0.37,546.1,91418
2026-01-12 06:21:00+00:00,0.44,539.9,119370
2026-01-12 06:22:00+00:00,0.37,531.7,137052
2026-01-12 06:23:00+00:00,1.47,508.7,87903
2026-01-12 06:24:00+00:00,1.54,508.8,88709
2026-01-12 06:25:00+00:00,1.76,508.6,91387
2026-01-12 06:26:00+00:00,1.93,507.7,94005
2026-01-12 06:27:00+00:00,1.72,514.3,88435
2026-01-12 06:28:00+00:00,1.72,514.2,87965
2026-01-12 06:29:00+00:00,1.91,511.0,74326
2026-01-12 06:30:00+00:00,1.91,,
2026-01-12 06:31:00+00:00,1.77,516.1,82936
2026-01-12 06:32:00+00:00,1.77,512.3,59799
2026-01-12 06:33:00+00:00,1.94,508.3,71322
2026-01-12 06:34:00+00:00,1.99,507.3,76237
2026-01-12 06:36:00+00:00,0.84,534.3,108556
2026-01-12 06:37:00+00:00,1.06,533.0,92146
2026-01-12 06:38:00+00:00,1.28,531.7,75736
2026-01-12 06:39:00+00:00,0.20,579.4,90324
2026-01-12 06:40:00+00:00,0.30,565.8,86268
2026-01-12 06:41:00+00:00,0.56,534.9,79499
2026-01-12 06:42:00+00:00,0.67,534.9,86848
2026-01-12 06:43:00+00:00,0.97,523.7,75874
2026-01-12 06:44:00+00:00,1.69,515.4,45444
2026-01-12 06:45:00+00:00,1.74,515.4,51785
2026-01-12 06:46:00+00:00,1.74,,
2026-01-12 06:47:00+00:00,1.47,517.5,49385
2026-01-12 06:48:00+00:00,0.94,529.3,104440
2026-01-12 06:49:00+00:00,1.48,523.1,74274
2026-01-12 06:50:00+00:00,1.68,520.5,61742
2026-01-12 06:51:00+00:00,1.80,518.0,69222
2026-01-12 06:52:00+00:00,1.70,518.0,80336
2026-01-12 06:53:00+00:00,1.81,515.0,78682
2026-01-12 06:54:00+00:00,1.99,512.1,68529
2026-01-12 06:55:00+00:00,1.12,528.0,92458
2026-01-12 06:56:00+00:00,1.22,524.1,87671
2026-01-12 06:57:00+00:00,2.01,520.6,72060
2026-01-12 06:58:00+00:00,3.84,538.8,57475
2026-01-12 06:59:00+00:00,1.70,512.4,99646
2026-01-12 07:00:00+00:00,1.69,512.6,99470
2026-01-12 07:01:00+00:00,1.44,517.7,94371
2026-01-12 07:02:00+00:00,1.44,,
2026-01-12 07:03:00+00:00,1.80,505.9,82396
2026-01-12 07:04:00+00:00,0.64,539.8,68077
2026-01-12 07:05:00+00:00,1.25,510.2,83913
2026-01-12 07:06:00+00:00,1.51,499.1,89605
2026-01-12 07:07:00+00:00,1.66,514.7,95243
2026-01-12 07:08:00+00:00,1.66,514.7,95243
2026-01-12 07:09:00+00:00,1.94,511.7,83050
2026-01-12 07:10:00+00:00,1.94,511.7,83050
2026-01-12 07:11:00+00:00,0.85,511.1,254426
2026-01-12 07:12:00+00:00,0.96,510.3,215275
2026-01-12 07:13:00+00:00,1.22,508.4,129824
2026-01-12 07:14:00+00:00,1.21,508.3,149210
2026-01-12 07:15:00+00:00,1.12,521.4,128500
2026-01-12 07:16:00+00:00,1.13,520.9,129184
2026-01-12 07:17:00+00:00,1.52,507.2,149036
2026-01-12 07:18:00+00:00,1.52,,
2026-01-12 07:19:00+00:00,2.24,495.7,112143
2026-01-12 07:20:00+00:00,1.88,500.5,136255
2026-01-12 07:21:00+00:00,1.96,496.6,134906
2026-01-12 07:22:00+00:00,2.01,495.1,133028
2026-01-12 07:23:00+00:00,0.83,511.1,143315
2026-01-12 07:24:00+00:00,0.95,517.0,151157
2026-01-12 07:25:00+00:00,1.05,521.5,157154
2026-01-12 08:11:00+00:00,0.23,540.2,75267
2026-01-12 08:12:00+00:00,0.35,530.3,92202
2026-01-12 08:13:00+00:00,0.45,522.8,105153
2026-01-12 08:15:00+00:00,0.44,519.6,121783
2026-01-12 08:16:00+00:00,0.44,524.7,123644
2026-01-12 08:17:00+00:00,0.46,532.7,113888
2026-01-12 08:18:00+00:00,0.52,520.6,67565
2026-01-12 08:19:00+00:00,0.54,517.0,87611
2026-01-12 08:20:00+00:00,0.53,517.1,87343
2026-01-12 08:21:00+00:00,0.40,519.0,79573
2026-01-12 08:22:00+00:00,0.27,500.9,66512
2026-01-12 08:23:00+00:00,0.26,500.3,66062
2026-01-12 08:24:00+00:00,0.93,506.5,73277
2026-01-12 08:25:00+00:00,0.58,517.6,61835
2026-01-12 08:26:00+00:00,0.47,521.0,58352
2026-01-12 08:27:00+00:00,0.34,525.1,76517
2026-01-12 08:28:00+00:00,0.51,517.3,71100
2026-01-12 08:29:00+00:00,0.66,516.4,87529
2026-01-12 08:30:00+00:00,0.68,521.4,108101
2026-01-12 08:31:00+00:00,0.32,523.2,53130
2026-01-12 08:32:00+00:00,0.53,514.2,54103
2026-01-12 08:33:00+00:00,0.82,496.9,58980
2026-01-12 08:34:00+00:00,0.09,509.4,67544
2026-01-12 08:35:00+00:00,0.43,528.4,56594
2026-01-12 08:36:00+00:00,0.43,528.3,56343
2026-01-12 08:37:00+00:00,0.49,524.7,49084
2026-01-12 08:38:00+00:00,0.11,497.1,26062
2026-01-12 08:39:00+00:00,0.10,496.2,25268
2026-01-12 08:40:00+00:00,0.26,526.4,71069
2026-01-12 08:41:00+00:00,0.31,525.0,72270
2026-01-12 08:42:00+00:00,0.17,518.2,51625
2026-01-12 08:43:00+00:00,0.32,519.1,51030
2026-01-12 08:44:00+00:00,0.38,522.7,56322
2026-01-12 08:45:00+00:00,0.27,533.6,51603
2026-01-12 08:46:00+00:00,0.22,543.3,46561
2026-01-12 08:48:00+00:00,0.95,514.0,96786
2026-01-12 08:49:00+00:00,1.08,511.0,91064
2026-01-12 08:50:00+00:00,1.51,501.2,72261
2026-01-12 08:51:00+00:00,3.75,519.0,38616
2026-01-12 08:52:00+00:00,3.66,518.9,39661
2026-01-12 08:53:00+00:00,1.25,514.6,69987
2026-01-12 08:54:00+00:00,0.74,482.2,20499
2026-01-12 08:55:00+00:00,1.37,503.1,65502
2026-01-12 08:56:00+00:00,1.83,504.4,74070
2026-01-12 08:57:00+00:00,1.72,502.8,77945
2026-01-12 08:58:00+00:00,1.66,502.4,78918
2026-01-12 08:59:00+00:00,1.64,503.0,73011
2026-01-12 09:00:00+00:00,0.85,525.1,63266
2026-01-12 09:01:00+00:00,0.57,527.8,60795
2026-01-12 09:02:00+00:00,0.89,513.7,65776
2026-01-12 09:03:00+00:00,0.97,514.3,65251
2026-01-12 09:04:00+00:00,0.86,515.3,63083
2026-01-12 09:05:00+00:00,0.73,516.3,55707
2026-01-12 09:06:00+00:00,1.12,512.0,48099
2026-01-12 09:07:00+00:00,0.96,517.0,54758
2026-01-12 09:08:00+00:00,0.95,517.4,54597
2026-01-12 09:09:00+00:00,0.50,527.7,49933
2026-01-12 09:10:00+00:00,1.34,509.8,36941
2026-01-12 09:11:00+00:00,0.38,547.2,40544
2026-01-12 09:12:00+00:00,0.86,529.2,50556
2026-01-12 09:13:00+00:00,1.05,520.2,49888
2026-01-12 09:14:00+00:00,1.07,518.8,49102
2026-01-12 09:15:00+00:00,1.31,519.4,66228
2026-01-12 09:16:00+00:00,1.39,517.8,60839
2026-01-12 09:17:00+00:00,1.26,513.8,66703
2026-01-12 09:18:00+00:00,1.07,510.9,76688
2026-01-12 09:19:00+00:00,0.74,523.8,53368
2026-01-12 09:20:00+00:00,0.74,523.8,53368
2026-01-12 09:21:00+00:00,1.35,507.7,62487
2026-01-12 09:22:00+00:00,1.35,507.7,62487
2026-01-12 09:23:00+00:00,1.84,508.6,60030
2026-01-12 09:24:00+00:00,1.84,508.2,60433
2026-01-12 09:25:00+00:00,1.76,496.3,72141
2026-01-12 09:26:00+00:00,1.80,505.4,93033
2026-01-12 09:27:00+00:00,1.33,503.8,104840
2026-01-12 09:28:00+00:00,0.88,518.2,125511
2026-01-12 09:29:00+00:00,1.03,515.0,65400
2026-01-12 09:30:00+00:00,1.10,513.2,45922
2026-01-12 09:31:00+00:00,1.36,517.7,65035
2026-01-12 09:32:00+00:00,1.15,525.6,88533
2026-01-12 09:33:00+00:00,0.58,545.0,73876
2026-01-12 09:34:00+00:00,0.19,558.4,41250
2026-01-12 09:35:00+00:00,0.30,559.0,42717
2026-01-12 09:36:00+00:00,0.41,554.5,51790
2026-01-12 09:37:00+00:00,0.65,536.1,91330
2026-01-12 09:38:00+00:00,0.59,510.2,151690
2026-01-12 09:39:00+00:00,1.60,487.0,65761
2026-01-12 09:40:00+00:00,1.58,487.4,66333
2026-01-12 09:41:00+00:00,1.07,500.1,82916
2026-01-12 09:42:00+00:00,1.53,504.6,117965
2026-01-12 09:43:00+00:00,1.54,504.8,119173
2026-01-12 09:44:00+00:00,1.06,484.2,102849
2026-01-12 09:45:00+00:00,0.90,486.5,146615
2026-01-12 09:46:00+00:00,1.05,493.3,205877
2026-01-12 09:47:00+00:00,1.40,490.2,131057
2026-01-12 09:48:00+00:00,1.45,491.7,69858
2026-01-12 09:49:00+00:00,1.44,496.4,65693
2026-01-12 09:50:00+00:00,1.49,497.6,66486
2026-01-12 09:51:00+00:00,1.46,488.8,71413
2026-01-12 09:52:00+00:00,1.48,485.8,72442
2026-01-12 09:53:00+00:00,1.52,478.8,74843
2026-01-12 09:55:00+00:00,1.93,474.5,71738
2026-01-12 09:56:00+00:00,1.92,474.7,71480
2026-01-12 09:57:00+00:00,1.68,481.5,64008
2026-01-12 09:58:00+00:00,1.51,500.9,68408
2026-01-12 10:03:00+00:00,0.21,556.5,47158
2026-01-12 10:04:00+00:00,0.21,558.6,41988
2026-01-12 10:05:00+00:00,0.25,565.2,50864
2026-01-12 10:06:00+00:00,0.30,570.2,63693
2026-01-12 10:07:00+00:00,0.23,563.4,49037
2026-01-12 10:08:00+00:00,0.23,561.1,44864
2026-01-12 10:09:00+00:00,0.23,555.7,35129
2026-01-12 10:11:00+00:00,0.19,560.4,50205
2026-01-12 10:12:00+00:00,0.19,560.4,49881
2026-01-12 10:13:00+00:00,0.24,562.4,40480
2026-01-12 10:14:00+00:00,0.24,,
2026-01-12 10:16:00+00:00,0.22,552.2,58106
2026-01-12 10:17:00+00:00,0.26,557.0,44548
2026-01-12 10:18:00+00:00,0.27,558.5,40422
2026-01-12 10:19:00+00:00,0.43,545.5,40552
2026-01-12 10:20:00+00:00,0.33,545.5,56967
2026-01-12 10:21:00+00:00,0.43,527.5,93601
2026-01-12 10:22:00+00:00,0.61,509.5,117682
2026-01-12 10:23:00+00:00,1.70,538.9,62502
2026-01-12 10:24:00+00:00,1.62,537.2,56670
2026-01-12 10:25:00+00:00,1.41,533.1,43062
2026-01-12 10:27:00+00:00,0.84,498.0,78522
2026-01-12 10:28:00+00:00,0.84,498.1,77817
2026-01-12 10:29:00+00:00,1.09,500.5,57375
2026-01-12 10:30:00+00:00,1.09,,
2026-01-12 10:31:00+00:00,0.76,502.6,94219
2026-01-12 10:32:00+00:00,0.78,509.7,66842
2026-01-12 10:33:00+00:00,1.22,506.3,61915
2026-01-12 10:34:00+00:00,1.36,504.9,62082
2026-01-12 10:35:00+00:00,0.81,501.8,84100
2026-01-12 10:36:00+00:00,1.33,502.3,68249
2026-01-12 10:37:00+00:00,1.88,509.4,67786
2026-01-12 10:38:00+00:00,2.02,516.1,79444
2026-01-12 10:39:00+00:00,0.21,524.7,108252
2026-01-12 10:40:00+00:00,0.32,518.2,100271
2026-01-12 10:41:00+00:00,0.58,506.3,88678
2026-01-12 10:42:00+00:00,0.63,517.2,111778
2026-01-12 10:43:00+00:00,0.45,502.6,81017
2026-01-12 10:44:00+00:00,0.47,502.3,80037
2026-01-12 10:45:00+00:00,0.96,492.5,51621
2026-01-12 10:46:00+00:00,0.96,,
2026-01-12 10:47:00+00:00,0.98,490.6,72686
2026-01-12 10:48:00+00:00,0.79,495.3,61200
2026-01-12 10:49:00+00:00,0.58,501.2,88976
2026-01-12 10:50:00+00:00,0.53,502.7,98128
2026-01-12 10:51:00+00:00,0.97,494.4,59879
2026-01-12 10:52:00+00:00,0.72,497.8,71529
2026-01-12 10:53:00+00:00,0.54,514.9,94809
2026-01-12 10:54:00+00:00,0.56,529.3,109182
2026-01-12 10:55:00+00:00,0.31,516.9,110289
2026-01-12 10:56:00+00:00,0.39,511.2,99686
2026-01-12 10:57:00+00:00,0.56,501.9,76712
2026-01-12 10:58:00+00:00,0.57,516.0,82521
2026-01-12 11:00:00+00:00,0.56,,
2026-01-12 11:01:00+00:00,0.56,511.3,67718
2026-01-12 11:02:00+00:00,0.56,,
2026-01-12 11:04:00+00:00,0.50,508.5,74209
2026-01-12 11:05:00+00:00,1.04,507.2,54434
2026-01-12 11:06:00+00:00,1.21,506.8,48416
2026-01-12 11:07:00+00:00,0.29,514.7,62305
2026-01-12 11:08:00+00:00,0.39,506.4,74071
2026-01-12 11:09:00+00:00,0.38,504.7,93280
2026-01-12 11:10:00+00:00,0.30,509.4,103491
2026-01-12 11:11:00+00:00,0.31,529.5,55846
2026-01-12 11:12:00+00:00,0.32,531.2,58155
2026-01-12 11:13:00+00:00,0.30,536.0,71909
2026-01-12 11:14:00+00:00,0.21,538.8,99396
2026-01-12 11:15:00+00:00,0.24,548.5,105755
2026-01-12 11:16:00+00:00,0.23,548.0,103940
2026-01-12 11:17:00+00:00,0.12,533.9,51297
2026-01-12 11:18:00+00:00,0.12,,
2026-01-12 11:20:00+00:00,0.12,514.5,59126
2026-01-12 11:21:00+00:00,0.58,513.8,69135
2026-01-12 11:22:00+00:00,0.72,513.7,72181
2026-01-12 11:23:00+00:00,1.33,524.5,56556
2026-01-12 11:24:00+00:00,0.80,544.0,47114
2026-01-12 11:25:00+00:00,0.61,571.1,62596
2026-01-12 11:26:00+00:00,0.83,583.1,85297
2026-01-12 11:27:00+00:00,1.86,605.2,97414
2026-01-12 11:28:00+00:00,1.33,580.0,79696
2026-01-12 11:29:00+00:00,0.08,521.3,38354
2026-01-12 11:31:00+00:00,0.48,552.1,98332
2026-01-12 11:32:00+00:00,0.48,552.1,98332
2026-01-12 11:36:00+00:00,0.60,573.3,155012
2026-01-12 11:37:00+00:00,0.39,561.4,90448
2026-01-12 11:38:00+00:00,0.33,557.8,70798
2026-01-12 11:39:00+00:00,0.46,549.8,86621
2026-01-12 11:40:00+00:00,0.46,549.8,86621
2026-01-12 11:41:00+00:00,0.41,554.7,79693
2026-01-12 11:42:00+00:00,0.41,554.7,79693
2026-01-12 11:43:00+00:00,0.43,565.4,73565
2026-01-12 11:44:00+00:00,0.44,574.6,83667
2026-01-12 11:45:00+00:00,0.58,591.6,122931
2026-01-12 11:46:00+00:00,1.00,576.6,174494
2026-01-12 11:47:00+00:00,0.33,574.8,81044
2026-01-12 11:48:00+00:00,0.33,574.8,81044
2026-01-12 11:51:00+00:00,0.33,561.0,60224
2026-01-12 11:52:00+00:00,0.37,560.5,72133
2026-01-12 11:53:00+00:00,0.38,560.4,74514
2026-01-12 11:54:00+00:00,0.27,557.9,54696
2026-01-12 11:55:00+00:00,0.47,566.9,75294
2026-01-12 11:56:00+00:00,0.44,575.1,68873
2026-01-12 11:57:00+00:00,0.32,577.4,54844
2026-01-12 11:58:00+00:00,0.54,577.9,84048
2026-01-12 11:59:00+00:00,0.50,572.1,74345
2026-01-12 12:00:00+00:00,0.45,568.0,50094
2026-01-12 12:01:00+00:00,0.45,581.8,32615
2026-01-12 12:02:00+00:00,0.56,534.9,113868
2026-01-12 12:03:00+00:00,0.56,534.6,107303
2026-01-12 12:04:00+00:00,0.60,531.8,48219
2026-01-12 12:07:00+00:00,0.78,529.2,77381
2026-01-12 12:08:00+00:00,1.20,536.3,70793
2026-01-12 12:09:00+00:00,1.29,537.7,69476
2026-01-12 12:10:00+00:00,1.72,546.8,76120
2026-01-12 12:11:00+00:00,1.76,542.1,80369
2026-01-12 12:12:00+00:00,1.36,542.3,72447
2026-01-12 12:13:00+00:00,1.04,544.6,64508
2026-01-12 12:14:00+00:00,1.79,563.8,76059
2026-01-12 12:15:00+00:00,1.66,571.1,78068
2026-01-12 12:16:00+00:00,1.04,580.2,69871
2026-01-12 12:17:00+00:00,0.13,571.6,42648
2026-01-12 12:18:00+00:00,0.57,559.8,77024
2026-01-12 12:19:00+00:00,0.59,559.0,75080
2026-01-12 12:20:00+00:00,0.71,551.9,57586
2026-01-12 12:23:00+00:00,1.59,531.3,70131
2026-01-12 12:24:00+00:00,1.55,535.9,62284
2026-01-12 12:25:00+00:00,1.54,536.8,60715
2026-01-12 12:26:00+00:00,1.54,523.9,68380
2026-01-12 12:27:00+00:00,1.37,515.9,81625
2026-01-12 12:28:00+00:00,1.79,528.1,90905
2026-01-12 12:29:00+00:00,2.18,541.0,92137
2026-01-12 12:30:00+00:00,0.86,513.2,107401
2026-01-12 12:31:00+00:00,1.11,523.4,96071
2026-01-12 12:32:00+00:00,1.41,545.7,73281
2026-01-12 12:33:00+00:00,1.10,556.6,65773
2026-01-12 12:34:00+00:00,1.41,521.9,73699
2026-01-12 12:35:00+00:00,1.41,522.4,72842
2026-01-12 12:36:00+00:00,1.38,526.3,65134
2026-01-12 12:42:00+00:00,2.16,544.6,106493
2026-01-12 12:43:00+00:00,1.73,539.7,76283
2026-01-12 12:44:00+00:00,1.35,537.2,61775
2026-01-12 12:45:00+00:00,1.25,537.6,64055
2026-01-12 12:46:00+00:00,1.84,539.3,69492
2026-01-12 12:47:00+00:00,1.71,532.8,67805
2026-01-12 12:48:00+00:00,1.35,520.4,62229
2026-01-12 12:49:00+00:00,1.04,517.7,56019
2026-01-12 12:50:00+00:00,0.96,510.4,79589
2026-01-12 12:51:00+00:00,0.98,509.7,79704
2026-01-12 12:52:00+00:00,1.24,503.4,80458
2026-01-12 12:53:00+00:00,1.08,517.4,72101
2026-01-12 12:54:00+00:00,1.08,,
2026-01-12 12:55:00+00:00,0.51,531.1,84940
2026-01-12 12:56:00+00:00,0.54,523.9,89626
2026-01-12 12:57:00+00:00,0.54,522.5,90564
2026-01-12 12:59:00+00:00,0.55,530.0,99449
2026-01-12 13:00:00+00:00,0.50,526.8,106486
2026-01-12 13:01:00+00:00,0.46,524.3,111868
2026-01-12 13:02:00+00:00,0.56,508.9,96437
2026-01-12 13:03:00+00:00,0.64,509.0,94156
2026-01-12 13:04:00+00:00,1.07,519.2,86338
2026-01-12 13:05:00+00:00,1.73,542.5,77292
2026-01-12 13:06:00+00:00,1.36,513.6,61552
2026-01-12 13:07:00+00:00,1.34,513.4,61217
2026-01-12 13:08:00+00:00,1.14,511.9,58198
2026-01-12 13:11:00+00:00,1.60,517.8,75860
2026-01-12 13:12:00+00:00,0.84,515.2,84998
2026-01-12 13:13:00+00:00,0.69,514.7,86826
2026-01-12 13:15:00+00:00,0.82,508.1,127497
2026-01-12 13:16:00+00:00,0.65,513.1,141506
2026-01-12 13:17:00+00:00,0.52,516.9,152219
2026-01-12 13:18:00+00:00,0.28,522.5,109391
2026-01-12 13:19:00+00:00,0.33,522.7,115634
2026-01-12 13:20:00+00:00,0.41,525.9,115211
2026-01-12 13:21:00+00:00,0.36,532.9,89062
2026-01-12 13:22:00+00:00,0.31,532.4,84397
2026-01-12 13:23:00+00:00,0.32,532.0,85400
2026-01-12 13:24:00+00:00,0.45,528.1,94054
2026-01-12 13:25:00+00:00,0.33,540.0,83313
2026-01-12 13:26:00+00:00,0.33,,
2026-01-12 13:27:00+00:00,0.53,521.1,80781
2026-01-12 13:28:00+00:00,0.46,519.2,113912
2026-01-12 13:29:00+00:00,0.45,518.8,120538
2026-01-12 13:31:00+00:00,0.63,519.6,75545
2026-01-12 13:32:00+00:00,0.59,521.3,74249
2026-01-12 13:33:00+00:00,0.57,522.6,73258
2026-01-12 13:34:00+00:00,0.61,535.0,65539
2026-01-12 13:35:00+00:00,0.99,520.4,76029
2026-01-12 13:36:00+00:00,2.41,492.7,115029
2026-01-12 13:37:00+00:00,4.21,487.2,163754
2026-01-12 13:38:00+00:00,2.16,518.2,122033
2026-01-12 13:39:00+00:00,2.16,517.6,121150
2026-01-12 13:40:00+00:00,2.21,512.3,113152
2026-01-12 13:41:00+00:00,5.66,492.4,111839
2026-01-12 13:42:00+00:00,5.66,,
2026-01-12 13:43:00+00:00,1.57,511.0,124804
2026-01-12 13:44:00+00:00,1.40,515.9,141376
2026-01-12 13:45:00+00:00,1.14,502.8,122936
2026-01-12 13:46:00+00:00,1.07,498.5,116315
2026-01-12 13:48:00+00:00,0.73,520.4,101357
2026-01-12 13:49:00+00:00,0.73,520.4,101357
2026-01-12 13:50:00+00:00,1.50,514.8,100164
2026-01-12 13:51:00+00:00,1.62,514.3,103913
2026-01-12 13:52:00+00:00,1.70,523.5,146953
2026-01-12 13:53:00+00:00,1.39,547.1,232268
2026-01-12 13:54:00+00:00,1.75,506.5,309817
2026-01-12 13:55:00+00:00,1.71,508.9,304130
2026-01-12 13:56:00+00:00,1.39,530.1,252378
2026-01-12 13:57:00+00:00,1.78,527.4,236006
2026-01-12 13:58:00+00:00,1.78,,
2026-01-12 13:59:00+00:00,0.97,580.8,211764
2026-01-12 14:00:00+00:00,0.85,568.6,207291
2026-01-12 14:01:00+00:00,1.08,583.2,186026
2026-01-12 14:02:00+00:00,1.16,588.4,179826
2026-01-12 14:03:00+00:00,1.20,583.2,145762
2026-01-12 14:04:00+00:00,1.05,584.2,162849
2026-01-12 14:05:00+00:00,0.94,585.0,175916
2026-01-12 14:06:00+00:00,0.74,561.3,136544
2026-01-12 14:07:00+00:00,0.83,563.4,137445
2026-01-12 14:08:00+00:00,0.91,565.7,147130
2026-01-12 14:09:00+00:00,0.72,562.5,166099
2026-01-12 14:10:00+00:00,0.71,567.6,257825
2026-01-12 14:11:00+00:00,0.74,569.1,250233
2026-01-12 14:12:00+00:00,1.01,582.5,179493
2026-01-12 14:13:00+00:00,1.01,586.7,109599
2026-01-12 14:14:00+00:00,1.01,,
2026-01-12 14:15:00+00:00,0.98,568.7,110384
2026-01-12 14:16:00+00:00,0.91,582.5,211163
2026-01-12 14:17:00+00:00,0.93,592.7,164914
2026-01-12 14:18:00+00:00,0.93,594.9,144704
2026-01-12 14:23:00+00:00,0.58,559.5,179933
2026-01-12 14:24:00+00:00,0.61,560.4,179120
2026-01-12 14:25:00+00:00,0.68,562.6,177225
2026-01-12 14:26:00+00:00,1.33,545.7,165712
2026-01-12 14:27:00+00:00,1.27,548.6,166021
2026-01-12 14:28:00+00:00,0.74,575.2,168289
2026-01-12 14:29:00+00:00,0.73,577.0,153381
2026-01-12 14:30:00+00:00,0.73,,
2026-01-12 14:31:00+00:00,0.77,562.9,166325
2026-01-12 14:32:00+00:00,1.20,541.3,241591
2026-01-12 14:33:00+00:00,1.74,530.3,245152
2026-01-12 14:34:00+00:00,1.88,528.3,241654
2026-01-12 14:35:00+00:00,2.10,541.1,187649
2026-01-12 14:36:00+00:00,1.95,540.9,182029
2026-01-12 14:37:00+00:00,1.83,540.7,177732
2026-01-12 14:38:00+00:00,1.42,523.0,129617
2026-01-12 14:39:00+00:00,1.72,529.4,157491
2026-01-12 14:40:00+00:00,2.18,538.6,206080
2026-01-12 14:41:00+00:00,2.02,534.2,207113
2026-01-12 14:42:00+00:00,1.94,529.4,172544
2026-01-12 14:43:00+00:00,1.95,529.2,175664
2026-01-12 14:44:00+00:00,1.97,528.0,203995
2026-01-12 14:45:00+00:00,1.84,534.8,211332
2026-01-12 14:46:00+00:00,1.84,,
2026-01-12 14:47:00+00:00,1.85,540.3,197731
2026-01-12 14:48:00+00:00,1.63,539.9,206870
2026-01-12 14:49:00+00:00,1.87,524.5,292811
2026-01-12 14:50:00+00:00,1.95,519.8,318410
2026-01-12 14:51:00+00:00,1.97,516.5,165523
2026-01-12 14:54:00+00:00,2.22,554.1,321467
2026-01-12 14:55:00+00:00,2.12,542.1,264781
2026-01-12 14:56:00+00:00,1.63,540.7,190997
2026-01-12 14:57:00+00:00,0.89,585.5,247298
2026-01-12 14:58:00+00:00,0.84,569.3,163497
2026-01-12 14:59:00+00:00,0.85,571.3,169054
2026-01-12 15:00:00+00:00,0.89,588.5,218893
2026-01-12 15:01:00+00:00,0.84,580.2,213691
2026-01-12 15:02:00+00:00,0.84,,
2026-01-12 15:03:00+00:00,1.00,579.6,214011
2026-01-12 15:04:00+00:00,1.11,594.8,254619
2026-01-12 15:05:00+00:00,1.10,588.1,301778
2026-01-12 15:06:00+00:00,1.09,585.1,313659
2026-01-12 15:07:00+00:00,1.02,578.4,244219
2026-01-12 15:08:00+00:00,1.02,584.0,249823
2026-01-12 15:09:00+00:00,1.01,578.3,302254
2026-01-12 15:10:00+00:00,1.00,568.4,350400
2026-01-12 15:11:00+00:00,0.88,577.4,294879
2026-01-12 15:12:00+00:00,0.97,582.3,322569
2026-01-12 15:13:00+00:00,1.06,586.2,336194
2026-01-12 15:14:00+00:00,0.66,561.3,168668
2026-01-12 15:15:00+00:00,0.90,612.1,350242
2026-01-12 15:16:00+00:00,0.90,610.0,343172
2026-01-12 15:17:00+00:00,0.71,551.7,138117
2026-01-12 15:18:00+00:00,0.82,606.3,333467
2026-01-12 15:19:00+00:00,0.84,586.5,223415
2026-01-12 15:20:00+00:00,0.84,584.0,210439
2026-01-12 15:21:00+00:00,1.02,542.1,154166
2026-01-12 15:22:00+00:00,0.94,596.6,266524
2026-01-12 15:23:00+00:00,1.04,583.5,279803
2026-01-12 15:24:00+00:00,1.08,560.3,252599
2026-01-12 15:25:00+00:00,1.19,547.8,188450
2026-01-12 15:26:00+00:00,1.33,537.1,129665
2026-01-12 15:29:00+00:00,1.57,547.6,142868
2026-01-12 15:30:00+00:00,2.21,559.6,246203
2026-01-12 15:31:00+00:00,,,
2026-01-12 15:32:00+00:00,0.66,,
2026-01-12 15:33:00+00:00,0.66,534.5,138455
2026-01-12 15:34:00+00:00,1.57,580.9,426374
2026-01-12 15:35:00+00:00,1.09,567.1,267020
2026-01-12 15:36:00+00:00,1.83,577.7,209845
2026-01-12 15:37:00+00:00,1.45,588.1,232213
2026-01-12 15:38:00+00:00,1.66,591.6,304654
2026-01-12 15:39:00+00:00,1.36,579.8,249317
2026-01-12 15:40:00+00:00,1.05,548.0,172803
2026-01-12 15:41:00+00:00,1.25,541.1,216145
2026-01-12 15:42:00+00:00,1.48,552.9,281489
2026-01-12 15:43:00+00:00,,,
2026-01-12 15:44:00+00:00,0.82,512.4,177697
2026-01-12 15:45:00+00:00,1.00,522.0,235319
2026-01-12 15:46:00+00:00,1.60,553.6,424649
2026-01-12 15:47:00+00:00,5.62,608.6,445527
2026-01-12 15:48:00+00:00,5.49,604.9,434523
2026-01-12 15:49:00+00:00,1.60,497.9,115387
2026-01-12 15:50:00+00:00,2.07,556.7,216575
2026-01-12 15:51:00+00:00,2.63,553.7,285293
2026-01-12 15:52:00+00:00,2.36,534.0,226101
2026-01-12 15:53:00+00:00,4.45,542.5,213600
2026-01-12 15:54:00+00:00,2.80,556.7,255191
2026-01-12 15:55:00+00:00,1.73,556.1,332836
2026-01-12 15:56:00+00:00,1.37,524.1,224995
2026-01-12 15:57:00+00:00,1.65,526.2,196155
2026-01-12 16:02:00+00:00,1.34,546.8,223739
2026-01-12 16:03:00+00:00,1.35,547.3,226528
2026-01-12 16:04:00+00:00,1.37,551.5,249708
2026-01-12 16:05:00+00:00,1.36,542.0,193948
2026-01-12 16:06:00+00:00,1.36,,
2026-01-12 16:07:00+00:00,1.69,537.1,206315
2026-01-12 16:08:00+00:00,3.22,505.4,99541
2026-01-12 16:09:00+00:00,2.30,539.1,294179
2026-01-12 16:10:00+00:00,1.93,551.3,359916
2026-01-12 16:11:00+00:00,2.27,559.3,438264
2026-01-12 16:12:00+00:00,1.81,525.3,254500
2026-01-12 16:13:00+00:00,1.83,526.1,187621
2026-01-12 16:14:00+00:00,2.20,552.8,261266
2026-01-12 16:15:00+00:00,2.47,570.3,368635
2026-01-12 16:16:00+00:00,2.24,553.3,300518
2026-01-12 16:17:00+00:00,1.78,526.3,190271
2026-01-12 16:18:00+00:00,2.02,564.2,333799
2026-01-12 16:19:00+00:00,1.58,543.3,245742
2026-01-12 16:20:00+00:00,1.43,523.2,196983
2026-01-12 16:21:00+00:00,2.28,555.5,281570
2026-01-12 16:22:00+00:00,2.28,,
2026-01-12 16:23:00+00:00,1.86,545.7,210736
2026-01-12 16:24:00+00:00,1.58,506.6,132251
2026-01-12 16:25:00+00:00,2.27,551.0,348223
2026-01-12 16:26:00+00:00,2.49,566.9,418732
2026-01-12 16:28:00+00:00,2.42,549.0,350236
2026-01-12 16:29:00+00:00,3.35,550.2,324698
2026-01-12 16:30:00+00:00,4.28,551.3,299160
2026-01-12 16:31:00+00:00,4.24,552.2,293251
2026-01-12 16:32:00+00:00,4.24,552.2,293251
2026-01-12 16:35:00+00:00,1.62,518.2,179342
2026-01-12 16:36:00+00:00,1.63,519.7,185045
2026-01-12 16:37:00+00:00,1.74,562.8,350428
2026-01-12 16:38:00+00:00,1.74,,
2026-01-12 16:39:00+00:00,1.27,568.6,402207
2026-01-12 16:40:00+00:00,1.05,531.6,267366
2026-01-12 16:41:00+00:00,0.95,583.2,324659
2026-01-12 16:42:00+00:00,0.93,601.2,350304
2026-01-12 16:43:00+00:00,1.57,606.0,332630
2026-01-12 16:44:00+00:00,1.48,582.1,267296
2026-01-12 16:45:00+00:00,1.76,595.0,248935
2026-01-12 16:46:00+00:00,2.10,626.1,280537
2026-01-12 16:47:00+00:00,2.81,637.6,393734
2026-01-12 16:48:00+00:00,2.36,626.6,335972
2026-01-12 16:49:00+00:00,1.33,600.9,201192
2026-01-12 16:51:00+00:00,1.74,573.5,167416
2026-01-12 16:52:00+00:00,1.73,574.1,177051
2026-01-12 16:53:00+00:00,1.19,592.0,456465
2026-01-12 16:54:00+00:00,1.19,,
2026-01-12 16:55:00+00:00,1.04,585.1,264286
2026-01-12 16:56:00+00:00,0.95,539.0,190867
2026-01-12 16:57:00+00:00,1.19,581.0,311158
2026-01-12 16:58:00+00:00,1.26,596.6,352237
2026-01-12 16:59:00+00:00,1.22,588.8,393405
2026-01-12 17:00:00+00:00,1.27,574.5,340213
2026-01-12 17:01:00+00:00,1.50,580.3,297384
2026-01-12 17:02:00+00:00,1.69,597.0,295231
2026-01-12 17:03:00+00:00,1.40,562.7,131197
2026-01-12 17:04:00+00:00,1.62,574.5,180112
2026-01-12 17:05:00+00:00,2.13,602.0,294245
2026-01-12 17:07:00+00:00,1.97,557.9,239056
2026-01-12 17:08:00+00:00,1.96,557.8,240551
2026-01-12 17:09:00+00:00,1.49,554.5,283885
2026-01-12 17:10:00+00:00,1.49,,
2026-01-12 17:12:00+00:00,2.30,566.2,222390
2026-01-12 17:13:00+00:00,1.84,553.2,278266
2026-01-12 17:14:00+00:00,1.70,549.3,295272
2026-01-12 17:15:00+00:00,1.65,553.2,305212
2026-01-12 17:16:00+00:00,1.78,566.5,382344
2026-01-12 17:17:00+00:00,1.73,564.4,370295
2026-01-12 17:18:00+00:00,1.57,552.1,299262
2026-01-12 17:19:00+00:00,1.69,565.0,306078
2026-01-12 17:20:00+00:00,1.71,571.1,333382
2026-01-12 17:21:00+00:00,1.75,584.9,389938
2026-01-12 17:22:00+00:00,1.70,579.7,356456
2026-01-12 17:23:00+00:00,1.36,560.9,294280
2026-01-12 17:24:00+00:00,1.18,531.7,189632
2026-01-12 17:25:00+00:00,1.56,578.2,357682
2026-01-12 17:26:00+00:00,1.56,,
2026-01-12 17:27:00+00:00,1.35,563.6,337132
2026-01-12 17:28:00+00:00,1.35,557.9,330900
2026-01-12 17:29:00+00:00,1.35,556.8,329654
2026-01-12 17:31:00+00:00,1.41,527.5,219137
2026-01-12 17:32:00+00:00,1.57,544.5,288119
2026-01-12 17:33:00+00:00,1.64,555.8,310417
2026-01-12 17:34:00+00:00,1.59,553.9,279964
2026-01-12 17:35:00+00:00,1.28,553.6,295608
2026-01-12 17:36:00+00:00,1.34,559.9,324178
2026-01-12 17:37:00+00:00,1.48,574.8,390842
2026-01-12 17:39:00+00:00,4.06,607.0,273831
2026-01-12 17:40:00+00:00,3.96,604.9,272012
2026-01-12 17:41:00+00:00,0.82,542.9,219269
2026-01-12 17:42:00+00:00,0.82,,
2026-01-12 17:44:00+00:00,0.95,552.2,257424
2026-01-12 17:45:00+00:00,1.47,565.5,288981
2026-01-12 17:46:00+00:00,1.63,569.6,298585
2026-01-12 17:47:00+00:00,1.53,533.1,236608
2026-01-12 17:48:00+00:00,1.57,549.7,245097
2026-01-12 17:49:00+00:00,1.62,558.5,267352
2026-01-12 17:50:00+00:00,1.64,554.6,283117
2026-01-12 17:51:00+00:00,1.58,545.8,291768
2026-01-12 17:52:00+00:00,1.66,554.0,320677
2026-01-12 17:53:00+00:00,1.84,573.2,388131
2026-01-12 17:55:00+00:00,1.69,555.4,211580
2026-01-12 17:56:00+00:00,1.70,555.6,215946
2026-01-12 17:57:00+00:00,2.08,560.6,342534
2026-01-12 17:58:00+00:00,2.08,,
2026-01-12 17:59:00+00:00,1.57,536.3,189851
2026-01-12 18:00:00+00:00,1.64,550.7,207402
2026-01-12 18:01:00+00:00,1.80,559.2,275358
2026-01-12 18:02:00+00:00,1.84,560.9,294971
2026-01-12 18:03:00+00:00,1.72,556.2,284851
2026-01-12 18:04:00+00:00,3.12,557.3,282997
2026-01-12 18:05:00+00:00,2.75,564.4,383465
2026-01-12 18:06:00+00:00,1.31,570.6,485352
2026-01-12 18:07:00+00:00,1.32,565.9,298997
2026-01-12 18:08:00+00:00,1.39,565.4,289035
2026-01-12 18:09:00+00:00,1.56,564.3,265790
2026-01-12 18:12:00+00:00,3.14,,
2026-01-12 18:13:00+00:00,3.14,566.1,142100
2026-01-12 18:14:00+00:00,3.14,,
2026-01-12 18:16:00+00:00,0.74,569.1,229704
2026-01-12 18:17:00+00:00,1.30,643.8,262727
2026-01-12 18:18:00+00:00,1.47,666.5,272778
2026-01-12 18:19:00+00:00,0.02,479.9,79240
2026-01-12 18:20:00+00:00,0.02,488.6,73811
2026-01-12 18:21:00+00:00,0.65,577.4,206410
2026-01-12 18:22:00+00:00,1.29,659.6,343160
2026-01-12 18:23:00+00:00,0.68,640.8,349466
2026-01-12 18:24:00+00:00,0.92,634.8,306849
2026-01-12 18:25:00+00:00,1.46,620.7,207410
2026-01-12 18:27:00+00:00,3.31,595.8,186719
2026-01-12 18:28:00+00:00,3.25,597.6,190995
2026-01-12 18:29:00+00:00,1.45,649.0,314973
2026-01-12 18:30:00+00:00,1.45,,
2026-01-12 18:32:00+00:00,1.43,606.4,189736
2026-01-12 18:33:00+00:00,1.31,612.6,282314
2026-01-12 18:34:00+00:00,1.27,614.5,310490
2026-01-12 18:35:00+00:00,1.80,634.0,233144
2026-01-12 18:36:00+00:00,1.88,644.4,264639
2026-01-12 18:37:00+00:00,1.88,658.9,277685
2026-01-12 18:38:00+00:00,1.81,665.4,266647
2026-01-12 18:39:00+00:00,1.45,630.5,184657
2026-01-12 18:40:00+00:00,1.52,641.7,217957
2026-01-12 18:41:00+00:00,1.63,657.8,271684
2026-01-12 18:42:00+00:00,1.42,624.1,192918
2026-01-12 18:43:00+00:00,1.28,584.7,134530
2026-01-12 18:44:00+00:00,1.28,584.7,134530
2026-01-12 18:47:00+00:00,1.04,605.0,204185
2026-01-12 18:48:00+00:00,1.28,598.8,257631
2026-01-12 18:49:00+00:00,1.23,589.9,322595
2026-01-12 18:50:00+00:00,1.21,587.6,339114
2026-01-12 18:51:00+00:00,1.22,591.2,332409
2026-01-12 18:52:00+00:00,1.23,595.3,332772
2026-01-12 18:53:00+00:00,1.24,598.3,333049
2026-01-12 18:55:00+00:00,1.05,635.7,279718
2026-01-12 18:56:00+00:00,0.78,598.6,210742
2026-01-12 18:57:00+00:00,0.58,537.3,96246
2026-01-12 18:58:00+00:00,2.00,620.8,248853
2026-01-12 18:59:00+00:00,2.16,663.7,355857
2026-01-12 19:00:00+00:00,2.14,661.3,356640
2026-01-12 19:01:00+00:00,1.46,591.8,379336
2026-01-12 19:02:00+00:00,1.46,,
2026-01-12 19:03:00+00:00,0.96,504.7,57597
2026-01-12 19:04:00+00:00,1.23,513.9,75783
2026-01-12 19:05:00+00:00,1.11,545.3,353518
2026-01-12 19:06:00+00:00,1.06,554.3,436939
2026-01-12 19:07:00+00:00,,,
2026-01-12 19:08:00+00:00,,,
2026-01-12 19:09:00+00:00,0.39,471.1,73456
2026-01-12 19:10:00+00:00,0.39,471.1,73456
2026-01-12 19:11:00+00:00,0.89,577.9,262742
2026-01-12 19:12:00+00:00,0.91,583.4,284215
2026-01-12 19:13:00+00:00,0.97,588.9,300087
2026-01-12 19:14:00+00:00,1.12,565.4,187612
2026-01-12 19:15:00+00:00,1.45,559.2,334329
2026-01-12 19:16:00+00:00,1.45,559.7,335527
2026-01-12 19:17:00+00:00,1.60,573.3,370269
2026-01-12 19:18:00+00:00,1.60,,
2026-01-12 19:20:00+00:00,1.59,550.5,202247
2026-01-12 19:21:00+00:00,1.56,544.8,205626
2026-01-12 19:22:00+00:00,1.55,543.1,206654
2026-01-12 19:23:00+00:00,1.82,574.3,553895
2026-01-12 19:24:00+00:00,1.78,600.0,546657
2026-01-12 19:25:00+00:00,1.43,600.3,421864
2026-01-12 19:26:00+00:00,1.11,580.9,302606
2026-01-12 19:27:00+00:00,1.59,572.2,320944
2026-01-12 19:28:00+00:00,1.56,575.8,310176
2026-01-12 19:29:00+00:00,1.48,577.1,274216
2026-01-12 19:30:00+00:00,1.38,554.3,238614
2026-01-12 19:31:00+00:00,1.77,582.9,322185
2026-01-12 19:32:00+00:00,1.77,583.3,321456
2026-01-12 19:33:00+00:00,1.70,594.8,300294
2026-01-12 19:34:00+00:00,1.70,,
2026-01-12 19:35:00+00:00,0.88,600.6,199793
2026-01-12 19:36:00+00:00,1.09,591.7,304591
2026-01-12 19:37:00+00:00,1.13,589.9,325551
2026-01-12 19:39:00+00:00,1.68,567.2,208397
2026-01-12 19:40:00+00:00,1.73,577.4,233199
2026-01-12 19:41:00+00:00,1.46,571.1,225458
2026-01-12 19:42:00+00:00,1.15,556.8,198751
2026-01-12 19:43:00+00:00,0.92,580.9,277355
2026-01-12 19:44:00+00:00,0.92,583.2,283183
2026-01-12 19:45:00+00:00,0.86,574.8,257291
2026-01-12 19:46:00+00:00,0.67,529.2,127533
2026-01-12 19:47:00+00:00,0.83,559.0,194948
2026-01-12 19:48:00+00:00,0.83,559.3,194627
2026-01-12 19:49:00+00:00,0.85,568.9,185308
2026-01-12 19:50:00+00:00,0.85,,
2026-01-12 19:52:00+00:00,1.32,590.0,327628
2026-01-12 19:53:00+00:00,1.26,566.1,221445
2026-01-12 19:54:00+00:00,1.24,558.8,189129
2026-01-12 19:55:00+00:00,0.74,595.4,317213
2026-01-12 19:56:00+00:00,0.50,549.9,160123
2026-01-12 19:57:00+00:00,0.70,527.5,81545
2026-01-12 19:58:00+00:00,1.09,539.9,123094
2026-01-12 19:59:00+00:00,1.21,567.1,217705
2026-01-12 20:00:00+00:00,1.25,567.5,222301
2026-01-12 20:01:00+00:00,1.24,556.2,199102
2026-01-12 20:02:00+00:00,0.92,515.5,87643
2026-01-12 20:04:00+00:00,1.18,,
2026-01-12 20:05:00+00:00,1.18,557.8,208863
2026-01-12 20:06:00+00:00,1.18,,
2026-01-12 20:08:00+00:00,1.21,566.8,223950
2026-01-12 20:09:00+00:00,1.16,532.6,149029
2026-01-12 20:10:00+00:00,1.14,522.2,126226
2026-01-12 20:11:00+00:00,1.30,574.0,181520
2026-01-12 20:12:00+00:00,1.26,564.2,168287
2026-01-12 20:13:00+00:00,1.36,553.9,150635
2026-01-12 20:14:00+00:00,1.50,551.0,143102
2026-01-12 20:15:00+00:00,1.52,554.7,187906
2026-01-12 20:16:00+00:00,1.55,554.7,191329
2026-01-12 20:27:00+00:00,1.73,575.5,181996
2026-01-12 20:28:00+00:00,1.82,581.3,199780
2026-01-12 20:29:00+00:00,1.55,569.8,144899
2026-01-12 20:30:00+00:00,1.22,553.8,76418
2026-01-12 20:31:00+00:00,1.64,563.8,128104
2026-01-12 20:32:00+00:00,1.63,559.1,124349
2026-01-12 20:33:00+00:00,1.74,558.7,143965
2026-01-12 20:34:00+00:00,2.15,594.1,237203
2026-01-12 20:35:00+00:00,2.28,589.0,268515
2026-01-12 20:36:00+00:00,2.25,586.6,262449
2026-01-12 20:37:00+00:00,1.39,516.7,86533
2026-01-12 20:38:00+00:00,1.39,,
2026-01-12 20:39:00+00:00,2.10,565.2,148022
2026-01-12 20:40:00+00:00,2.11,571.0,161195
2026-01-12 20:41:00+00:00,1.82,536.1,109953
2026-01-12 20:42:00+00:00,1.74,525.1,93556
2026-01-12 20:43:00+00:00,2.00,565.5,156847
2026-01-12 20:44:00+00:00,2.13,581.3,210289
2026-01-12 20:45:00+00:00,2.13,586.4,235969
2026-01-12 20:46:00+00:00,2.02,579.4,220783
2026-01-12 20:48:00+00:00,1.30,529.3,102136
2026-01-12 20:49:00+00:00,1.49,541.6,144241
2026-01-12 20:50:00+00:00,2.14,581.8,282587
2026-01-12 20:51:00+00:00,1.92,560.3,213576
2026-01-12 20:52:00+00:00,1.91,559.9,211735
2026-01-12 20:53:00+00:00,1.58,549.3,158339
2026-01-12 20:54:00+00:00,1.79,590.0,259476
2026-01-12 20:55:00+00:00,1.80,591.4,262964
2026-01-12 20:56:00+00:00,2.01,612.6,371114
2026-01-12 20:57:00+00:00,2.01,612.6,371114
2026-01-12 21:00:00+00:00,1.29,542.7,124928
2026-01-12 21:01:00+00:00,1.34,557.4,155150
2026-01-12 21:02:00+00:00,1.39,572.2,185373
2026-01-12 21:04:00+00:00,1.30,542.9,133282
2026-01-12 21:05:00+00:00,1.43,559.9,178661
2026-01-12 21:06:00+00:00,1.84,615.8,327763
2026-01-12 21:08:00+00:00,1.69,,
2026-01-12 21:09:00+00:00,1.69,571.0,193830
2026-01-12 21:10:00+00:00,1.69,,
2026-01-12 21:12:00+00:00,0.20,496.7,35373
2026-01-12 21:13:00+00:00,1.33,556.7,190432
2026-01-12 21:14:00+00:00,1.67,574.9,237624
2026-01-12 21:16:00+00:00,1.30,538.2,104366
2026-01-12 21:17:00+00:00,1.64,558.9,179243
2026-01-12 21:18:00+00:00,1.97,579.5,254121
2026-01-12 21:20:00+00:00,1.75,550.4,194196
2026-01-12 21:21:00+00:00,1.82,563.2,216467
2026-01-12 21:22:00+00:00,2.04,605.2,289644
2026-01-12 21:23:00+00:00,1.61,570.7,186575
2026-01-12 21:24:00+00:00,1.61,570.9,187146
2026-01-12 21:25:00+00:00,1.60,578.0,203717
2026-01-12 21:26:00+00:00,1.60,,
2026-01-12 21:28:00+00:00,1.66,541.1,124565
2026-01-12 21:29:00+00:00,1.71,586.9,230714
2026-01-12 21:30:00+00:00,1.73,600.9,263020
2026-01-12 21:32:00+00:00,1.60,567.3,161727
2026-01-12 21:33:00+00:00,1.61,567.5,159787
2026-01-12 21:34:00+00:00,1.62,567.7,157847
2026-01-12 21:36:00+00:00,1.59,549.1,130318
2026-01-12 21:37:00+00:00,1.61,560.1,163566
2026-01-12 21:38:00+00:00,1.67,596.5,272808
2026-01-12 21:39:00+00:00,1.67,597.0,269835
2026-01-12 21:40:00+00:00,1.67,596.2,267228
2026-01-12 21:41:00+00:00,1.92,574.8,191614
2026-01-12 21:42:00+00:00,1.92,,
2026-01-12 21:44:00+00:00,1.21,502.2,77503
2026-01-12 21:45:00+00:00,1.41,561.7,168024
2026-01-12 21:46:00+00:00,1.47,579.8,195574
2026-01-12 21:48:00+00:00,1.12,533.2,141872
2026-01-12 21:49:00+00:00,1.39,555.5,285109
2026-01-12 21:50:00+00:00,1.65,577.7,428345
2026-01-12 21:52:00+00:00,1.07,511.2,69256
2026-01-12 21:53:00+00:00,1.36,527.4,98318
2026-01-12 21:54:00+00:00,2.31,580.9,193807
2026-01-12 21:55:00+00:00,2.30,581.5,188908
2026-01-12 21:56:00+00:00,2.28,581.9,191344
2026-01-12 21:57:00+00:00,1.79,593.4,261994
2026-01-12 22:04:00+00:00,1.99,597.7,461393
2026-01-12 22:05:00+00:00,1.64,582.6,371387
2026-01-12 22:06:00+00:00,1.30,567.4,281382
2026-01-12 22:08:00+00:00,1.27,561.9,258616
2026-01-12 22:09:00+00:00,1.27,561.9,258616
2026-01-12 22:12:00+00:00,1.45,,
2026-01-12 22:13:00+00:00,1.45,584.0,497833
2026-01-12 22:14:00+00:00,1.45,,
2026-01-12 22:16:00+00:00,1.38,542.6,197553
2026-01-12 22:17:00+00:00,1.64,565.7,300365
2026-01-12 22:18:00+00:00,1.72,572.8,331656
2026-01-12 22:20:00+00:00,1.72,580.6,342176
2026-01-12 22:21:00+00:00,1.75,576.8,294989
2026-01-12 22:22:00+00:00,1.78,573.0,247802
2026-01-12 22:24:00+00:00,2.06,576.8,142869
2026-01-12 22:25:00+00:00,1.63,588.8,202368
2026-01-12 22:26:00+00:00,0.21,628.3,397866
2026-01-12 22:28:00+00:00,0.71,,
2026-01-12 22:29:00+00:00,0.71,598.3,242907
2026-01-12 22:30:00+00:00,0.71,,
2026-01-12 22:32:00+00:00,0.72,592.4,442877
2026-01-12 22:33:00+00:00,0.98,588.7,383390
2026-01-12 22:34:00+00:00,1.06,587.6,365285
2026-01-12 22:37:00+00:00,1.22,585.0,400518
2026-01-12 22:38:00+00:00,1.22,585.0,400518
2026-01-12 22:40:00+00:00,1.07,572.8,346067
2026-01-12 22:41:00+00:00,1.22,579.0,334483
2026-01-12 22:42:00+00:00,1.72,599.3,296421
2026-01-12 22:44:00+00:00,1.71,,
2026-01-12 22:45:00+00:00,1.71,576.9,285370
2026-01-12 22:46:00+00:00,1.71,,
2026-01-12 22:48:00+00:00,1.78,594.1,356534
2026-01-12 22:49:00+00:00,1.34,586.8,350828
2026-01-12 22:50:00+00:00,1.21,584.6,349091
2026-01-12 22:52:00+00:00,1.41,566.9,375022
2026-01-12 22:53:00+00:00,1.37,564.8,371913
2026-01-12 22:54:00+00:00,1.34,562.7,368804
2026-01-12 22:56:00+00:00,1.58,572.5,206253
2026-01-12 22:57:00+00:00,1.58,572.5,206253
2026-01-12 23:00:00+00:00,1.71,,
2026-01-12 23:01:00+00:00,1.71,574.6,299643
2026-01-12 23:02:00+00:00,1.71,,
2026-01-12 23:04:00+00:00,1.71,565.9,333975
2026-01-12 23:05:00+00:00,1.81,569.4,395302
2026-01-12 23:06:00+00:00,1.85,570.5,413966
2026-01-12 23:08:00+00:00,1.45,552.2,100533
2026-01-12 23:09:00+00:00,1.45,552.2,100533
2026-01-12 23:12:00+00:00,1.26,550.1,106626
2026-01-12 23:13:00+00:00,1.26,550.1,106626
2026-01-12 23:16:00+00:00,1.53,,
2026-01-12 23:17:00+00:00,1.53,572.2,320573
2026-01-12 23:18:00+00:00,1.53,,
2026-01-12 23:20:00+00:00,1.18,550.6,113324
2026-01-12 23:21:00+00:00,1.44,564.5,319122
2026-01-12 23:22:00+00:00,1.52,568.7,381756
2026-01-12 23:24:00+00:00,1.14,544.7,104040
2026-01-12 23:25:00+00:00,1.19,546.0,108296
2026-01-12 23:26:00+00:00,1.24,547.3,112551
2026-01-12 23:28:00+00:00,1.41,567.1,388367
2026-01-12 23:29:00+00:00,1.33,561.7,322758
2026-01-12 23:30:00+00:00,1.07,544.1,107187
2026-01-12 23:31:00+00:00,1.34,551.5,121954
2026-01-12 23:32:00+00:00,1.34,551.4,121852
2026-01-12 23:33:00+00:00,1.25,548.8,118881
2026-01-12 23:34:00+00:00,1.25,,
2026-01-12 23:36:00+00:00,1.40,566.1,372824
2026-01-12 23:37:00+00:00,1.41,563.3,332851
2026-01-12 23:38:00+00:00,1.41,562.4,320686
2026-01-12 23:40:00+00:00,1.50,564.4,330349
2026-01-12 23:41:00+00:00,1.32,555.2,211982
2026-01-12 23:42:00+00:00,1.13,545.9,93616
2026-01-12 23:44:00+00:00,1.11,546.9,105054
2026-01-12 23:45:00+00:00,1.09,546.0,102134
2026-01-12 23:46:00+00:00,1.02,542.8,92543
2026-01-12 23:48:00+00:00,1.56,,
2026-01-12 23:49:00+00:00,1.56,574.3,296769
2026-01-12 23:50:00+00:00,1.56,,
2026-01-12 23:52:00+00:00,1.03,571.5,321585
2026-01-12 23:53:00+00:00,1.10,566.7,312945
2026-01-12 23:54:00+00:00,1.12,565.3,310315
2026-01-12 23:56:00+00:00,1.47,555.6,113997
2026-01-12 23:57:00+00:00,1.39,554.3,109093
2026-01-12 23:58:00+00:00,1.32,553.0,104189
2026-01-13 00:00:00+00:00,1.57,567.9,268880
2026-01-13 00:01:00+00:00,1.57,567.9,268880
2026-01-13 00:04:00+00:00,1.42,,
2026-01-13 00:05:00+00:00,1.42,572.0,266338
2026-01-13 00:06:00+00:00,1.42,,
2026-01-13 00:08:00+00:00,1.29,574.1,281154
2026-01-13 00:09:00+00:00,1.16,574.4,310419
2026-01-13 00:10:00+00:00,1.12,574.5,319325
2026-01-13 00:12:00+00:00,1.35,577.1,277742
2026-01-13 00:13:00+00:00,1.35,577.1,277742
2026-01-13 00:16:00+00:00,1.27,580.6,280735
2026-01-13 00:17:00+00:00,1.27,580.6,280735
2026-01-13 00:20:00+00:00,1.19,,
2026-01-13 00:21:00+00:00,1.19,582.8,283478
2026-01-13 00:22:00+00:00,1.19,,
2026-01-13 00:24:00+00:00,1.43,590.5,222709
2026-01-13 00:25:00+00:00,1.43,583.0,248915
2026-01-13 00:26:00+00:00,1.43,580.7,256890
2026-01-13 00:28:00+00:00,1.37,573.3,254946
2026-01-13 00:29:00+00:00,1.37,573.1,275003
2026-01-13 00:30:00+00:00,1.37,572.9,295061
2026-01-13 00:32:00+00:00,1.34,574.9,331647
2026-01-13 00:33:00+00:00,1.34,574.9,331647
2026-01-13 00:36:00+00:00,1.40,,
2026-01-13 00:37:00+00:00,1.40,568.9,260841
2026-01-13 00:38:00+00:00,1.40,,
2026-01-13 00:40:00+00:00,1.67,570.1,288827
2026-01-13 00:41:00+00:00,1.51,576.8,257545
2026-01-13 00:42:00+00:00,1.46,578.9,248025
2026-01-13 00:44:00+00:00,1.54,569.5,287942
2026-01-13 00:45:00+00:00,1.61,570.6,310259
2026-01-13 00:46:00+00:00,1.67,571.7,332575
2026-01-13 00:49:00+00:00,1.31,546.9,154756
2026-01-13 00:50:00+00:00,1.31,546.9,154756
2026-01-13 00:52:00+00:00,1.41,,
2026-01-13 00:53:00+00:00,1.41,573.9,353510
2026-01-13 00:54:00+00:00,1.41,,
2026-01-13 00:56:00+00:00,1.67,567.3,281936
2026-01-13 00:57:00+00:00,1.58,567.7,283131
2026-01-13 00:58:00+00:00,1.55,567.8,283495
2026-01-13 01:00:00+00:00,0.68,586.3,252636
2026-01-13 01:01:00+00:00,0.68,585.4,236481
2026-01-13 01:02:00+00:00,0.69,584.4,220325
2026-01-13 01:04:00+00:00,0.63,607.1,222237
2026-01-13 01:05:00+00:00,0.66,601.7,239239
2026-01-13 01:06:00+00:00,0.77,583.8,295103
2026-01-13 01:08:00+00:00,0.73,,
2026-01-13 01:09:00+00:00,0.73,587.3,222182
2026-01-13 01:10:00+00:00,0.73,,
2026-01-13 01:12:00+00:00,0.48,615.3,213343
2026-01-13 01:13:00+00:00,0.44,607.7,185040
2026-01-13 01:14:00+00:00,0.42,605.4,176427
2026-01-13 01:16:00+00:00,0.62,607.8,197262
2026-01-13 01:17:00+00:00,0.67,602.6,153576
2026-01-13 01:18:00+00:00,0.71,597.5,109890
2026-01-13 01:20:00+00:00,0.78,598.3,206969
2026-01-13 01:21:00+00:00,0.78,598.3,206969
2026-01-13 01:24:00+00:00,0.89,,
2026-01-13 01:25:00+00:00,0.89,593.5,203225
2026-01-13 01:26:00+00:00,0.89,,
2026-01-13 01:28:00+00:00,1.05,590.1,217730
2026-01-13 01:29:00+00:00,0.53,591.5,189421
2026-01-13 01:30:00+00:00,0.37,591.9,180805
2026-01-13 01:32:00+00:00,0.45,598.6,228115
2026-01-13 01:33:00+00:00,0.61,586.4,173734
2026-01-13 01:34:00+00:00,0.77,574.2,119352
2026-01-13 01:36:00+00:00,1.38,601.2,200673
2026-01-13 01:37:00+00:00,1.42,601.2,212845
2026-01-13 01:38:00+00:00,1.56,601.2,252838
2026-01-13 01:40:00+00:00,1.42,,
2026-01-13 01:41:00+00:00,1.42,582.2,184142
2026-01-13 01:42:00+00:00,1.42,,
2026-01-13 01:45:00+00:00,1.07,641.7,263936
2026-01-13 01:46:00+00:00,1.07,641.7,263936
2026-01-13 01:48:00+00:00,0.71,613.9,302741
2026-01-13 01:49:00+00:00,0.73,592.8,292361
2026-01-13 01:50:00+00:00,0.76,571.6,281981
2026-01-13 01:52:00+00:00,1.46,586.8,184785
2026-01-13 01:53:00+00:00,1.53,589.2,201288
2026-01-13 01:54:00+00:00,1.74,597.2,255511
2026-01-13 01:56:00+00:00,1.56,,
2026-01-13 01:57:00+00:00,1.56,579.8,215279
2026-01-13 01:58:00+00:00,1.56,,
2026-01-13 02:00:00+00:00,1.38,578.1,201481
2026-01-13 02:01:00+00:00,1.36,578.3,204933
2026-01-13 02:02:00+00:00,1.35,578.3,205984
2026-01-13 02:04:00+00:00,1.29,580.7,155749
2026-01-13 02:05:00+00:00,1.20,578.2,212293
2026-01-13 02:06:00+00:00,1.11,575.8,268837
2026-01-13 02:08:00+00:00,0.57,615.6,333011
2026-01-13 02:09:00+00:00,0.57,621.3,342502
2026-01-13 02:10:00+00:00,0.58,640.0,373689
2026-01-13 02:12:00+00:00,0.74,,
2026-01-13 02:13:00+00:00,0.74,577.7,313833
2026-01-13 02:14:00+00:00,0.74,,
2026-01-13 02:16:00+00:00,0.64,575.1,292797
2026-01-13 02:17:00+00:00,0.56,571.9,230460
2026-01-13 02:18:00+00:00,0.53,570.9,211488
2026-01-13 02:20:00+00:00,0.87,572.6,310888
2026-01-13 02:21:00+00:00,0.91,576.1,345765
2026-01-13 02:22:00+00:00,0.95,579.6,380643
2026-01-13 02:24:00+00:00,0.75,578.3,275541
2026-01-13 02:25:00+00:00,0.75,578.3,275541
2026-01-13 02:28:00+00:00,0.93,,
2026-01-13 02:29:00+00:00,0.93,573.3,237560
2026-01-13 02:30:00+00:00,0.93,,
2026-01-13 02:33:00+00:00,1.13,559.6,282261
2026-01-13 02:34:00+00:00,1.13,559.6,282261
2026-01-13 02:36:00+00:00,0.96,562.9,198941
2026-01-13 02:37:00+00:00,0.97,564.0,232249
2026-01-13 02:38:00+00:00,0.99,565.1,265557
2026-01-13 02:40:00+00:00,1.05,562.6,206625
2026-01-13 02:41:00+00:00,1.04,566.1,203115
2026-01-13 02:42:00+00:00,1.04,577.5,191581
2026-01-13 02:44:00+00:00,1.03,,
2026-01-13 02:45:00+00:00,1.03,565.4,165216
2026-01-13 02:46:00+00:00,1.03,,
2026-01-13 02:49:00+00:00,0.84,583.4,186725
2026-01-13 02:50:00+00:00,0.84,583.4,186725
2026-01-13 02:52:00+00:00,0.67,587.4,220269
2026-01-13 02:53:00+00:00,0.71,593.9,255680
2026-01-13 02:54:00+00:00,0.74,600.5,291091
2026-01-13 02:56:00+00:00,0.51,576.1,234956
2026-01-13 02:57:00+00:00,0.52,576.9,240327
2026-01-13 02:58:00+00:00,0.54,579.5,257973
2026-01-13 03:04:00+00:00,0.88,582.0,279256
2026-01-13 03:05:00+00:00,0.81,582.7,274123
2026-01-13 03:06:00+00:00,0.79,582.9,272561
2026-01-13 03:08:00+00:00,0.81,583.6,258045
2026-01-13 03:09:00+00:00,0.90,589.2,298935
2026-01-13 03:10:00+00:00,0.99,594.8,339825
2026-01-13 03:12:00+00:00,0.79,573.3,262972
2026-01-13 03:13:00+00:00,0.78,569.6,252876
2026-01-13 03:14:00+00:00,0.73,557.6,219704
2026-01-13 03:16:00+00:00,0.77,,
2026-01-13 03:17:00+00:00,0.77,566.3,260314
2026-01-13 03:18:00+00:00,0.77,,
2026-01-13 03:21:00+00:00,0.65,561.6,307540
2026-01-13 03:22:00+00:00,0.65,561.6,307540
2026-01-13 03:24:00+00:00,0.87,565.6,262576
2026-01-13 03:25:00+00:00,0.88,564.8,285579
2026-01-13 03:26:00+00:00,0.89,564.0,308581
2026-01-13 03:28:00+00:00,0.87,568.7,271156
2026-01-13 03:29:00+00:00,0.90,571.7,288303
2026-01-13 03:30:00+00:00,0.98,581.5,344643
2026-01-13 03:32:00+00:00,0.92,,
2026-01-13 03:33:00+00:00,0.92,587.6,295728
2026-01-13 03:34:00+00:00,0.92,,
2026-01-13 03:37:00+00:00,1.11,570.1,227175
2026-01-13 03:38:00+00:00,1.11,570.1,227175
2026-01-13 03:40:00+00:00,1.08,580.6,318698
2026-01-13 03:41:00+00:00,1.14,589.6,332417
2026-01-13 03:42:00+00:00,1.19,598.7,346135
2026-01-13 03:45:00+00:00,1.24,610.0,383563
2026-01-13 03:46:00+00:00,1.24,610.0,383563
2026-01-13 03:48:00+00:00,1.30,,
2026-01-13 03:49:00+00:00,1.30,592.1,225981
2026-01-13 03:50:00+00:00,1.30,,
2026-01-13 03:53:00+00:00,0.95,571.3,232384
2026-01-13 03:54:00+00:00,0.95,571.3,232384
2026-01-13 03:56:00+00:00,1.44,573.1,194634
2026-01-13 04:00:00+00:00,1.46,579.3,218525
2026-01-13 04:01:00+00:00,1.46,579.3,218525
2026-01-13 04:04:00+00:00,0.58,,
2026-01-13 04:05:00+00:00,0.58,564.9,268047
2026-01-13 04:06:00+00:00,0.58,,
2026-01-13 04:08:00+00:00,0.91,576.9,188564
2026-01-13 04:09:00+00:00,0.84,569.1,150479
2026-01-13 04:10:00+00:00,0.82,566.7,138888
2026-01-13 04:12:00+00:00,1.10,576.7,193585
2026-01-13 04:13:00+00:00,1.11,579.1,199526
2026-01-13 04:14:00+00:00,1.13,581.5,205466
2026-01-13 04:16:00+00:00,0.63,568.1,220406
2026-01-13 04:17:00+00:00,0.62,570.0,217577
2026-01-13 04:18:00+00:00,0.62,576.4,208279
2026-01-13 04:20:00+00:00,0.83,,
2026-01-13 04:21:00+00:00,0.83,565.2,342113
2026-01-13 04:22:00+00:00,0.83,,
2026-01-13 04:25:00+00:00,0.85,569.7,185433
2026-01-13 04:26:00+00:00,0.85,569.7,185433
2026-01-13 04:28:00+00:00,1.19,582.4,244720
2026-01-13 04:29:00+00:00,1.20,593.0,267050
2026-01-13 04:30:00+00:00,1.21,603.5,289380
2026-01-13 04:32:00+00:00,0.91,578.3,317673
2026-01-13 04:33:00+00:00,0.91,578.3,317673
2026-01-13 04:41:00+00:00,1.18,499.1,71000
2026-01-13 04:42:00+00:00,1.18,499.1,71000
2026-01-13 04:44:00+00:00,1.51,530.6,368507
2026-01-13 04:45:00+00:00,1.34,528.2,339735
2026-01-13 04:46:00+00:00,1.18,525.8,310963
2026-01-13 04:48:00+00:00,1.10,518.8,190062
2026-01-13 04:49:00+00:00,1.10,518.8,190062
2026-01-13 04:52:00+00:00,1.53,,
2026-01-13 04:53:00+00:00,1.53,533.4,399953
2026-01-13 04:54:00+00:00,1.53,,
2026-01-13 04:57:00+00:00,1.64,558.3,384385
2026-01-13 04:58:00+00:00,1.64,558.3,384385
2026-01-13 05:00:00+00:00,1.06,518.6,203953
2026-01-13 05:01:00+00:00,1.05,520.0,192837
2026-01-13 05:02:00+00:00,1.04,521.4,181722
2026-01-13 05:04:00+00:00,1.19,542.5,453012
2026-01-13 05:05:00+00:00,1.19,542.5,453012
2026-01-13 05:08:00+00:00,0.98,,
2026-01-13 05:09:00+00:00,0.98,546.3,337804
2026-01-13 05:10:00+00:00,0.98,,
2026-01-13 05:17:00+00:00,1.34,556.5,522600
2026-01-13 05:18:00+00:00,1.34,556.5,522600
2026-01-13 05:20:00+00:00,1.08,549.5,406761
2026-01-13 05:21:00+00:00,1.08,547.8,402133
2026-01-13 05:22:00+00:00,1.09,542.3,386924
2026-01-13 05:24:00+00:00,1.12,,
2026-01-13 05:25:00+00:00,1.12,548.0,401351
2026-01-13 05:26:00+00:00,1.12,,
2026-01-13 05:29:00+00:00,1.03,567.2,593275
2026-01-13 05:30:00+00:00,1.03,567.2,593275
2026-01-13 05:32:00+00:00,1.09,546.2,513677
2026-01-13 05:33:00+00:00,1.06,551.2,494628
2026-01-13 05:34:00+00:00,1.04,556.3,475580
2026-01-13 05:36:00+00:00,1.02,544.4,506640
2026-01-13 05:37:00+00:00,1.02,544.4,506640
2026-01-13 05:40:00+00:00,1.06,,
2026-01-13 05:41:00+00:00,1.06,549.9,497558
2026-01-13 05:42:00+00:00,1.06,,
2026-01-13 05:45:00+00:00,1.25,552.2,527452
2026-01-13 05:46:00+00:00,1.25,552.2,527452
2026-01-13 05:48:00+00:00,1.11,549.3,375017
2026-01-13 05:49:00+00:00,1.11,534.7,299942
2026-01-13 05:50:00+00:00,1.11,520.0,224866
2026-01-13 05:52:00+00:00,0.91,527.8,201055
2026-01-13 05:53:00+00:00,0.91,527.8,201055
2026-01-13 05:56:00+00:00,0.97,,
2026-01-13 05:57:00+00:00,0.97,522.9,229900
2026-01-13 05:58:00+00:00,0.97,,
2026-01-13 06:01:00+00:00,0.85,530.1,257904
2026-01-13 06:02:00+00:00,0.85,530.1,257904
2026-01-13 06:04:00+00:00,1.20,542.3,419048
2026-01-13 06:05:00+00:00,0.92,533.1,314849
2026-01-13 06:06:00+00:00,0.64,523.8,210651
2026-01-13 06:08:00+00:00,1.06,541.0,331599
2026-01-13 06:09:00+00:00,1.06,541.0,331599
2026-01-13 06:12:00+00:00,1.29,,
2026-01-13 06:13:00+00:00,1.29,538.5,398654
2026-01-13 06:14:00+00:00,1.29,,
2026-01-13 06:17:00+00:00,1.26,541.8,385882
2026-01-13 06:18:00+00:00,1.26,541.8,385882
2026-01-13 06:21:00+00:00,1.45,575.7,632779
2026-01-13 06:22:00+00:00,1.45,575.7,632779
2026-01-13 06:24:00+00:00,1.12,542.0,430450
2026-01-13 06:25:00+00:00,1.07,535.4,394167
2026-01-13 06:26:00+00:00,0.90,513.5,274952
2026-01-13 06:28:00+00:00,1.39,,
2026-01-13 06:29:00+00:00,1.39,537.3,412011
2026-01-13 06:30:00+00:00,1.39,,
2026-01-13 06:33:00+00:00,1.04,547.0,329646
2026-01-13 06:34:00+00:00,1.04,547.0,329646
2026-01-13 06:37:00+00:00,1.04,533.6,312278
2026-01-13 06:38:00+00:00,1.04,533.6,312278
2026-01-13 06:40:00+00:00,1.49,553.5,282133
2026-01-13 06:41:00+00:00,1.49,553.5,282133
2026-01-13 06:44:00+00:00,1.15,,
2026-01-13 06:45:00+00:00,1.15,545.2,585342
2026-01-13 06:46:00+00:00,1.15,,
2026-01-13 06:53:00+00:00,1.53,544.2,401593
2026-01-13 06:54:00+00:00,1.53,544.2,401593
2026-01-13 06:56:00+00:00,1.21,542.2,366578
2026-01-13 06:57:00+00:00,1.22,545.8,379283
2026-01-13 06:58:00+00:00,1.28,557.7,421028
2026-01-13 07:00:00+00:00,1.23,,
2026-01-13 07:01:00+00:00,1.23,538.8,403067
2026-01-13 07:02:00+00:00,1.23,,
2026-01-13 07:05:00+00:00,1.30,539.1,394057
2026-01-13 07:06:00+00:00,1.30,539.1,394057
2026-01-13 07:09:00+00:00,1.44,557.6,510080
2026-01-13 07:10:00+00:00,1.44,557.6,510080
2026-01-13 07:12:00+00:00,1.33,528.0,258017
2026-01-13 07:13:00+00:00,1.34,531.5,276402
2026-01-13 07:14:00+00:00,1.38,543.1,336811
2026-01-13 07:16:00+00:00,1.31,,
2026-01-13 07:17:00+00:00,1.31,548.3,486217
2026-01-13 07:18:00+00:00,1.31,,
2026-01-13 07:21:00+00:00,1.24,535.4,341621
2026-01-13 07:22:00+00:00,1.24,535.4,341621
2026-01-13 08:17:00+00:00,2.67,544.3,271091
2026-01-13 08:18:00+00:00,2.67,544.3,271091
2026-01-13 08:20:00+00:00,1.17,,
2026-01-13 08:21:00+00:00,1.17,532.2,326686
2026-01-13 08:22:00+00:00,1.80,549.9,329595
2026-01-13 08:23:00+00:00,1.83,550.5,329696
2026-01-13 08:25:00+00:00,1.04,519.2,252905
2026-01-13 08:26:00+00:00,1.04,519.2,252905
2026-01-13 08:29:00+00:00,0.70,557.1,421936
2026-01-13 08:30:00+00:00,0.70,557.1,421936
2026-01-13 08:32:00+00:00,0.45,562.4,547554
2026-01-13 08:33:00+00:00,0.46,566.5,555257
2026-01-13 08:34:00+00:00,0.48,579.9,580565
2026-01-13 08:36:00+00:00,0.43,,
2026-01-13 08:37:00+00:00,0.43,568.6,493112
2026-01-13 08:38:00+00:00,0.43,,
2026-01-13 08:41:00+00:00,0.16,566.3,442456
2026-01-13 08:42:00+00:00,0.16,566.3,442456
2026-01-13 08:45:00+00:00,0.14,582.7,808590
2026-01-13 08:46:00+00:00,0.14,582.7,808590
2026-01-13 08:48:00+00:00,0.11,550.4,518165
2026-01-13 08:49:00+00:00,0.15,562.3,475858
2026-01-13 08:50:00+00:00,0.28,601.4,336849
2026-01-13 08:52:00+00:00,0.24,,
2026-01-13 08:53:00+00:00,0.24,585.4,302784
2026-01-13 08:54:00+00:00,0.16,551.9,455336
2026-01-13 08:55:00+00:00,0.16,550.8,460597
2026-01-13 08:57:00+00:00,0.38,591.7,545431
2026-01-13 08:58:00+00:00,0.38,591.7,545431
2026-01-13 09:05:00+00:00,0.46,595.3,613542
2026-01-13 09:06:00+00:00,0.46,595.3,613542
2026-01-13 09:08:00+00:00,0.41,,
2026-01-13 09:09:00+00:00,0.41,559.9,375512
2026-01-13 09:10:00+00:00,0.40,598.4,482215
2026-01-13 09:11:00+00:00,0.40,599.8,485895
2026-01-13 09:13:00+00:00,0.38,593.9,424800
2026-01-13 09:14:00+00:00,0.38,593.9,424800
2026-01-13 09:17:00+00:00,0.23,555.4,777935
2026-01-13 09:18:00+00:00,0.23,555.4,777935
2026-01-13 09:20:00+00:00,0.37,588.5,620463
2026-01-13 09:21:00+00:00,0.38,590.5,650958
2026-01-13 09:22:00+00:00,0.40,596.9,751155
2026-01-13 09:24:00+00:00,0.38,,
2026-01-13 09:25:00+00:00,0.38,592.4,738084
2026-01-13 09:26:00+00:00,0.15,477.0,90838
2026-01-13 09:27:00+00:00,0.14,473.0,68520
2026-01-13 09:29:00+00:00,0.43,547.7,500744
2026-01-13 09:30:00+00:00,0.43,547.7,500744
2026-01-13 09:33:00+00:00,0.08,444.2,38258
2026-01-13 09:34:00+00:00,0.08,444.2,38258
2026-01-13 09:40:00+00:00,0.27,,
2026-01-13 09:41:00+00:00,0.27,516.0,315710
2026-01-13 09:42:00+00:00,0.50,575.0,772202
2026-01-13 09:43:00+00:00,0.50,577.1,787943
2026-01-13 09:45:00+00:00,0.36,518.1,466034
2026-01-13 09:46:00+00:00,0.36,518.1,466034
2026-01-13 09:49:00+00:00,0.38,576.1,725324
2026-01-13 09:50:00+00:00,0.38,576.1,725324
2026-01-13 09:53:00+00:00,0.44,551.1,749600
2026-01-13 09:54:00+00:00,0.44,551.1,749600
2026-01-13 09:56:00+00:00,0.41,,
2026-01-13 09:57:00+00:00,0.41,557.3,646431
2026-01-13 10:08:00+00:00,0.44,557.6,804734
2026-01-13 10:09:00+00:00,0.44,559.5,800602
2026-01-13 10:10:00+00:00,0.43,565.6,787024
2026-01-13 10:12:00+00:00,0.41,,
2026-01-13 10:13:00+00:00,0.41,609.9,580158
2026-01-13 10:14:00+00:00,0.41,,
2026-01-13 10:17:00+00:00,0.17,537.6,587367
2026-01-13 10:18:00+00:00,0.17,537.6,587367
2026-01-13 10:21:00+00:00,0.17,567.6,857983
2026-01-13 10:22:00+00:00,0.17,567.6,857983
2026-01-13 10:24:00+00:00,0.12,524.5,338712
2026-01-13 10:25:00+00:00,0.13,521.6,341868
2026-01-13 10:26:00+00:00,0.14,512.0,352236
2026-01-13 10:33:00+00:00,0.21,538.9,433376
2026-01-13 10:34:00+00:00,0.21,538.9,433376
2026-01-13 10:37:00+00:00,0.19,570.7,663437
2026-01-13 10:38:00+00:00,0.19,570.7,663437
2026-01-13 10:41:00+00:00,0.17,534.9,556610
2026-01-13 10:42:00+00:00,0.17,534.9,556610
2026-01-13 10:44:00+00:00,0.09,,
2026-01-13 10:45:00+00:00,0.09,502.2,234100
2026-01-13 10:46:00+00:00,0.09,,
2026-01-13 10:49:00+00:00,0.06,459.4,57364
2026-01-13 10:50:00+00:00,0.06,459.4,57364
2026-01-13 10:53:00+00:00,0.11,611.2,1074478
2026-01-13 10:54:00+00:00,0.11,611.2,1074478
2026-01-13 10:57:00+00:00,0.10,577.5,845675
2026-01-13 10:58:00+00:00,0.10,577.5,845675
2026-01-13 11:00:00+00:00,0.09,,
2026-01-13 11:01:00+00:00,0.09,580.2,650961
2026-01-13 11:02:00+00:00,0.09,,
2026-01-13 11:05:00+00:00,0.15,614.1,953394
2026-01-13 11:06:00+00:00,0.15,614.1,953394
2026-01-13 11:12:00+00:00,0.07,555.6,134236
2026-01-13 11:13:00+00:00,0.07,555.6,134236
2026-01-13 11:20:00+00:00,0.19,587.6,294645
2026-01-13 11:21:00+00:00,0.19,587.6,294645
2026-01-13 11:24:00+00:00,0.22,616.7,467440
2026-01-13 11:25:00+00:00,0.22,616.7,467440
2026-01-13 11:28:00+00:00,0.18,586.3,211732
2026-01-13 11:29:00+00:00,0.18,586.3,211732
2026-01-13 11:31:00+00:00,0.20,552.0,267890
2026-01-13 11:32:00+00:00,0.20,552.0,267890
2026-01-13 11:36:00+00:00,0.18,566.6,278360
2026-01-13 11:37:00+00:00,0.18,566.6,278360
2026-01-13 11:40:00+00:00,0.21,608.9,593690
2026-01-13 11:41:00+00:00,0.21,608.9,593690
2026-01-13 11:44:00+00:00,0.21,593.8,690800
2026-01-13 11:45:00+00:00,0.21,593.8,690800
2026-01-13 11:52:00+00:00,0.28,622.6,905998
2026-01-13 11:53:00+00:00,0.28,622.6,905998
2026-01-13 11:56:00+00:00,0.24,616.1,992571
2026-01-13 11:57:00+00:00,0.24,616.1,992571
2026-01-13 12:00:00+00:00,0.33,576.1,644484
2026-01-13 12:01:00+00:00,0.33,576.1,644484
2026-01-13 12:08:00+00:00,0.32,592.2,564574
2026-01-13 12:09:00+00:00,0.32,592.2,564574
2026-01-13 12:12:00+00:00,0.36,589.2,526714
2026-01-13 12:13:00+00:00,0.36,589.2,526714
2026-01-13 12:16:00+00:00,0.32,573.0,523788
2026-01-13 12:17:00+00:00,0.32,573.0,523788
2026-01-13 12:20:00+00:00,0.09,,
2026-01-13 12:21:00+00:00,0.09,428.6,51421
2026-01-13 12:22:00+00:00,0.09,,
2026-01-13 12:28:00+00:00,0.34,555.2,456943
2026-01-13 12:29:00+00:00,0.34,555.2,456943
2026-01-13 12:32:00+00:00,0.32,537.1,475291
2026-01-13 12:33:00+00:00,0.32,537.1,475291
2026-01-13 12:36:00+00:00,0.34,,
2026-01-13 12:37:00+00:00,0.34,554.9,466354
2026-01-13 12:38:00+00:00,0.34,,
2026-01-13 12:48:00+00:00,0.38,562.7,399509
2026-01-13 12:49:00+00:00,0.38,562.7,399509
2026-01-13 13:00:00+00:00,0.43,573.0,427609
2026-01-13 13:01:00+00:00,0.43,573.0,427609
2026-01-13 13:04:00+00:00,0.42,561.2,393006
2026-01-13 13:05:00+00:00,0.42,561.2,393006
2026-01-13 13:08:00+00:00,0.30,,
2026-01-13 13:09:00+00:00,0.30,591.3,588115
2026-01-13 13:10:00+00:00,0.30,,
2026-01-13 13:20:00+00:00,0.27,587.5,575929
2026-01-13 13:21:00+00:00,0.27,587.5,575929
2026-01-13 13:24:00+00:00,0.27,,
2026-01-13 13:25:00+00:00,0.27,569.9,585041
2026-01-13 13:26:00+00:00,0.27,,
2026-01-13 13:56:00+00:00,0.09,,
2026-01-13 13:57:00+00:00,0.09,428.4,55259
2026-01-13 13:58:00+00:00,0.09,,
2026-01-13 14:12:00+00:00,0.30,,
2026-01-13 14:13:00+00:00,0.30,580.2,615846
2026-01-13 14:14:00+00:00,0.30,,
2026-01-13 14:28:00+00:00,0.32,,
2026-01-13 14:29:00+00:00,0.32,560.9,520558
2026-01-13 14:30:00+00:00,0.32,,
2026-01-13 14:33:00+00:00,0.20,497.5,224189
2026-01-13 14:34:00+00:00,0.22,507.2,263862
2026-01-13 14:35:00+00:00,0.23,511.3,280865
2026-01-13 14:37:00+00:00,0.22,503.0,229880
2026-01-13 14:38:00+00:00,0.22,503.0,229880
2026-01-13 14:54:00+00:00,0.44,558.3,384382
2026-01-13 14:55:00+00:00,0.44,558.3,384382
2026-01-13 15:19:00+00:00,0.28,553.5,493889
2026-01-13 15:20:00+00:00,5.78,684.0,699023
2026-01-13 15:21:00+00:00,8.91,707.9,1035179
2026-01-13 15:22:00+00:00,9.53,707.3,1125001
2026-01-13 15:23:00+00:00,2.63,500.1,142379
2026-01-13 15:24:00+00:00,5.01,506.4,197196
2026-01-13 15:25:00+00:00,4.68,523.0,180350
2026-01-13 15:26:00+00:00,2.52,534.9,121586
2026-01-13 15:27:00+00:00,0.54,512.2,151289
2026-01-13 15:28:00+00:00,0.53,516.9,250044
2026-01-13 15:29:00+00:00,0.62,555.0,540653
2026-01-13 15:30:00+00:00,0.95,644.7,738387
2026-01-13 15:31:00+00:00,0.96,617.6,641479
2026-01-13 15:32:00+00:00,0.97,615.5,633639
2026-01-13 15:33:00+00:00,1.43,556.4,406283
2026-01-13 15:34:00+00:00,0.51,506.3,348704
2026-01-13 15:35:00+00:00,0.53,534.0,548817
2026-01-13 15:36:00+00:00,28.32,602.5,489448
2026-01-13 15:37:00+00:00,46.37,587.0,435168
2026-01-13 15:38:00+00:00,15.23,503.2,205979
2026-01-13 15:39:00+00:00,0.30,498.4,243239
2026-01-13 15:40:00+00:00,0.49,527.3,305355
2026-01-13 15:41:00+00:00,0.61,537.3,295064
2026-01-13 15:44:00+00:00,4.93,440.7,96358
2026-01-13 15:45:00+00:00,4.93,440.7,96358
2026-01-13 15:46:00+00:00,,,
2026-01-13 15:47:00+00:00,,,
2026-01-13 15:48:00+00:00,0.41,,
2026-01-13 15:49:00+00:00,0.41,532.9,376110
2026-01-13 15:50:00+00:00,1.60,483.6,294155
2026-01-13 15:52:00+00:00,0.99,597.7,382899
2026-01-13 15:53:00+00:00,0.99,597.7,382899
2026-01-13 15:54:00+00:00,0.77,540.4,316077
2026-01-13 15:55:00+00:00,1.12,516.6,199163
2026-01-13 15:56:00+00:00,1.39,520.8,151407
2026-01-13 15:57:00+00:00,1.03,546.9,277099
2026-01-13 15:58:00+00:00,0.56,555.4,402171
2026-01-13 16:02:00+00:00,0.22,493.5,296718
2026-01-13 16:03:00+00:00,0.10,450.0,79283
2026-01-13 16:04:00+00:00,0.44,539.8,427291
2026-01-13 16:05:00+00:00,0.45,532.4,354060
2026-01-13 16:06:00+00:00,0.33,512.0,241674
2026-01-13 16:07:00+00:00,0.46,554.9,453660
2026-01-13 16:08:00+00:00,0.45,562.4,521367
2026-01-13 16:09:00+00:00,0.48,543.1,321752
2026-01-13 16:10:00+00:00,0.44,515.7,224690
2026-01-13 16:11:00+00:00,0.41,520.5,286673
2026-01-13 16:12:00+00:00,0.47,533.3,398183
2026-01-13 16:13:00+00:00,0.47,519.6,355881
2026-01-13 16:14:00+00:00,0.41,502.4,262132
2026-01-13 16:15:00+00:00,0.52,571.1,567942
2026-01-13 16:16:00+00:00,0.53,557.4,472478
2026-01-13 16:17:00+00:00,0.57,528.6,261781
2026-01-13 16:18:00+00:00,0.62,541.0,317283
2026-01-13 16:19:00+00:00,0.66,551.1,397717
2026-01-13 16:20:00+00:00,0.64,549.1,407255
2026-01-13 16:21:00+00:00,0.60,544.1,440940
2026-01-13 16:22:00+00:00,0.61,496.5,203742
2026-01-13 16:23:00+00:00,0.73,541.5,439490
2026-01-13 16:24:00+00:00,0.62,536.6,422127
2026-01-13 16:25:00+00:00,0.66,530.7,355586
2026-01-13 16:26:00+00:00,0.67,533.6,360503
2026-01-13 16:27:00+00:00,0.68,540.0,391716
2026-01-13 16:28:00+00:00,0.66,541.3,402951
2026-01-13 16:29:00+00:00,0.51,519.3,325193
2026-01-13 16:30:00+00:00,0.40,509.7,286352
2026-01-13 16:31:00+00:00,0.47,525.9,384379
2026-01-13 16:32:00+00:00,0.52,526.5,460972
2026-01-13 16:33:00+00:00,0.44,519.0,397716
2026-01-13 16:34:00+00:00,0.43,509.7,253780
2026-01-13 16:35:00+00:00,0.43,523.8,314001
2026-01-13 16:36:00+00:00,0.41,529.6,396172
2026-01-13 16:37:00+00:00,0.38,528.1,450698
2026-01-13 16:38:00+00:00,0.45,548.7,507726
2026-01-13 16:39:00+00:00,0.67,539.0,349911
2026-01-13 16:40:00+00:00,0.42,542.6,471467
2026-01-13 16:41:00+00:00,0.26,512.6,318290
2026-01-13 16:42:00+00:00,0.27,513.5,386523
2026-01-13 16:43:00+00:00,0.21,486.4,211572
2026-01-13 16:44:00+00:00,0.32,514.9,354030
2026-01-13 16:45:00+00:00,0.41,547.4,539953
2026-01-13 16:46:00+00:00,0.39,550.3,553243
2026-01-13 16:47:00+00:00,0.41,558.4,601841
2026-01-13 16:48:00+00:00,0.47,551.4,646148
2026-01-13 16:49:00+00:00,0.47,547.4,607332
2026-01-13 16:50:00+00:00,0.47,537.9,486057
2026-01-13 16:51:00+00:00,0.47,553.1,505445
2026-01-13 16:52:00+00:00,0.38,521.9,391383
2026-01-13 16:53:00+00:00,0.26,489.0,193955
2026-01-13 16:54:00+00:00,0.32,547.1,411344
2026-01-13 16:55:00+00:00,0.33,550.0,413202
2026-01-13 16:56:00+00:00,0.44,547.6,477548
2026-01-13 16:57:00+00:00,0.30,503.9,259611
2026-01-13 16:58:00+00:00,0.32,521.6,373090
2026-01-13 16:59:00+00:00,0.34,547.9,448738
2026-01-13 17:00:00+00:00,0.34,555.1,459275
2026-01-13 17:01:00+00:00,0.37,551.3,462013
2026-01-13 17:02:00+00:00,0.41,561.9,503851
2026-01-13 17:03:00+00:00,0.37,566.6,513775
2026-01-13 17:04:00+00:00,0.31,542.8,441207
2026-01-13 17:05:00+00:00,0.34,545.9,493524
2026-01-13 17:06:00+00:00,0.39,556.3,505929
2026-01-13 17:07:00+00:00,0.27,533.2,428960
2026-01-13 17:08:00+00:00,0.08,449.7,44236
2026-01-13 17:09:00+00:00,0.19,469.0,64934
2026-01-13 17:10:00+00:00,0.32,514.5,342574
2026-01-13 17:11:00+00:00,0.15,463.3,76378
2026-01-13 17:12:00+00:00,0.16,476.2,60378
2026-01-13 17:13:00+00:00,0.29,504.5,299486
2026-01-13 17:14:00+00:00,0.42,544.6,574138
2026-01-13 17:15:00+00:00,0.46,561.9,656108
2026-01-13 17:16:00+00:00,0.41,555.6,553348
2026-01-13 17:17:00+00:00,0.38,552.8,525398
2026-01-13 17:18:00+00:00,0.36,555.5,545544
2026-01-13 17:19:00+00:00,0.30,551.9,466123
2026-01-13 17:20:00+00:00,0.26,547.2,392870
2026-01-13 17:23:00+00:00,0.34,554.3,538307
2026-01-13 17:24:00+00:00,0.31,533.0,431903
2026-01-13 17:25:00+00:00,0.21,465.3,81682
2026-01-13 17:26:00+00:00,0.56,554.5,467218
2026-01-13 17:27:00+00:00,0.42,548.0,539383
2026-01-13 17:28:00+00:00,0.21,500.3,193712
2026-01-13 17:29:00+00:00,0.17,491.0,123270
2026-01-13 17:30:00+00:00,0.28,598.2,622844
2026-01-13 17:31:00+00:00,0.26,575.9,449486
2026-01-13 17:32:00+00:00,0.25,541.3,289950
2026-01-13 17:33:00+00:00,0.25,546.2,304517
2026-01-13 17:34:00+00:00,0.28,573.8,407688
2026-01-13 17:35:00+00:00,0.29,575.5,450993
2026-01-13 17:36:00+00:00,0.23,539.4,324140
2026-01-13 17:37:00+00:00,0.13,499.0,181623
2026-01-13 17:38:00+00:00,0.20,559.0,477321
2026-01-13 17:39:00+00:00,0.26,558.6,318290
2026-01-13 17:40:00+00:00,0.27,586.7,295260
2026-01-13 17:41:00+00:00,0.17,559.4,334294
2026-01-13 17:42:00+00:00,0.19,596.8,465151
2026-01-13 17:43:00+00:00,0.16,577.1,472390
2026-01-13 17:44:00+00:00,0.16,555.7,330330
2026-01-13 17:45:00+00:00,0.06,473.1,99348
2026-01-13 17:46:00+00:00,0.08,519.9,383919
2026-01-13 17:47:00+00:00,0.27,548.8,408056
2026-01-13 17:48:00+00:00,0.32,573.3,343089
2026-01-13 17:49:00+00:00,0.32,593.5,353315
2026-01-13 17:50:00+00:00,0.25,551.5,236476
2026-01-13 17:51:00+00:00,0.18,503.2,132011
2026-01-13 17:52:00+00:00,0.44,510.8,204658
2026-01-13 17:53:00+00:00,0.82,497.9,153562
2026-01-13 17:54:00+00:00,0.41,550.1,477038
2026-01-13 17:55:00+00:00,0.41,546.8,468298
2026-01-13 17:56:00+00:00,0.33,517.4,392434
2026-01-13 17:57:00+00:00,0.27,530.6,473560
2026-01-13 17:58:00+00:00,0.30,517.9,450847
2026-01-13 17:59:00+00:00,0.27,519.0,383704
2026-01-13 18:00:00+00:00,0.28,490.7,284612
2026-01-13 18:01:00+00:00,0.34,507.8,271720
2026-01-13 18:02:00+00:00,0.42,512.0,279400
2026-01-13 18:03:00+00:00,0.31,542.4,557116
2026-01-13 18:04:00+00:00,0.22,534.4,592741
2026-01-13 18:05:00+00:00,0.21,514.3,498175
2026-01-13 18:06:00+00:00,0.33,512.4,270826
2026-01-13 18:07:00+00:00,0.34,512.0,330658
2026-01-13 18:08:00+00:00,0.36,504.5,349159
2026-01-13 18:09:00+00:00,0.37,494.8,227227
2026-01-13 18:10:00+00:00,0.37,517.1,458741
2026-01-13 18:11:00+00:00,0.35,527.0,357671
2026-01-13 18:12:00+00:00,0.44,485.1,267511
2026-01-13 18:13:00+00:00,0.23,467.3,127371
2026-01-13 18:14:00+00:00,0.53,504.6,324820
2026-01-13 18:15:00+00:00,0.50,510.3,328387
2026-01-13 18:16:00+00:00,0.55,476.5,135992
2026-01-13 18:17:00+00:00,0.72,511.1,233667
2026-01-13 18:18:00+00:00,0.82,525.8,335571
2026-01-13 18:19:00+00:00,0.70,522.5,250756
2026-01-13 18:20:00+00:00,0.58,488.4,133087
2026-01-13 18:21:00+00:00,0.32,498.3,189504
2026-01-13 18:22:00+00:00,0.24,524.2,245332
2026-01-13 18:23:00+00:00,0.42,521.2,320884
2026-01-13 18:24:00+00:00,0.39,526.0,466107
2026-01-13 18:25:00+00:00,0.47,509.8,294571
2026-01-13 18:26:00+00:00,0.65,524.6,337484
2026-01-13 18:27:00+00:00,0.55,469.3,170708
2026-01-13 18:28:00+00:00,0.56,470.9,174165
2026-01-13 18:29:00+00:00,0.64,517.6,274416
2026-01-13 18:30:00+00:00,0.88,510.2,305069
2026-01-13 18:31:00+00:00,0.77,505.8,249803
2026-01-13 18:32:00+00:00,0.70,479.0,209382
2026-01-13 18:33:00+00:00,0.78,525.6,339509
2026-01-13 18:34:00+00:00,0.86,526.7,349217
2026-01-13 18:35:00+00:00,0.78,515.0,299041
2026-01-13 18:36:00+00:00,0.76,516.4,229235
2026-01-13 18:37:00+00:00,1.09,577.2,1339011
2026-01-13 18:38:00+00:00,1.12,585.7,1505687
2026-01-13 18:39:00+00:00,1.17,513.8,196464
2026-01-13 18:40:00+00:00,1.35,485.2,118770
2026-01-13 18:41:00+00:00,0.25,467.8,112424
2026-01-13 18:42:00+00:00,0.64,526.3,329004
2026-01-13 18:43:00+00:00,0.61,524.1,323646
2026-01-13 18:44:00+00:00,0.62,488.0,164505
2026-01-13 18:45:00+00:00,0.75,543.9,335053
2026-01-13 18:46:00+00:00,0.84,541.0,364668
2026-01-13 18:47:00+00:00,0.66,527.2,267939
2026-01-13 18:48:00+00:00,1.53,549.0,249034
2026-01-13 18:49:00+00:00,0.99,545.2,361063
2026-01-13 18:50:00+00:00,0.67,528.0,250564
2026-01-13 18:51:00+00:00,0.59,509.7,197190
2026-01-13 18:52:00+00:00,0.71,525.4,262632
2026-01-13 18:53:00+00:00,0.83,537.0,323778
2026-01-13 18:54:00+00:00,0.79,529.1,308921
2026-01-13 18:55:00+00:00,0.70,512.5,237260
2026-01-13 18:56:00+00:00,0.70,505.9,228875
2026-01-13 18:57:00+00:00,0.80,538.6,319210
2026-01-13 18:58:00+00:00,0.78,517.7,258677
2026-01-13 18:59:00+00:00,0.79,531.8,310062
2026-01-13 19:02:00+00:00,0.69,510.0,192539
2026-01-13 19:03:00+00:00,0.53,489.2,174528
2026-01-13 19:04:00+00:00,0.86,524.9,294219
2026-01-13 19:05:00+00:00,0.81,521.1,264331
2026-01-13 19:06:00+00:00,0.84,521.7,291744
2026-01-13 19:07:00+00:00,0.67,493.7,202975
2026-01-13 19:08:00+00:00,0.69,504.2,229326
2026-01-13 19:09:00+00:00,0.77,525.0,382468
2026-01-13 19:10:00+00:00,0.75,522.5,415612
2026-01-13 19:11:00+00:00,0.62,504.5,299507
2026-01-13 19:12:00+00:00,0.55,493.1,266963
2026-01-13 19:13:00+00:00,0.79,521.9,345032
2026-01-13 19:14:00+00:00,0.72,503.8,218825
2026-01-13 19:15:00+00:00,0.74,502.7,218635
2026-01-13 19:16:00+00:00,0.59,470.0,179171
2026-01-13 19:17:00+00:00,0.82,529.2,452326
2026-01-13 19:18:00+00:00,0.83,538.0,560957
2026-01-13 19:19:00+00:00,1.42,480.6,185299
2026-01-13 19:20:00+00:00,0.85,522.4,449337
2026-01-13 19:21:00+00:00,1.20,502.3,278990
2026-01-13 19:22:00+00:00,0.90,510.1,274424
2026-01-13 19:23:00+00:00,1.22,486.6,222709
2026-01-13 19:24:00+00:00,1.00,498.7,250906
2026-01-13 19:25:00+00:00,0.66,526.1,400747
2026-01-13 19:26:00+00:00,0.74,539.9,590993
2026-01-13 19:27:00+00:00,0.84,534.5,555763
2026-01-13 19:30:00+00:00,0.64,516.8,383606
2026-01-13 19:31:00+00:00,0.56,504.8,351954
2026-01-13 19:32:00+00:00,0.64,510.6,357774
2026-01-13 19:34:00+00:00,0.58,507.5,466818
2026-01-13 19:35:00+00:00,0.42,480.1,306152
2026-01-13 19:36:00+00:00,0.52,512.9,554062
2026-01-13 19:37:00+00:00,1.00,512.7,328512
2026-01-13 19:38:00+00:00,0.46,465.3,148732
2026-01-13 19:39:00+00:00,0.27,447.5,89045
2026-01-13 19:40:00+00:00,0.62,479.8,339226
2026-01-13 19:41:00+00:00,0.70,509.0,468064
2026-01-13 19:42:00+00:00,0.51,503.9,350929
2026-01-13 19:43:00+00:00,0.47,486.1,256830
2026-01-13 19:44:00+00:00,0.53,494.1,343756
2026-01-13 19:45:00+00:00,0.64,531.6,660215
2026-01-13 19:46:00+00:00,0.61,518.5,497868
2026-01-13 19:47:00+00:00,0.23,448.6,112373
2026-01-13 19:48:00+00:00,0.63,535.0,709121
2026-01-13 19:49:00+00:00,0.59,517.3,497164
2026-01-13 19:50:00+00:00,0.60,510.5,392806
2026-01-13 19:51:00+00:00,0.38,450.8,96857
2026-01-13 19:52:00+00:00,0.59,512.8,380200
2026-01-13 19:53:00+00:00,0.55,510.3,316472
2026-01-13 19:54:00+00:00,0.62,514.3,367939
2026-01-13 19:55:00+00:00,0.55,485.8,267400
2026-01-13 19:56:00+00:00,0.56,515.3,576369
2026-01-13 19:57:00+00:00,0.62,544.9,804007
2026-01-13 19:58:00+00:00,0.85,520.8,498407
2026-01-13 19:59:00+00:00,0.93,520.2,295399
2026-01-13 20:00:00+00:00,0.55,552.2,515687
2026-01-13 20:01:00+00:00,0.46,523.8,498556
2026-01-13 20:02:00+00:00,0.27,469.6,140740
2026-01-13 20:03:00+00:00,0.30,472.6,212421
2026-01-13 20:04:00+00:00,0.47,555.5,862984
2026-01-13 20:05:00+00:00,0.45,565.8,869699
2026-01-13 20:06:00+00:00,0.45,,
2026-01-13 20:07:00+00:00,0.38,484.1,243122
2026-01-13 20:08:00+00:00,0.47,510.9,363030
2026-01-13 20:09:00+00:00,0.54,532.9,696471
2026-01-13 20:10:00+00:00,0.52,536.7,715107
2026-01-13 20:11:00+00:00,0.34,485.5,302272
2026-01-13 20:12:00+00:00,0.38,511.4,477096
2026-01-13 20:13:00+00:00,0.49,543.8,767940
2026-01-13 20:14:00+00:00,0.43,512.1,510223
2026-01-13 20:15:00+00:00,0.39,503.1,356552
2026-01-13 20:16:00+00:00,0.46,541.0,656126
2026-01-13 20:17:00+00:00,0.43,541.9,593323
2026-01-13 20:18:00+00:00,0.41,510.1,319933
2026-01-13 20:19:00+00:00,0.39,494.5,344357
2026-01-13 20:20:00+00:00,0.46,542.4,691515
2026-01-13 20:21:00+00:00,0.52,546.2,684447
2026-01-13 20:22:00+00:00,0.44,535.1,621239
2026-01-13 20:23:00+00:00,0.36,475.0,210182
2026-01-13 20:24:00+00:00,0.39,512.1,334670
2026-01-13 20:25:00+00:00,0.46,530.9,479397
2026-01-13 20:26:00+00:00,0.41,507.1,333572
2026-01-13 20:27:00+00:00,0.39,499.6,280656
2026-01-13 20:28:00+00:00,0.48,502.1,280429
2026-01-13 20:29:00+00:00,0.51,498.1,264924
2026-01-13 20:30:00+00:00,0.48,486.9,251882
2026-01-13 20:31:00+00:00,0.54,494.2,351971
2026-01-13 20:32:00+00:00,0.62,523.7,546987
2026-01-13 20:33:00+00:00,0.62,523.4,515866
2026-01-13 20:34:00+00:00,0.59,504.5,342377
2026-01-13 20:35:00+00:00,0.47,466.7,135711
2026-01-13 20:36:00+00:00,0.49,513.3,349273
2026-01-13 20:37:00+00:00,0.60,507.4,380264
2026-01-13 20:38:00+00:00,0.43,469.8,153220
2026-01-13 20:39:00+00:00,0.43,468.5,145391
2026-01-13 20:41:00+00:00,0.41,485.7,314884
2026-01-13 20:42:00+00:00,0.44,471.9,192404
2026-01-13 20:43:00+00:00,0.48,492.1,267626
2026-01-13 20:44:00+00:00,0.55,504.5,331527
2026-01-13 20:45:00+00:00,0.59,502.9,353200
2026-01-13 20:46:00+00:00,0.55,489.7,315841
2026-01-13 20:47:00+00:00,0.49,480.2,233186
2026-01-13 20:48:00+00:00,0.71,513.0,252182
2026-01-13 20:49:00+00:00,1.11,545.3,352500
2026-01-13 20:50:00+00:00,0.53,513.6,544234
2026-01-13 20:51:00+00:00,0.43,511.2,322176
2026-01-13 20:52:00+00:00,0.58,535.3,692424
2026-01-13 20:53:00+00:00,0.61,517.4,355244
2026-01-13 20:54:00+00:00,0.44,486.5,249801
2026-01-13 20:55:00+00:00,0.58,509.9,335047
2026-01-13 20:56:00+00:00,0.64,518.9,503944
2026-01-13 21:55:00+00:00,0.45,551.2,534706
2026-01-13 21:56:00+00:00,0.42,534.0,380877
2026-01-13 21:57:00+00:00,0.47,507.5,277456
2026-01-13 21:58:00+00:00,0.48,522.7,340051
2026-01-13 21:59:00+00:00,0.53,513.3,269588
2026-01-13 22:00:00+00:00,0.42,507.0,318070
2026-01-13 22:01:00+00:00,0.46,507.7,390527
2026-01-13 22:02:00+00:00,0.47,517.2,362510
2026-01-13 22:03:00+00:00,0.52,516.8,306856
2026-01-13 22:04:00+00:00,0.56,516.9,266139
2026-01-13 22:05:00+00:00,0.47,500.9,237929
2026-01-13 22:06:00+00:00,0.43,496.2,254188
2026-01-13 22:07:00+00:00,0.54,521.4,332371
2026-01-13 22:08:00+00:00,0.58,526.1,358360
2026-01-13 22:09:00+00:00,0.50,500.3,260145
2026-01-13 22:10:00+00:00,0.50,489.6,289091
2026-01-13 22:11:00+00:00,0.54,519.0,328963
2026-01-13 22:12:00+00:00,0.53,514.9,308948
2026-01-13 22:13:00+00:00,0.55,522.7,567905
2026-01-13 22:14:00+00:00,0.56,526.3,413739
2026-01-13 22:15:00+00:00,0.59,528.8,478845
2026-01-13 22:16:00+00:00,0.58,521.4,403663
2026-01-13 22:17:00+00:00,0.55,513.3,349806
2026-01-13 22:18:00+00:00,0.54,511.4,338467
2026-01-13 22:19:00+00:00,0.64,555.7,574042
2026-01-13 22:20:00+00:00,0.55,527.0,414328
2026-01-13 22:21:00+00:00,0.49,495.6,344857
2026-01-13 22:22:00+00:00,0.52,504.5,408770
2026-01-13 22:23:00+00:00,0.53,527.3,413352
2026-01-13 22:24:00+00:00,0.52,520.8,359611
2026-01-13 22:25:00+00:00,0.47,511.2,276258
2026-01-13 22:26:00+00:00,0.49,516.9,286199
2026-01-13 22:27:00+00:00,0.50,522.8,310364
2026-01-13 22:28:00+00:00,0.46,517.4,266193
2026-01-13 22:29:00+00:00,0.49,525.7,372726
2026-01-13 22:30:00+00:00,0.57,555.0,638514
2026-01-13 22:31:00+00:00,0.55,531.2,360473
2026-01-13 22:32:00+00:00,0.51,519.9,336884
2026-01-13 22:33:00+00:00,0.50,523.7,371313
2026-01-13 22:34:00+00:00,0.54,542.7,475344
2026-01-13 22:35:00+00:00,0.50,540.7,483948
2026-01-13 22:36:00+00:00,0.44,520.1,377770
2026-01-13 22:37:00+00:00,0.41,496.4,269705
2026-01-13 22:38:00+00:00,0.42,508.4,330326
2026-01-13 22:39:00+00:00,0.46,537.9,426765
2026-01-13 22:40:00+00:00,0.45,520.7,326252
2026-01-13 22:41:00+00:00,0.35,495.9,252790
2026-01-13 22:42:00+00:00,0.41,519.7,301356
2026-01-13 22:43:00+00:00,0.42,515.6,303225
2026-01-13 22:44:00+00:00,0.38,510.6,301959
2026-01-13 22:45:00+00:00,0.52,511.1,349273
2026-01-13 22:46:00+00:00,0.51,529.5,406536
2026-01-13 22:47:00+00:00,0.43,510.3,259310
2026-01-13 22:48:00+00:00,0.41,510.9,243926
2026-01-13 22:49:00+00:00,0.47,510.6,384322
2026-01-13 22:50:00+00:00,0.49,512.3,381853
2026-01-13 22:51:00+00:00,0.50,513.1,362514
2026-01-13 22:52:00+00:00,0.49,516.2,418207
2026-01-13 22:53:00+00:00,0.47,511.1,347284
2026-01-13 22:54:00+00:00,0.46,509.0,290897
2026-01-13 22:55:00+00:00,0.44,507.0,250826
2026-01-13 22:56:00+00:00,0.39,500.3,179205
2026-01-13 22:57:00+00:00,0.42,509.0,256224
2026-01-13 22:58:00+00:00,0.44,513.9,287576
2026-01-13 22:59:00+00:00,0.45,518.5,361190
2026-01-13 23:00:00+00:00,0.45,522.6,495044
2026-01-13 23:01:00+00:00,0.39,505.0,232951
2026-01-13 23:02:00+00:00,0.40,496.6,176890
2026-01-13 23:03:00+00:00,0.44,510.6,344591
2026-01-13 23:04:00+00:00,0.43,495.3,178797
2026-01-13 23:05:00+00:00,0.53,522.6,347079
2026-01-13 23:06:00+00:00,0.53,526.7,401409
2026-01-13 23:07:00+00:00,0.45,512.8,325506
2026-01-13 23:08:00+00:00,0.42,513.6,254575
2026-01-13 23:09:00+00:00,0.39,518.0,255883
2026-01-13 23:10:00+00:00,0.38,515.9,282185
2026-01-13 23:11:00+00:00,0.39,507.2,245538
2026-01-13 23:12:00+00:00,0.38,496.4,185737
2026-01-13 23:13:00+00:00,0.42,503.7,225456
2026-01-13 23:14:00+00:00,0.43,505.6,259179
2026-01-13 23:15:00+00:00,0.40,494.9,160615
2026-01-13 23:16:00+00:00,0.44,502.8,229692
2026-01-13 23:17:00+00:00,0.49,507.3,248805
2026-01-13 23:18:00+00:00,0.47,503.0,183981
2026-01-13 23:19:00+00:00,0.44,509.3,317154
2026-01-13 23:20:00+00:00,0.46,501.2,269665
2026-01-13 23:21:00+00:00,0.47,501.6,281517
2026-01-13 23:22:00+00:00,0.46,505.7,302724
2026-01-13 23:23:00+00:00,0.45,509.9,309542
2026-01-13 23:24:00+00:00,0.45,511.5,310067
2026-01-13 23:25:00+00:00,0.36,500.9,121882
2026-01-13 23:26:00+00:00,0.38,498.0,138095
2026-01-13 23:27:00+00:00,0.43,498.0,219081
2026-01-13 23:28:00+00:00,0.45,501.4,284979
2026-01-13 23:29:00+00:00,0.43,496.2,211744
2026-01-13 23:30:00+00:00,0.45,500.0,241318
2026-01-13 23:31:00+00:00,0.41,492.6,171606
2026-01-13 23:32:00+00:00,0.47,499.4,277902
2026-01-13 23:33:00+00:00,0.46,505.6,318230
2026-01-13 23:34:00+00:00,0.42,494.8,166716
2026-01-13 23:35:00+00:00,0.37,491.8,155633
2026-01-13 23:36:00+00:00,0.43,499.6,201053
2026-01-13 23:37:00+00:00,0.43,501.1,230947
2026-01-13 23:38:00+00:00,0.46,501.3,251524
2026-01-13 23:39:00+00:00,0.47,504.6,254028
2026-01-13 23:40:00+00:00,0.46,502.3,232405
2026-01-13 23:41:00+00:00,0.44,500.2,241843
2026-01-13 23:42:00+00:00,0.45,501.6,253235
2026-01-13 23:43:00+00:00,0.47,503.2,235830
2026-01-13 23:44:00+00:00,0.46,504.2,240662
2026-01-13 23:45:00+00:00,0.44,501.4,236976
2026-01-13 23:46:00+00:00,0.42,500.3,191840
2026-01-13 23:47:00+00:00,0.45,505.0,244358
2026-01-13 23:48:00+00:00,0.48,498.9,279493
2026-01-13 23:49:00+00:00,0.46,503.0,293932
2026-01-13 23:50:00+00:00,0.46,501.5,222931
2026-01-13 23:51:00+00:00,0.47,502.3,252531
2026-01-13 23:52:00+00:00,0.45,498.7,248465
2026-01-13 23:53:00+00:00,0.46,500.5,244963
2026-01-13 23:54:00+00:00,0.43,497.3,211174
2026-01-13 23:55:00+00:00,0.43,496.9,206318
2026-01-13 23:56:00+00:00,0.43,499.3,229948
2026-01-13 23:57:00+00:00,0.42,500.6,243871
2026-01-13 23:58:00+00:00,0.41,498.2,217858
2026-01-13 23:59:00+00:00,0.41,496.9,209627
2026-01-14 00:00:00+00:00,0.41,495.4,198975
2026-01-14 00:01:00+00:00,0.43,497.7,206467
2026-01-14 00:02:00+00:00,0.43,499.8,202826
2026-01-14 00:03:00+00:00,0.43,500.9,202967
2026-01-14 00:04:00+00:00,0.45,503.2,247341
2026-01-14 00:05:00+00:00,0.49,506.4,286435
2026-01-14 00:06:00+00:00,0.43,511.0,326329
2026-01-14 00:07:00+00:00,0.47,501.4,265651
2026-01-14 00:08:00+00:00,0.41,496.0,185242
2026-01-14 00:09:00+00:00,0.44,501.4,214573
2026-01-14 00:10:00+00:00,0.45,504.5,205720
2026-01-14 00:11:00+00:00,0.47,501.1,182061
2026-01-14 00:12:00+00:00,0.48,500.9,202768
2026-01-14 00:13:00+00:00,0.48,505.9,240046
2026-01-14 00:14:00+00:00,0.46,507.7,247245
2026-01-14 00:15:00+00:00,0.45,503.0,225873
2026-01-14 00:16:00+00:00,0.47,501.6,226168
2026-01-14 00:17:00+00:00,0.45,509.4,274681
2026-01-14 00:18:00+00:00,0.45,510.0,273564
2026-01-14 00:19:00+00:00,0.46,507.6,203739
2026-01-14 00:20:00+00:00,0.48,508.4,190090
2026-01-14 00:21:00+00:00,0.43,506.8,228268
2026-01-14 00:22:00+00:00,0.41,498.3,182767
2026-01-14 00:23:00+00:00,0.46,505.5,219437
2026-01-14 00:24:00+00:00,0.42,500.6,180460
2026-01-14 00:25:00+00:00,0.45,506.4,224463
2026-01-14 00:26:00+00:00,0.43,510.9,271628
2026-01-14 00:27:00+00:00,0.43,507.0,227325
2026-01-14 00:28:00+00:00,0.47,505.5,213159
2026-01-14 00:29:00+00:00,0.51,506.6,246636
2026-01-14 00:30:00+00:00,0.51,506.7,265423
2026-01-14 00:31:00+00:00,0.41,500.4,186939
2026-01-14 00:32:00+00:00,0.38,498.8,173285
2026-01-14 00:33:00+00:00,0.32,492.9,134330
2026-01-14 00:34:00+00:00,0.35,489.8,135400
2026-01-14 00:35:00+00:00,0.43,509.5,261834
2026-01-14 00:36:00+00:00,0.46,507.3,300041
2026-01-14 00:37:00+00:00,0.44,506.8,230107
2026-01-14 00:38:00+00:00,0.39,506.0,270713
2026-01-14 00:39:00+00:00,0.41,506.7,208785
2026-01-14 00:40:00+00:00,0.39,501.5,196730
2026-01-14 00:41:00+00:00,0.43,502.1,206025
2026-01-14 00:42:00+00:00,0.43,502.9,186348
2026-01-14 00:43:00+00:00,0.45,509.4,248612
2026-01-14 00:44:00+00:00,0.44,504.1,233586
2026-01-14 00:45:00+00:00,0.43,498.1,186165
2026-01-14 00:46:00+00:00,0.43,501.0,189356
2026-01-14 00:47:00+00:00,0.44,503.0,202406
2026-01-14 00:48:00+00:00,0.45,499.7,195231
2026-01-14 00:49:00+00:00,0.44,494.4,160527
2026-01-14 00:50:00+00:00,0.43,495.7,154782
2026-01-14 00:51:00+00:00,0.43,503.6,184368
2026-01-14 00:52:00+00:00,0.43,500.5,197400
2026-01-14 00:53:00+00:00,0.43,500.6,163123
2026-01-14 00:54:00+00:00,0.38,498.6,169552
2026-01-14 00:55:00+00:00,0.44,502.3,185529
2026-01-14 00:56:00+00:00,0.38,494.8,141505
2026-01-14 00:57:00+00:00,0.42,501.1,163109
2026-01-14 00:58:00+00:00,0.41,500.4,151465
2026-01-14 00:59:00+00:00,0.42,501.1,169853
2026-01-14 01:00:00+00:00,0.44,503.2,224880
2026-01-14 01:01:00+00:00,0.42,495.2,188127
2026-01-14 01:02:00+00:00,0.39,488.0,124888
2026-01-14 01:03:00+00:00,0.39,490.0,129423
2026-01-14 01:04:00+00:00,0.42,493.7,131290
2026-01-14 01:05:00+00:00,0.40,491.2,124598
2026-01-14 01:06:00+00:00,0.36,487.3,145704
2026-01-14 01:07:00+00:00,0.47,507.1,341997
2026-01-14 01:08:00+00:00,0.47,497.0,168515
2026-01-14 01:09:00+00:00,0.41,496.8,141477
2026-01-14 01:10:00+00:00,0.45,494.7,146986
2026-01-14 01:11:00+00:00,0.46,496.0,172319
2026-01-14 01:12:00+00:00,0.50,506.5,278182
2026-01-14 01:13:00+00:00,0.47,507.0,182359
2026-01-14 01:14:00+00:00,0.45,500.9,155084
2026-01-14 01:15:00+00:00,0.41,503.4,158230
2026-01-14 01:16:00+00:00,0.43,500.8,162132
2026-01-14 01:17:00+00:00,0.38,499.7,151366
2026-01-14 01:18:00+00:00,0.35,500.6,159164
2026-01-14 01:19:00+00:00,0.42,500.1,201031
2026-01-14 01:20:00+00:00,0.46,508.6,296038
2026-01-14 01:21:00+00:00,0.48,513.6,391006
2026-01-14 01:22:00+00:00,0.38,498.8,167088
2026-01-14 01:23:00+00:00,0.47,498.5,230323
2026-01-14 01:24:00+00:00,0.38,494.7,174901
2026-01-14 01:25:00+00:00,0.41,496.5,146377
2026-01-14 01:26:00+00:00,0.36,503.9,155266
2026-01-14 01:27:00+00:00,0.40,498.2,185446
2026-01-14 01:28:00+00:00,0.41,496.1,155242
2026-01-14 01:29:00+00:00,0.48,514.5,362316
2026-01-14 01:30:00+00:00,0.44,509.5,263817
2026-01-14 01:31:00+00:00,0.43,502.6,189523
2026-01-14 01:32:00+00:00,0.43,504.2,177484
2026-01-14 01:33:00+00:00,0.40,502.0,163526
2026-01-14 01:34:00+00:00,0.37,499.0,156799
2026-01-14 01:35:00+00:00,0.38,496.2,153059
2026-01-14 01:36:00+00:00,0.41,488.1,146863
2026-01-14 01:37:00+00:00,0.42,496.6,165624
2026-01-14 01:38:00+00:00,0.43,497.4,179445
2026-01-14 01:39:00+00:00,0.47,501.6,257038
2026-01-14 01:40:00+00:00,0.49,503.4,328494
2026-01-14 01:41:00+00:00,0.43,502.1,184612
2026-01-14 01:42:00+00:00,0.44,500.5,212341
2026-01-14 01:43:00+00:00,0.42,486.7,138468
2026-01-14 01:44:00+00:00,0.41,486.2,140275
2026-01-14 01:45:00+00:00,0.40,484.6,135292
2026-01-14 01:46:00+00:00,0.43,497.2,192903
2026-01-14 01:47:00+00:00,0.48,500.9,216697
2026-01-14 01:48:00+00:00,0.46,502.6,233754
2026-01-14 01:49:00+00:00,0.44,507.7,259864
2026-01-14 01:50:00+00:00,0.45,508.8,253308
2026-01-14 01:51:00+00:00,0.45,506.2,237553
2026-01-14 01:52:00+00:00,0.44,506.4,266035
2026-01-14 01:53:00+00:00,0.43,507.0,290121
2026-01-14 01:54:00+00:00,0.50,501.7,261895
2026-01-14 01:55:00+00:00,0.47,500.2,226965
2026-01-14 01:56:00+00:00,0.49,498.6,198134
2026-01-14 01:57:00+00:00,0.39,499.4,246330
2026-01-14 01:58:00+00:00,0.49,496.1,166791
2026-01-14 01:59:00+00:00,0.45,501.5,288191
2026-01-14 02:00:00+00:00,0.49,497.4,213217
2026-01-14 02:01:00+00:00,0.46,496.3,196238
2026-01-14 02:02:00+00:00,0.46,495.1,195228
2026-01-14 02:03:00+00:00,0.42,487.8,151184
2026-01-14 02:04:00+00:00,0.47,494.9,223172
2026-01-14 02:05:00+00:00,0.50,498.6,232763
2026-01-14 02:06:00+00:00,0.47,489.6,155640
2026-01-14 02:07:00+00:00,0.49,488.2,182275
2026-01-14 02:08:00+00:00,0.50,495.5,248814
2026-01-14 02:09:00+00:00,0.46,496.1,231368
2026-01-14 02:10:00+00:00,0.41,482.8,106943
2026-01-14 02:11:00+00:00,0.41,483.4,111884
2026-01-14 02:12:00+00:00,0.46,489.0,157766
2026-01-14 02:13:00+00:00,0.42,493.7,198762
2026-01-14 02:14:00+00:00,0.45,495.1,205124
2026-01-14 02:15:00+00:00,0.45,498.3,224997
2026-01-14 02:16:00+00:00,0.44,498.2,201047
2026-01-14 02:17:00+00:00,0.51,498.1,194860
2026-01-14 02:18:00+00:00,0.53,501.0,182828
2026-01-14 02:19:00+00:00,0.50,500.8,206714
2026-01-14 02:20:00+00:00,0.49,493.3,170827
2026-01-14 02:21:00+00:00,0.52,493.1,174865
2026-01-14 02:22:00+00:00,0.50,493.8,200573
2026-01-14 02:23:00+00:00,0.43,490.3,195718
2026-01-14 02:24:00+00:00,0.40,491.5,205968
2026-01-14 02:25:00+00:00,0.40,488.0,166426
2026-01-14 02:26:00+00:00,0.43,493.8,219800
2026-01-14 02:27:00+00:00,0.43,495.7,232388
2026-01-14 02:28:00+00:00,0.39,486.3,143599
2026-01-14 02:29:00+00:00,0.40,481.5,120952
2026-01-14 02:30:00+00:00,0.43,485.5,147622
2026-01-14 02:31:00+00:00,0.40,495.1,181494
2026-01-14 02:32:00+00:00,0.38,497.5,207867
2026-01-14 02:33:00+00:00,0.35,495.7,166826
2026-01-14 02:34:00+00:00,0.36,493.8,199506
2026-01-14 02:35:00+00:00,0.36,494.4,201728
2026-01-14 02:36:00+00:00,0.33,494.0,203832
2026-01-14 02:37:00+00:00,0.34,491.8,193506
2026-01-14 02:38:00+00:00,0.35,489.6,172659
2026-01-14 02:39:00+00:00,0.33,488.5,158101
2026-01-14 02:40:00+00:00,0.32,490.6,138306
2026-01-14 02:41:00+00:00,0.31,495.4,155036
2026-01-14 02:42:00+00:00,0.40,494.7,187411
2026-01-14 02:43:00+00:00,0.37,502.4,197497
2026-01-14 02:44:00+00:00,0.37,502.4,197887
2026-01-14 02:45:00+00:00,0.30,503.6,209205
2026-01-14 02:46:00+00:00,0.27,506.7,220549
2026-01-14 02:47:00+00:00,0.29,506.6,219743
2026-01-14 02:48:00+00:00,0.24,511.5,251309
2026-01-14 02:49:00+00:00,0.25,513.9,235610
2026-01-14 02:50:00+00:00,0.18,540.5,413682
2026-01-14 02:51:00+00:00,0.17,539.8,357568
2026-01-14 02:52:00+00:00,0.19,527.0,223443
2026-01-14 02:53:00+00:00,0.24,515.5,198587
2026-01-14 02:54:00+00:00,0.28,507.0,223953
2026-01-14 02:55:00+00:00,0.22,484.8,161769
2026-01-14 02:56:00+00:00,0.20,466.1,100964
2026-01-14 02:57:00+00:00,0.36,504.2,245765
2026-01-14 02:58:00+00:00,0.37,504.0,230678
2026-01-14 02:59:00+00:00,0.35,500.9,217334
2026-01-14 03:00:00+00:00,0.37,489.9,215824
2026-01-14 03:01:00+00:00,0.39,497.0,176219
2026-01-14 03:02:00+00:00,0.39,500.9,276696
2026-01-14 03:03:00+00:00,0.42,494.4,193535
2026-01-14 03:04:00+00:00,0.37,492.1,219560
2026-01-14 03:05:00+00:00,0.36,498.5,228175
2026-01-14 03:06:00+00:00,0.40,501.5,227260
2026-01-14 03:07:00+00:00,0.41,504.7,215485
2026-01-14 03:08:00+00:00,0.37,502.2,195645
2026-01-14 03:09:00+00:00,0.36,500.3,209719
2026-01-14 03:10:00+00:00,0.37,499.1,232163
2026-01-14 03:11:00+00:00,0.39,495.9,228175
2026-01-14 03:12:00+00:00,0.38,496.8,220120
2026-01-14 03:13:00+00:00,0.36,500.5,217147
2026-01-14 03:14:00+00:00,0.42,507.4,247930
2026-01-14 03:15:00+00:00,0.46,518.0,245998
2026-01-14 03:18:00+00:00,0.47,508.5,250569
2026-01-14 03:19:00+00:00,0.38,496.3,159259
2026-01-14 03:20:00+00:00,0.44,516.4,384998
2026-01-14 03:21:00+00:00,0.41,509.5,240623
2026-01-14 03:22:00+00:00,0.51,514.4,200139
2026-01-14 03:23:00+00:00,0.41,497.2,162169
2026-01-14 03:24:00+00:00,0.34,488.2,147539
2026-01-14 03:25:00+00:00,0.34,489.1,156912
2026-01-14 03:26:00+00:00,0.36,493.1,192514
2026-01-14 03:27:00+00:00,0.36,495.3,203390
2026-01-14 03:28:00+00:00,0.33,489.1,171145
2026-01-14 03:29:00+00:00,0.36,492.2,220029
2026-01-14 03:30:00+00:00,0.34,487.2,174042
2026-01-14 03:31:00+00:00,0.38,491.0,226455
2026-01-14 03:32:00+00:00,0.29,483.5,149304
2026-01-14 03:33:00+00:00,0.49,498.6,193076
2026-01-14 03:34:00+00:00,0.57,500.9,183202
2026-01-14 03:35:00+00:00,0.57,504.6,210995
2026-01-14 03:36:00+00:00,0.48,499.9,148409
2026-01-14 03:37:00+00:00,0.49,497.3,170788
2026-01-14 03:38:00+00:00,0.54,504.1,177523
2026-01-14 03:39:00+00:00,0.57,507.3,152799
2026-01-14 03:40:00+00:00,0.52,499.3,142176
2026-01-14 03:41:00+00:00,0.49,498.1,150375
2026-01-14 03:42:00+00:00,0.47,502.7,170052
2026-01-14 03:43:00+00:00,0.44,503.1,176151
2026-01-14 03:44:00+00:00,0.47,505.1,182565
2026-01-14 03:45:00+00:00,0.48,505.3,236734
2026-01-14 03:46:00+00:00,0.49,502.2,198657
2026-01-14 03:47:00+00:00,0.48,495.2,136484
2026-01-14 03:48:00+00:00,0.49,499.6,178658
2026-01-14 03:50:00+00:00,0.46,507.2,146886
2026-01-14 03:51:00+00:00,0.47,506.9,201361
2026-01-14 03:52:00+00:00,0.43,499.4,151640
2026-01-14 03:53:00+00:00,0.45,491.6,114574
2026-01-14 03:54:00+00:00,0.54,509.6,302174
2026-01-14 03:55:00+00:00,0.50,508.2,236057
2026-01-14 03:56:00+00:00,0.54,504.9,194189
2026-01-14 03:57:00+00:00,0.55,501.6,175056
2026-01-14 04:00:00+00:00,0.38,509.9,247364
2026-01-14 04:01:00+00:00,0.39,510.9,232591
2026-01-14 04:02:00+00:00,0.41,512.3,181382
2026-01-14 04:03:00+00:00,0.36,504.0,166916
2026-01-14 04:04:00+00:00,0.38,501.5,158381
2026-01-14 04:05:00+00:00,0.43,503.3,201366
2026-01-14 04:06:00+00:00,0.43,505.5,210998
2026-01-14 04:07:00+00:00,0.35,496.3,161179
2026-01-14 04:08:00+00:00,0.41,502.8,178407
2026-01-14 04:09:00+00:00,0.41,513.1,288151
2026-01-14 04:10:00+00:00,0.44,507.4,215864
2026-01-14 04:11:00+00:00,0.41,501.3,191766
2026-01-14 04:12:00+00:00,0.46,502.4,208002
2026-01-14 04:13:00+00:00,0.49,502.4,197674
2026-01-14 04:14:00+00:00,0.46,500.5,187871
2026-01-14 04:15:00+00:00,0.46,502.4,201819
2026-01-14 04:16:00+00:00,0.48,506.7,217584
2026-01-14 04:17:00+00:00,0.50,516.5,248748
2026-01-14 04:18:00+00:00,0.46,538.6,332740
2026-01-14 04:19:00+00:00,0.53,527.8,249639
2026-01-14 04:20:00+00:00,0.49,513.0,233082
2026-01-14 04:21:00+00:00,0.55,532.6,424328
2026-01-14 04:22:00+00:00,0.55,,
2026-01-14 04:23:00+00:00,0.37,494.9,188574
2026-01-14 04:24:00+00:00,0.47,493.2,168710
2026-01-14 04:25:00+00:00,0.38,485.3,149076
2026-01-14 04:26:00+00:00,0.36,490.5,175350
2026-01-14 04:27:00+00:00,0.33,495.6,191444
2026-01-14 04:28:00+00:00,0.35,494.8,198716
2026-01-14 04:29:00+00:00,0.36,493.2,200106
2026-01-14 04:30:00+00:00,0.35,493.9,205057
2026-01-14 04:31:00+00:00,0.35,495.5,208093
2026-01-14 04:32:00+00:00,0.33,495.3,193549
2026-01-14 04:33:00+00:00,0.35,492.3,193478
2026-01-14 04:34:00+00:00,0.34,493.8,210664
2026-01-14 04:35:00+00:00,0.35,495.6,222458
2026-01-14 04:36:00+00:00,0.35,495.3,224699
2026-01-14 04:37:00+00:00,0.35,495.3,201423
2026-01-14 04:38:00+00:00,0.32,496.1,206195
2026-01-14 04:39:00+00:00,0.32,500.3,213288
2026-01-14 04:40:00+00:00,0.31,497.4,213520
2026-01-14 04:41:00+00:00,0.34,495.8,217032
2026-01-14 04:42:00+00:00,0.33,497.0,204929
2026-01-14 04:43:00+00:00,0.32,498.7,189517
2026-01-14 04:44:00+00:00,0.32,498.2,183646
2026-01-14 04:45:00+00:00,0.36,495.2,188056
2026-01-14 04:46:00+00:00,0.38,492.9,187035
2026-01-14 04:47:00+00:00,0.38,494.4,181757
2026-01-14 04:48:00+00:00,0.39,495.8,190470
2026-01-14 04:49:00+00:00,0.36,493.9,194019
2026-01-14 04:50:00+00:00,0.33,495.7,167248
2026-01-14 04:51:00+00:00,0.30,493.1,175518
2026-01-14 04:52:00+00:00,0.34,494.3,195176
2026-01-14 04:53:00+00:00,0.31,496.6,206760
2026-01-14 04:54:00+00:00,0.35,492.3,187280
2026-01-14 04:55:00+00:00,0.35,492.2,186608
2026-01-14 04:56:00+00:00,0.32,496.1,210590
2026-01-14 04:57:00+00:00,0.36,492.6,184802
2026-01-14 04:58:00+00:00,0.34,492.3,189814
2026-01-14 04:59:00+00:00,0.34,493.8,185557
2026-01-14 05:00:00+00:00,0.33,493.6,175429
2026-01-14 05:01:00+00:00,0.32,493.9,176443
2026-01-14 05:02:00+00:00,0.32,493.7,183596
2026-01-14 05:03:00+00:00,0.32,493.6,187778
2026-01-14 05:04:00+00:00,0.32,494.3,184812
2026-01-14 05:05:00+00:00,0.29,489.5,171837
2026-01-14 05:06:00+00:00,0.30,489.7,162788
2026-01-14 05:07:00+00:00,0.29,497.0,177761
2026-01-14 05:08:00+00:00,0.32,493.7,197046
2026-01-14 05:09:00+00:00,0.29,497.6,183472
2026-01-14 05:10:00+00:00,0.35,491.5,197608
2026-01-14 05:11:00+00:00,0.33,494.9,204798
2026-01-14 05:12:00+00:00,0.30,491.1,180562
2026-01-14 05:13:00+00:00,0.30,494.0,180943
2026-01-14 05:14:00+00:00,0.30,493.1,175146
2026-01-14 05:15:00+00:00,0.31,490.1,159347
2026-01-14 05:16:00+00:00,0.34,490.2,171628
2026-01-14 05:17:00+00:00,0.35,489.7,187061
2026-01-14 05:18:00+00:00,0.34,490.3,183171
2026-01-14 05:19:00+00:00,0.32,490.3,169371
2026-01-14 05:20:00+00:00,0.32,487.7,164483
2026-01-14 05:21:00+00:00,0.33,493.0,185351
2026-01-14 05:22:00+00:00,0.33,494.3,182243
2026-01-14 05:23:00+00:00,0.32,494.0,168883
2026-01-14 05:24:00+00:00,0.27,482.8,124504
2026-01-14 05:25:00+00:00,0.29,484.8,127035
2026-01-14 05:26:00+00:00,0.31,487.7,172314
2026-01-14 05:27:00+00:00,0.32,492.7,171545
2026-01-14 05:28:00+00:00,0.32,493.3,171286
2026-01-14 05:29:00+00:00,0.28,502.3,148765
2026-01-14 05:30:00+00:00,0.27,500.7,171601
2026-01-14 05:31:00+00:00,0.28,493.0,145636
2026-01-14 05:32:00+00:00,0.33,487.7,161650
2026-01-14 05:33:00+00:00,0.39,484.0,165763
2026-01-14 05:34:00+00:00,0.42,482.8,135046
2026-01-14 05:35:00+00:00,0.39,485.0,141199
2026-01-14 05:36:00+00:00,0.36,486.4,181809
2026-01-14 05:37:00+00:00,0.36,485.7,197148
2026-01-14 05:38:00+00:00,0.39,477.7,134736
2026-01-14 05:39:00+00:00,0.41,477.8,140625
2026-01-14 05:40:00+00:00,0.43,485.7,191085
2026-01-14 05:41:00+00:00,0.40,485.2,196803
2026-01-14 05:42:00+00:00,0.36,491.7,191761
2026-01-14 05:43:00+00:00,0.32,487.7,140531
2026-01-14 05:44:00+00:00,0.34,487.7,154631
2026-01-14 05:45:00+00:00,0.33,482.4,130944
2026-01-14 05:46:00+00:00,0.32,481.1,137292
2026-01-14 05:47:00+00:00,0.37,480.5,134208
2026-01-14 05:48:00+00:00,0.47,489.1,261922
2026-01-14 05:49:00+00:00,0.49,499.0,367578
2026-01-14 05:50:00+00:00,0.40,492.3,259613
2026-01-14 05:51:00+00:00,0.33,481.3,145847
2026-01-14 05:52:00+00:00,0.33,480.9,174801
2026-01-14 05:53:00+00:00,0.28,479.1,124231
2026-01-14 05:54:00+00:00,0.27,498.8,173667
2026-01-14 05:55:00+00:00,0.30,501.1,228568
2026-01-14 05:56:00+00:00,0.32,510.6,346975
2026-01-14 05:57:00+00:00,0.40,490.5,175470
2026-01-14 05:58:00+00:00,0.29,507.7,312869
2026-01-14 05:59:00+00:00,0.43,472.4,132699
2026-01-14 06:00:00+00:00,0.47,474.3,128661
2026-01-14 06:01:00+00:00,0.47,475.5,131963
2026-01-14 06:02:00+00:00,0.39,501.4,152628
2026-01-14 06:03:00+00:00,0.39,507.4,294074
2026-01-14 06:04:00+00:00,0.46,509.3,375026
2026-01-14 06:05:00+00:00,0.48,509.7,371717
2026-01-14 06:06:00+00:00,0.48,506.2,327584
2026-01-14 06:07:00+00:00,0.51,492.9,226205
2026-01-14 06:08:00+00:00,0.51,483.4,144047
2026-01-14 06:09:00+00:00,0.52,487.3,135574
2026-01-14 06:10:00+00:00,0.42,484.7,119230
2026-01-14 06:11:00+00:00,0.55,480.7,146461
2026-01-14 06:12:00+00:00,0.50,481.2,176866
2026-01-14 06:13:00+00:00,0.47,487.3,157718
2026-01-14 06:14:00+00:00,0.46,487.8,139780
2026-01-14 06:15:00+00:00,0.52,486.9,167930
2026-01-14 06:16:00+00:00,0.51,483.2,130796
2026-01-14 06:17:00+00:00,0.51,498.3,224854
2026-01-14 06:18:00+00:00,0.40,513.0,281178
2026-01-14 06:19:00+00:00,0.34,516.5,260891
2026-01-14 06:20:00+00:00,0.31,500.9,189060
2026-01-14 06:21:00+00:00,0.33,495.5,197824
2026-01-14 06:22:00+00:00,0.36,501.7,236197
2026-01-14 06:23:00+00:00,0.35,499.7,199759
2026-01-14 06:24:00+00:00,0.37,499.6,191722
2026-01-14 06:25:00+00:00,0.35,505.8,237210
2026-01-14 06:26:00+00:00,0.32,495.8,172055
2026-01-14 06:27:00+00:00,0.32,497.3,204767
2026-01-14 06:28:00+00:00,0.33,500.3,220332
2026-01-14 06:29:00+00:00,0.33,510.3,351651
2026-01-14 06:30:00+00:00,0.29,499.5,171271
2026-01-14 06:31:00+00:00,0.33,495.0,196557
2026-01-14 06:32:00+00:00,0.25,499.3,142838
2026-01-14 06:33:00+00:00,0.35,498.4,153892
2026-01-14 06:34:00+00:00,0.39,497.9,160739
2026-01-14 06:35:00+00:00,0.44,488.3,158922
2026-01-14 06:36:00+00:00,0.46,473.7,129114
2026-01-14 06:37:00+00:00,0.43,470.6,122542
2026-01-14 06:38:00+00:00,0.41,475.1,128103
2026-01-14 06:39:00+00:00,0.45,470.5,116616
2026-01-14 06:40:00+00:00,0.46,473.0,127301
2026-01-14 06:41:00+00:00,0.46,478.7,141667
2026-01-14 06:42:00+00:00,0.48,479.9,144682
2026-01-14 06:43:00+00:00,0.50,478.0,171149
2026-01-14 06:44:00+00:00,0.43,485.1,174475
2026-01-14 06:45:00+00:00,0.48,492.0,178311
2026-01-14 06:46:00+00:00,0.40,477.4,136805
2026-01-14 06:47:00+00:00,0.49,480.2,155162
2026-01-14 06:48:00+00:00,0.51,484.4,208605
2026-01-14 06:49:00+00:00,0.52,485.6,179963
2026-01-14 06:50:00+00:00,0.53,483.3,156971
2026-01-14 06:51:00+00:00,0.60,485.4,172136
2026-01-14 06:52:00+00:00,0.66,491.5,259629
2026-01-14 06:53:00+00:00,0.60,488.6,220973
2026-01-14 06:54:00+00:00,0.57,483.8,148763
2026-01-14 06:55:00+00:00,0.62,486.4,194026
2026-01-14 06:56:00+00:00,0.66,489.6,232775
2026-01-14 06:57:00+00:00,0.63,491.4,236974
2026-01-14 06:58:00+00:00,0.55,482.2,128693
2026-01-14 06:59:00+00:00,0.49,474.2,130829
2026-01-14 07:00:00+00:00,0.50,475.7,138733
2026-01-14 07:01:00+00:00,0.50,474.4,131316
2026-01-14 07:02:00+00:00,0.55,471.4,114899
2026-01-14 07:03:00+00:00,0.50,470.5,113075
2026-01-14 07:04:00+00:00,0.49,475.3,138894
2026-01-14 07:05:00+00:00,0.42,472.6,130573
2026-01-14 07:06:00+00:00,0.49,471.9,132157
2026-01-14 07:07:00+00:00,0.53,472.1,134598
2026-01-14 07:08:00+00:00,0.56,475.4,153009
2026-01-14 07:09:00+00:00,0.53,476.4,139476
2026-01-14 07:10:00+00:00,0.52,475.2,120870
2026-01-14 07:11:00+00:00,0.54,472.9,117085
2026-01-14 07:12:00+00:00,0.53,475.2,128291
2026-01-14 07:13:00+00:00,0.52,477.0,135379
2026-01-14 07:14:00+00:00,0.51,472.5,113878
2026-01-14 07:15:00+00:00,0.57,473.7,131366
2026-01-14 07:16:00+00:00,0.53,475.1,134415
2026-01-14 07:17:00+00:00,0.45,475.3,126483
2026-01-14 07:18:00+00:00,0.54,477.2,174755
2026-01-14 07:19:00+00:00,0.53,476.9,134316
2026-01-14 07:20:00+00:00,0.47,470.5,115857
2026-01-14 07:21:00+00:00,0.53,474.1,128683
2026-01-14 07:22:00+00:00,0.56,475.5,133426
2026-01-14 07:23:00+00:00,0.65,485.3,220190
2026-01-14 07:24:00+00:00,0.65,485.3,220190
2026-01-14 08:16:00+00:00,0.49,469.4,96231
2026-01-14 08:17:00+00:00,0.50,468.9,97361
2026-01-14 08:18:00+00:00,0.52,468.1,107866
2026-01-14 08:19:00+00:00,0.53,471.8,139132
2026-01-14 08:20:00+00:00,0.44,468.0,114534
2026-01-14 08:21:00+00:00,0.47,464.5,107041
2026-01-14 08:22:00+00:00,0.48,466.1,106000
2026-01-14 08:23:00+00:00,0.49,468.8,96225
2026-01-14 08:24:00+00:00,0.43,468.6,97326
2026-01-14 08:25:00+00:00,0.51,485.2,279583
2026-01-14 08:26:00+00:00,0.54,490.8,362764
2026-01-14 08:27:00+00:00,0.47,474.0,193745
2026-01-14 08:28:00+00:00,0.44,467.5,106432
2026-01-14 08:29:00+00:00,0.45,471.7,119237
2026-01-14 08:30:00+00:00,0.46,473.2,118700
2026-01-14 08:31:00+00:00,0.46,468.0,105824
2026-01-14 08:32:00+00:00,0.49,477.2,205529
2026-01-14 08:33:00+00:00,0.54,491.7,359729
2026-01-14 08:34:00+00:00,0.48,469.4,104295
2026-01-14 08:35:00+00:00,0.47,471.3,114706
2026-01-14 08:36:00+00:00,0.44,469.6,104506
2026-01-14 08:37:00+00:00,0.50,468.8,112694
2026-01-14 08:38:00+00:00,0.53,465.8,104654
2026-01-14 08:39:00+00:00,0.58,490.4,360885
2026-01-14 08:40:00+00:00,0.49,476.2,161082
2026-01-14 08:41:00+00:00,0.47,468.8,105876
2026-01-14 08:42:00+00:00,0.51,469.1,113974
2026-01-14 08:43:00+00:00,0.52,472.7,121443
2026-01-14 08:44:00+00:00,0.54,475.9,128592
2026-01-14 08:45:00+00:00,0.58,476.8,128577
2026-01-14 08:46:00+00:00,0.60,476.6,124313
2026-01-14 08:47:00+00:00,0.96,520.7,328132
2026-01-14 08:48:00+00:00,0.77,507.2,293316
2026-01-14 08:49:00+00:00,0.40,480.7,226551
2026-01-14 08:50:00+00:00,0.66,499.0,279474
2026-01-14 08:51:00+00:00,0.78,506.4,313019
2026-01-14 08:52:00+00:00,0.73,505.6,362597
2026-01-14 08:53:00+00:00,0.26,456.3,57041
2026-01-14 08:54:00+00:00,0.61,475.4,103736
2026-01-14 08:55:00+00:00,0.59,472.1,98509
2026-01-14 08:56:00+00:00,0.76,480.5,136655
2026-01-14 08:57:00+00:00,0.56,467.7,150665
2026-01-14 08:58:00+00:00,0.54,484.4,242779
2026-01-14 08:59:00+00:00,0.64,504.9,337300
2026-01-14 09:00:00+00:00,0.55,493.8,232398
2026-01-14 09:01:00+00:00,0.47,480.9,125441
2026-01-14 09:02:00+00:00,0.55,484.9,144541
2026-01-14 09:03:00+00:00,0.55,487.8,200685
2026-01-14 09:04:00+00:00,0.39,475.2,192527
2026-01-14 09:05:00+00:00,0.43,458.8,69398
2026-01-14 09:06:00+00:00,0.65,480.3,113549
2026-01-14 09:07:00+00:00,0.72,488.5,152789
2026-01-14 09:08:00+00:00,0.69,491.6,136411
2026-01-14 09:09:00+00:00,0.35,469.8,147631
2026-01-14 09:10:00+00:00,0.59,513.0,284490
2026-01-14 09:11:00+00:00,0.61,530.0,324910
2026-01-14 09:12:00+00:00,0.80,532.2,217854
2026-01-14 09:13:00+00:00,1.65,520.1,175992
2026-01-14 09:14:00+00:00,1.51,508.2,137731
2026-01-14 09:15:00+00:00,1.12,503.1,141376
2026-01-14 09:16:00+00:00,0.72,491.9,122174
2026-01-14 09:17:00+00:00,0.83,494.9,133146
2026-01-14 09:18:00+00:00,1.20,507.1,169514
2026-01-14 09:19:00+00:00,1.27,509.1,173404
2026-01-14 09:20:00+00:00,0.64,472.4,101064
2026-01-14 09:21:00+00:00,0.78,480.6,118975
2026-01-14 09:22:00+00:00,1.21,513.3,181973
2026-01-14 09:23:00+00:00,1.23,539.6,198322
2026-01-14 09:24:00+00:00,1.46,520.6,155901
2026-01-14 09:25:00+00:00,0.67,486.8,70238
2026-01-14 09:26:00+00:00,0.76,514.1,196944
2026-01-14 09:27:00+00:00,0.98,508.8,234786
2026-01-14 09:28:00+00:00,0.80,493.5,140264
2026-01-14 09:29:00+00:00,1.13,528.7,149809
2026-01-14 09:30:00+00:00,1.30,536.4,153062
2026-01-14 09:31:00+00:00,1.28,531.0,149032
2026-01-14 09:32:00+00:00,0.75,502.5,94167
2026-01-14 09:33:00+00:00,0.65,514.0,92996
2026-01-14 09:34:00+00:00,0.96,540.5,125713
2026-01-14 09:35:00+00:00,0.98,533.6,116099
2026-01-14 09:36:00+00:00,1.37,550.0,226515
2026-01-14 09:37:00+00:00,1.38,541.2,209846
2026-01-14 09:38:00+00:00,1.33,513.5,152370
2026-01-14 09:39:00+00:00,0.89,521.4,130412
2026-01-14 09:40:00+00:00,0.76,529.6,57857
2026-01-14 09:41:00+00:00,1.32,552.4,154496
2026-01-14 09:42:00+00:00,1.19,551.3,146612
2026-01-14 09:43:00+00:00,1.05,564.1,83951
2026-01-14 09:44:00+00:00,1.03,565.5,77018
2026-01-14 09:45:00+00:00,0.76,567.9,98776
2026-01-14 09:46:00+00:00,0.70,568.7,89243
2026-01-14 09:47:00+00:00,0.70,563.7,71143
2026-01-14 09:48:00+00:00,0.66,555.0,70761
2026-01-14 09:49:00+00:00,0.77,555.7,75132
2026-01-14 09:50:00+00:00,0.89,560.2,84515
2026-01-14 09:51:00+00:00,0.84,559.5,98804
2026-01-14 09:53:00+00:00,1.30,558.6,91260
2026-01-14 09:54:00+00:00,1.27,557.2,88616
2026-01-14 09:55:00+00:00,1.14,551.0,75983
2026-01-14 09:56:00+00:00,1.18,557.5,81298
2026-01-14 09:57:00+00:00,1.09,552.0,82424
2026-01-14 09:58:00+00:00,0.89,556.6,95648
2026-01-14 10:02:00+00:00,1.00,548.4,92067
2026-01-14 10:03:00+00:00,1.31,551.8,95369
2026-01-14 10:04:00+00:00,1.05,544.0,104778
2026-01-14 10:05:00+00:00,0.81,530.5,137051
2026-01-14 10:06:00+00:00,0.85,530.1,134267
2026-01-14 10:07:00+00:00,0.72,539.7,91963
2026-01-14 10:08:00+00:00,0.76,540.9,90448
2026-01-14 10:09:00+00:00,0.96,535.5,100518
2026-01-14 10:10:00+00:00,0.82,542.5,93312
2026-01-14 10:11:00+00:00,0.83,545.7,96121
2026-01-14 10:12:00+00:00,0.90,545.1,97175
2026-01-14 10:13:00+00:00,0.82,541.3,89427
2026-01-14 10:14:00+00:00,0.89,545.8,111440
2026-01-14 10:15:00+00:00,0.61,552.2,119112
2026-01-14 10:16:00+00:00,1.14,527.0,124735
2026-01-14 10:17:00+00:00,0.93,536.6,119973
2026-01-14 10:18:00+00:00,0.83,534.8,120394
2026-01-14 10:19:00+00:00,1.04,540.8,112111
2026-01-14 10:20:00+00:00,1.26,524.4,139570
2026-01-14 10:21:00+00:00,1.20,511.6,172940
2026-01-14 10:22:00+00:00,1.10,511.7,174280
2026-01-14 10:23:00+00:00,1.13,508.7,178263
2026-01-14 10:24:00+00:00,1.14,511.4,200850
2026-01-14 10:26:00+00:00,1.79,504.9,137062
2026-01-14 10:27:00+00:00,1.76,504.8,141174
2026-01-14 10:28:00+00:00,1.54,503.4,178358
2026-01-14 10:29:00+00:00,1.57,502.1,183257
2026-01-14 10:30:00+00:00,1.42,499.4,178377
2026-01-14 10:31:00+00:00,1.46,501.4,188747
2026-01-14 10:32:00+00:00,1.16,524.9,150643
2026-01-14 10:33:00+00:00,1.04,517.6,173031
2026-01-14 10:34:00+00:00,1.06,508.7,192077
2026-01-14 10:35:00+00:00,1.28,505.7,192044
2026-01-14 10:36:00+00:00,1.24,507.7,191198
2026-01-14 10:37:00+00:00,1.08,511.1,189207
2026-01-14 10:38:00+00:00,0.87,513.4,211274
2026-01-14 10:39:00+00:00,0.81,516.2,211608
2026-01-14 10:40:00+00:00,0.99,523.1,149805
2026-01-14 10:41:00+00:00,0.91,529.1,137743
2026-01-14 10:42:00+00:00,1.28,518.5,148155
2026-01-14 10:43:00+00:00,0.69,512.7,196757
2026-01-14 10:44:00+00:00,0.73,520.2,192476
2026-01-14 10:45:00+00:00,0.98,505.0,184192
2026-01-14 10:46:00+00:00,0.91,509.9,158268
2026-01-14 10:47:00+00:00,0.83,499.0,124805
2026-01-14 10:48:00+00:00,1.15,503.7,172668
2026-01-14 10:49:00+00:00,1.14,505.7,193959
2026-01-14 10:50:00+00:00,0.95,505.9,224364
2026-01-14 10:51:00+00:00,0.87,506.3,227736
2026-01-14 10:52:00+00:00,0.94,505.3,203236
2026-01-14 10:53:00+00:00,0.91,504.4,201189
2026-01-14 10:54:00+00:00,1.06,502.5,210453
2026-01-14 10:55:00+00:00,1.33,501.4,207918
2026-01-14 10:56:00+00:00,1.22,504.0,217229
2026-01-14 10:57:00+00:00,1.09,504.1,229245
2026-01-14 10:59:00+00:00,1.04,505.2,235532
2026-01-14 11:00:00+00:00,1.05,505.1,235732
2026-01-14 11:01:00+00:00,1.10,501.9,241531
2026-01-14 11:02:00+00:00,0.92,506.0,270375
2026-01-14 11:03:00+00:00,0.96,508.6,248656
2026-01-14 11:04:00+00:00,0.91,508.0,255080
2026-01-14 11:05:00+00:00,0.97,507.0,246750
2026-01-14 11:06:00+00:00,0.91,506.9,259853
2026-01-14 11:07:00+00:00,0.72,509.9,277765
2026-01-14 11:08:00+00:00,0.88,507.9,234004
2026-01-14 11:09:00+00:00,1.00,505.5,202382
2026-01-14 11:10:00+00:00,1.00,504.0,208864
2026-01-14 11:11:00+00:00,1.03,503.8,223860
2026-01-14 11:12:00+00:00,0.96,507.3,244107
2026-01-14 11:13:00+00:00,1.02,505.8,228303
2026-01-14 11:14:00+00:00,0.96,505.9,222787
2026-01-14 11:15:00+00:00,0.97,509.1,218939
2026-01-14 11:16:00+00:00,1.44,499.7,214791
2026-01-14 11:17:00+00:00,1.47,501.9,174105
2026-01-14 11:18:00+00:00,1.18,507.0,182864
2026-01-14 11:19:00+00:00,1.37,508.6,182736
2026-01-14 11:20:00+00:00,1.18,506.3,184006
2026-01-14 11:21:00+00:00,0.91,514.7,182880
2026-01-14 11:22:00+00:00,1.32,509.1,166212
2026-01-14 11:23:00+00:00,1.34,512.0,156976
2026-01-14 11:24:00+00:00,1.14,516.1,158798
2026-01-14 11:25:00+00:00,1.15,519.8,158767
2026-01-14 11:26:00+00:00,1.26,527.1,157726
2026-01-14 11:27:00+00:00,1.30,522.3,156161
2026-01-14 11:28:00+00:00,1.40,502.6,143922
2026-01-14 11:29:00+00:00,1.63,496.1,130556
2026-01-14 11:30:00+00:00,1.62,496.2,135675
2026-01-14 11:32:00+00:00,0.98,,
2026-01-14 11:33:00+00:00,0.98,503.3,168725
2026-01-14 11:34:00+00:00,1.37,497.7,179192
2026-01-14 11:35:00+00:00,1.32,496.2,171074
2026-01-14 11:36:00+00:00,1.47,501.8,146290
2026-01-14 11:37:00+00:00,1.43,501.9,135713
2026-01-14 11:38:00+00:00,1.59,499.4,145612
2026-01-14 11:39:00+00:00,1.14,511.9,172439
2026-01-14 11:40:00+00:00,0.90,515.4,186309
2026-01-14 11:41:00+00:00,1.28,505.6,168639
2026-01-14 11:42:00+00:00,1.61,499.6,161070
2026-01-14 11:43:00+00:00,1.31,506.9,174974
2026-01-14 11:44:00+00:00,0.97,514.0,178246
2026-01-14 11:45:00+00:00,1.31,506.6,182052
2026-01-14 11:46:00+00:00,1.07,514.4,153495
2026-01-14 11:47:00+00:00,0.99,523.9,116335
2026-01-14 11:48:00+00:00,0.71,576.1,178828
2026-01-14 11:49:00+00:00,0.73,578.8,135237
2026-01-14 11:50:00+00:00,0.80,585.1,128880
2026-01-14 11:51:00+00:00,0.87,583.3,157535
2026-01-14 11:52:00+00:00,1.09,579.1,132228
2026-01-14 11:53:00+00:00,0.77,568.9,113311
2026-01-14 11:54:00+00:00,1.07,521.0,167229
2026-01-14 11:55:00+00:00,1.19,498.2,173773
2026-01-14 11:56:00+00:00,1.07,496.7,165411
2026-01-14 11:57:00+00:00,0.77,502.0,194313
2026-01-14 11:58:00+00:00,0.56,506.7,211197
2026-01-14 11:59:00+00:00,0.78,505.1,201459
2026-01-14 12:00:00+00:00,1.04,503.3,204623
2026-01-14 12:01:00+00:00,1.07,502.3,190546
2026-01-14 12:02:00+00:00,1.42,497.4,167371
2026-01-14 12:03:00+00:00,1.50,494.5,155791
2026-01-14 12:06:00+00:00,1.16,499.0,180222
2026-01-14 12:07:00+00:00,1.32,499.4,187837
2026-01-14 12:08:00+00:00,1.03,506.4,223763
2026-01-14 12:09:00+00:00,1.32,498.1,195948
2026-01-14 12:10:00+00:00,0.98,507.7,251526
2026-01-14 12:11:00+00:00,0.85,510.8,268334
2026-01-14 12:12:00+00:00,0.94,510.9,250651
2026-01-14 12:13:00+00:00,0.87,517.4,290761
2026-01-14 12:14:00+00:00,0.98,514.5,289499
2026-01-14 12:15:00+00:00,1.27,505.4,223447
2026-01-14 12:16:00+00:00,1.28,508.8,226885
2026-01-14 12:17:00+00:00,1.14,514.3,234858
2026-01-14 12:18:00+00:00,0.88,529.4,218370
2026-01-14 12:19:00+00:00,1.52,520.4,197904
2026-01-14 12:20:00+00:00,1.54,559.2,176155
2026-01-14 12:21:00+00:00,1.49,567.0,112230
2026-01-14 12:22:00+00:00,1.47,540.9,117874
2026-01-14 12:23:00+00:00,1.61,550.9,104009
2026-01-14 12:24:00+00:00,1.63,557.6,96303
2026-01-14 12:25:00+00:00,1.16,534.0,133247
2026-01-14 12:26:00+00:00,1.05,542.2,148671
2026-01-14 12:27:00+00:00,0.82,553.0,138870
2026-01-14 12:28:00+00:00,0.59,556.0,143885
2026-01-14 12:29:00+00:00,0.60,548.5,206406
2026-01-14 12:30:00+00:00,0.66,542.0,243998
2026-01-14 12:31:00+00:00,0.61,544.8,219280
2026-01-14 12:32:00+00:00,0.67,541.4,220427
2026-01-14 12:33:00+00:00,1.12,525.3,235728
2026-01-14 12:34:00+00:00,1.89,516.2,215717
2026-01-14 12:35:00+00:00,2.10,533.9,156838
2026-01-14 12:36:00+00:00,2.08,567.0,157520
2026-01-14 12:39:00+00:00,1.65,512.0,223450
2026-01-14 12:40:00+00:00,1.72,516.6,167793
2026-01-14 12:41:00+00:00,1.67,511.4,191919
2026-01-14 12:42:00+00:00,1.82,509.1,197658
2026-01-14 12:43:00+00:00,1.85,508.7,199858
2026-01-14 12:44:00+00:00,1.53,511.0,222385
2026-01-14 12:45:00+00:00,1.35,512.7,237048
2026-01-14 12:46:00+00:00,1.14,520.6,244115
2026-01-14 12:47:00+00:00,1.16,525.5,228368
2026-01-14 12:48:00+00:00,1.75,514.3,186907
2026-01-14 12:49:00+00:00,1.76,512.8,194344
2026-01-14 12:50:00+00:00,1.74,516.7,198270
2026-01-14 12:51:00+00:00,1.80,511.3,217453
2026-01-14 12:52:00+00:00,1.64,511.0,219342
2026-01-14 12:53:00+00:00,0.87,482.3,43030
2026-01-14 12:54:00+00:00,1.72,513.8,210371
2026-01-14 12:55:00+00:00,1.98,517.7,192137
2026-01-14 12:56:00+00:00,1.48,523.5,212127
2026-01-14 12:57:00+00:00,1.79,512.7,202543
2026-01-14 12:58:00+00:00,1.67,516.5,192955
2026-01-14 12:59:00+00:00,1.57,519.7,183780
2026-01-14 13:00:00+00:00,1.35,524.4,178310
2026-01-14 13:01:00+00:00,1.51,519.7,175551
2026-01-14 13:02:00+00:00,1.78,511.0,186015
2026-01-14 13:03:00+00:00,1.74,510.7,188507
2026-01-14 13:04:00+00:00,1.70,510.6,165312
2026-01-14 13:05:00+00:00,1.49,509.2,174009
2026-01-14 13:06:00+00:00,1.59,511.5,200517
2026-01-14 13:07:00+00:00,1.56,519.6,181987
2026-01-14 13:08:00+00:00,1.52,514.9,166597
2026-01-14 13:09:00+00:00,1.34,507.0,158761
2026-01-14 13:10:00+00:00,1.47,496.8,144216
2026-01-14 13:11:00+00:00,1.47,496.5,143714
2026-01-14 13:12:00+00:00,4.55,549.0,246591
2026-01-14 13:13:00+00:00,2.07,507.5,198843
2026-01-14 13:14:00+00:00,1.23,490.2,154288
2026-01-14 13:15:00+00:00,1.54,498.0,159103
2026-01-14 13:16:00+00:00,1.61,503.4,162047
2026-01-14 13:17:00+00:00,1.42,499.0,144102
2026-01-14 13:18:00+00:00,1.53,502.6,179514
2026-01-14 13:19:00+00:00,1.77,509.2,215561
2026-01-14 13:20:00+00:00,1.75,503.6,173221
2026-01-14 13:21:00+00:00,1.61,497.4,164896
2026-01-14 13:22:00+00:00,0.92,476.3,122825
2026-01-14 13:23:00+00:00,1.74,500.8,176972
2026-01-14 13:24:00+00:00,1.83,504.3,182535
2026-01-14 13:25:00+00:00,1.95,509.1,209898
2026-01-14 13:26:00+00:00,0.73,486.8,142803
2026-01-14 13:27:00+00:00,1.55,501.3,159463
2026-01-14 13:28:00+00:00,1.79,504.5,169741
2026-01-14 13:29:00+00:00,1.58,499.4,167143
2026-01-14 13:30:00+00:00,1.74,500.7,164396
2026-01-14 13:31:00+00:00,1.91,500.9,155684
2026-01-14 13:32:00+00:00,1.95,502.7,159518
2026-01-14 13:33:00+00:00,1.30,490.3,140583
2026-01-14 13:34:00+00:00,1.24,492.6,145162
2026-01-14 13:35:00+00:00,1.92,508.6,178005
2026-01-14 13:36:00+00:00,2.37,504.0,153891
2026-01-14 13:37:00+00:00,3.12,505.7,117169
2026-01-14 13:38:00+00:00,1.02,479.9,130192
2026-01-14 13:39:00+00:00,1.68,509.5,289505
2026-01-14 13:40:00+00:00,2.04,505.4,199056
2026-01-14 13:41:00+00:00,1.16,493.2,161355
2026-01-14 13:42:00+00:00,1.33,490.0,158900
2026-01-14 13:43:00+00:00,1.67,504.7,217994
2026-01-14 13:44:00+00:00,1.70,506.4,224569
2026-01-14 13:45:00+00:00,1.31,479.7,129683
2026-01-14 13:46:00+00:00,1.89,509.5,205934
2026-01-14 13:47:00+00:00,1.65,511.1,227329
2026-01-14 13:48:00+00:00,1.33,506.3,202734
2026-01-14 13:49:00+00:00,1.03,488.0,154563
2026-01-14 13:50:00+00:00,1.14,494.6,159433
2026-01-14 13:51:00+00:00,1.45,518.7,206926
2026-01-14 13:52:00+00:00,1.25,500.6,199274
2026-01-14 13:53:00+00:00,1.36,498.9,188307
2026-01-14 13:54:00+00:00,1.16,495.6,161400
2026-01-14 13:55:00+00:00,1.38,500.1,165512
2026-01-14 13:56:00+00:00,1.20,498.9,163534
2026-01-14 13:57:00+00:00,0.84,491.6,170334
2026-01-14 13:58:00+00:00,2.29,514.7,212814
2026-01-14 13:59:00+00:00,1.38,499.9,159895
2026-01-14 14:00:00+00:00,1.37,504.4,179270
2026-01-14 14:01:00+00:00,0.88,486.3,127935
2026-01-14 14:02:00+00:00,1.28,506.5,180697
2026-01-14 14:03:00+00:00,1.61,505.7,176991
2026-01-14 14:04:00+00:00,1.61,509.8,172375
2026-01-14 14:05:00+00:00,1.05,507.3,175916
2026-01-14 14:06:00+00:00,0.61,489.8,120933
2026-01-14 14:07:00+00:00,0.91,488.5,101049
2026-01-14 14:08:00+00:00,1.12,499.9,166889
2026-01-14 14:09:00+00:00,0.91,502.8,169285
2026-01-14 14:10:00+00:00,0.98,521.3,228097
2026-01-14 14:11:00+00:00,0.53,512.9,240138
2026-01-14 14:12:00+00:00,0.72,504.6,225251
2026-01-14 14:13:00+00:00,1.06,476.0,101214
2026-01-14 14:14:00+00:00,0.21,538.0,382104
2026-01-14 14:15:00+00:00,0.35,562.3,167997
2026-01-14 14:16:00+00:00,0.13,558.9,247721
2026-01-14 14:17:00+00:00,0.09,557.7,268639
2026-01-14 14:18:00+00:00,0.10,602.7,351196
2026-01-14 14:19:00+00:00,0.63,551.5,225932
2026-01-14 14:20:00+00:00,0.63,522.1,189911
2026-01-14 14:21:00+00:00,0.46,528.8,235026
2026-01-14 14:22:00+00:00,0.44,546.3,212034
2026-01-14 14:23:00+00:00,0.27,558.8,193398
2026-01-14 14:24:00+00:00,0.53,539.9,238505
2026-01-14 14:25:00+00:00,1.23,498.0,172299
2026-01-14 14:26:00+00:00,0.46,486.3,76118
2026-01-14 14:27:00+00:00,0.47,517.4,180733
2026-01-14 14:28:00+00:00,0.26,537.6,310114
2026-01-14 14:29:00+00:00,0.12,473.2,100014
2026-01-14 14:30:00+00:00,0.63,531.7,303535
2026-01-14 14:31:00+00:00,0.53,545.2,342795
2026-01-14 14:32:00+00:00,1.78,530.2,183126
2026-01-14 14:33:00+00:00,4.41,502.5,113863
2026-01-14 14:34:00+00:00,2.87,572.9,112984
2026-01-14 14:35:00+00:00,1.27,563.0,203723
2026-01-14 14:36:00+00:00,0.74,540.1,231684
2026-01-14 14:37:00+00:00,0.60,558.4,235531
2026-01-14 14:38:00+00:00,1.03,565.3,275420
2026-01-14 14:39:00+00:00,1.05,536.8,214910
2026-01-14 14:40:00+00:00,0.11,493.1,54931
2026-01-14 14:41:00+00:00,0.18,483.6,89268
2026-01-14 14:42:00+00:00,0.52,569.8,279463
2026-01-14 14:43:00+00:00,1.07,526.3,204301
2026-01-14 14:44:00+00:00,1.20,525.1,215523
2026-01-14 14:45:00+00:00,2.03,500.9,111609
2026-01-14 14:46:00+00:00,2.24,528.1,251556
2026-01-14 14:47:00+00:00,3.50,503.4,244180
2026-01-14 14:48:00+00:00,1.88,513.8,127606
2026-01-14 14:49:00+00:00,1.44,520.8,205231
2026-01-14 14:50:00+00:00,1.41,522.2,235869
2026-01-14 14:52:00+00:00,0.94,496.8,160324
2026-01-14 14:53:00+00:00,0.93,515.3,240407
2026-01-14 14:54:00+00:00,0.97,529.3,256659
2026-01-14 14:55:00+00:00,0.68,535.0,208516
2026-01-14 14:56:00+00:00,0.09,551.2,250703
2026-01-14 14:57:00+00:00,0.33,544.7,215223
2026-01-14 14:58:00+00:00,0.91,547.4,250092
2026-01-14 14:59:00+00:00,0.65,520.8,271210
2026-01-14 15:00:00+00:00,0.70,505.4,145428
2026-01-14 15:01:00+00:00,0.24,519.5,206332
2026-01-14 15:02:00+00:00,0.71,533.9,369625
2026-01-14 15:03:00+00:00,1.09,525.9,214532
2026-01-14 15:04:00+00:00,1.02,519.3,166376
2026-01-14 15:05:00+00:00,1.61,518.9,210875
2026-01-14 15:06:00+00:00,1.16,517.1,221169
2026-01-14 15:07:00+00:00,0.85,523.8,232602
2026-01-14 15:08:00+00:00,1.14,521.3,160581
2026-01-14 15:09:00+00:00,1.37,517.6,145568
2026-01-14 15:10:00+00:00,1.65,520.0,162390
2026-01-14 15:11:00+00:00,1.96,517.7,136214
2026-01-14 15:12:00+00:00,1.68,512.2,171509
2026-01-14 15:13:00+00:00,1.36,512.8,198816
2026-01-14 15:14:00+00:00,1.62,509.5,177460
2026-01-14 15:15:00+00:00,1.84,501.1,169851
2026-01-14 15:16:00+00:00,1.53,483.6,135308
2026-01-14 15:17:00+00:00,1.84,517.8,213334
2026-01-14 15:18:00+00:00,1.82,516.9,237304
2026-01-14 15:19:00+00:00,1.55,502.9,185871
2026-01-14 15:20:00+00:00,1.30,486.0,138822
2026-01-14 15:21:00+00:00,1.80,516.7,239552
2026-01-14 15:22:00+00:00,1.75,527.7,201812
2026-01-14 15:23:00+00:00,1.66,528.0,171423
2026-01-14 15:26:00+00:00,0.34,490.0,166690
2026-01-14 15:27:00+00:00,0.44,506.8,235274
2026-01-14 15:28:00+00:00,0.16,456.2,35605
2026-01-14 15:29:00+00:00,0.16,456.3,34567
2026-01-14 15:30:00+00:00,0.45,472.9,48102
2026-01-14 15:31:00+00:00,1.36,536.7,157140
2026-01-14 15:32:00+00:00,0.74,509.6,140227
2026-01-14 15:33:00+00:00,0.13,528.6,318083
2026-01-14 15:34:00+00:00,0.15,467.9,36674
2026-01-14 15:35:00+00:00,0.83,514.0,188491
2026-01-14 15:36:00+00:00,0.92,482.6,134543
2026-01-14 15:37:00+00:00,0.86,533.0,312014
2026-01-14 15:38:00+00:00,0.43,484.9,127122
2026-01-14 15:39:00+00:00,0.58,493.3,159144
2026-01-14 15:40:00+00:00,1.29,520.7,223412
2026-01-14 15:41:00+00:00,1.88,531.2,189086
2026-01-14 15:42:00+00:00,1.40,543.9,182324
2026-01-14 15:43:00+00:00,0.48,543.6,179081
2026-01-14 15:44:00+00:00,0.56,530.3,216106
2026-01-14 15:45:00+00:00,0.77,535.3,381245
2026-01-14 15:46:00+00:00,0.26,528.8,300605
2026-01-14 15:47:00+00:00,0.22,543.9,239407
2026-01-14 15:48:00+00:00,0.22,540.9,267509
2026-01-14 15:49:00+00:00,1.00,562.9,206401
2026-01-14 15:50:00+00:00,0.81,519.9,108396
2026-01-14 15:51:00+00:00,0.18,566.9,255550
2026-01-14 15:52:00+00:00,0.06,547.6,199118
2026-01-14 15:53:00+00:00,0.09,534.0,321878
2026-01-14 15:54:00+00:00,0.67,543.5,217489
2026-01-14 15:55:00+00:00,1.06,531.4,129686
2026-01-14 15:56:00+00:00,1.14,521.4,115128
2026-01-14 15:57:00+00:00,1.05,546.0,256433
2026-01-14 15:58:00+00:00,1.00,536.2,202099
2026-01-14 16:02:00+00:00,1.30,561.2,147294
2026-01-14 16:03:00+00:00,0.96,562.7,174761
2026-01-14 16:04:00+00:00,1.19,558.3,174845
2026-01-14 16:05:00+00:00,2.31,570.3,172950
2026-01-14 16:06:00+00:00,0.67,514.8,82579
2026-01-14 16:07:00+00:00,1.06,511.9,87847
2026-01-14 16:08:00+00:00,1.12,555.4,197573
2026-01-14 16:09:00+00:00,1.10,544.8,144368
2026-01-14 16:10:00+00:00,1.11,545.2,137832
2026-01-14 16:11:00+00:00,0.90,517.5,117513
2026-01-14 16:12:00+00:00,0.88,535.4,130490
2026-01-14 16:13:00+00:00,0.95,558.9,141894
2026-01-14 16:14:00+00:00,0.85,557.0,143701
2026-01-14 16:15:00+00:00,0.56,544.6,152279
2026-01-14 16:16:00+00:00,0.41,531.7,173493
2026-01-14 16:17:00+00:00,0.81,547.3,221491
2026-01-14 16:18:00+00:00,0.90,508.6,141495
2026-01-14 16:19:00+00:00,0.90,527.0,261493
2026-01-14 16:20:00+00:00,0.62,508.2,157822
2026-01-14 16:21:00+00:00,0.32,566.6,152370
2026-01-14 16:22:00+00:00,0.84,530.6,160847
2026-01-14 16:23:00+00:00,0.54,516.8,173750
2026-01-14 16:24:00+00:00,0.87,545.9,210867
2026-01-14 16:25:00+00:00,0.53,545.3,236719
2026-01-14 16:26:00+00:00,0.40,532.9,169659
2026-01-14 16:27:00+00:00,0.30,547.3,129683
2026-01-14 16:28:00+00:00,0.51,554.1,157659
2026-01-14 16:29:00+00:00,0.70,550.9,182947
2026-01-14 16:30:00+00:00,0.33,553.0,235279
2026-01-14 16:31:00+00:00,0.37,551.9,238710
2026-01-14 16:32:00+00:00,0.39,554.1,244485
2026-01-14 16:33:00+00:00,0.28,563.5,233228
2026-01-14 16:34:00+00:00,0.27,561.4,216614
2026-01-14 16:35:00+00:00,0.25,560.1,313292
2026-01-14 16:36:00+00:00,0.31,554.5,320393
2026-01-14 16:37:00+00:00,0.18,563.3,368574
2026-01-14 16:38:00+00:00,0.75,523.3,204954
2026-01-14 16:39:00+00:00,0.37,521.1,268234
2026-01-14 16:40:00+00:00,0.39,569.1,319055
2026-01-14 16:41:00+00:00,0.22,558.2,313866
2026-01-14 16:42:00+00:00,0.61,535.6,323142
2026-01-14 16:43:00+00:00,0.72,503.1,245402
2026-01-14 16:44:00+00:00,0.82,521.9,289725
2026-01-14 16:45:00+00:00,0.64,550.1,372097
2026-01-14 16:46:00+00:00,0.34,546.9,366230
2026-01-14 16:47:00+00:00,0.46,541.5,342545
2026-01-14 16:48:00+00:00,0.64,543.6,327921
2026-01-14 16:49:00+00:00,0.44,540.4,298862
2026-01-14 16:50:00+00:00,0.41,534.9,290096
2026-01-14 16:51:00+00:00,0.40,510.8,260923
2026-01-14 16:52:00+00:00,0.28,556.8,557804
2026-01-14 16:53:00+00:00,0.37,526.7,397383
2026-01-14 16:54:00+00:00,0.23,555.7,387610
2026-01-14 16:55:00+00:00,0.77,476.6,147174
2026-01-14 16:56:00+00:00,0.46,534.6,327078
2026-01-14 16:57:00+00:00,0.23,564.0,350169
2026-01-14 16:58:00+00:00,0.07,485.0,119531
2026-01-14 16:59:00+00:00,0.14,524.7,197720
2026-01-14 17:00:00+00:00,0.21,560.8,262436
2026-01-14 17:01:00+00:00,0.12,498.2,131519
2026-01-14 17:02:00+00:00,0.03,441.5,28439
2026-01-14 17:03:00+00:00,0.50,549.7,252688
2026-01-14 17:04:00+00:00,0.52,548.5,233694
2026-01-14 17:05:00+00:00,0.48,547.8,211568
2026-01-14 17:06:00+00:00,0.27,553.0,254648
2026-01-14 17:07:00+00:00,0.71,545.8,107903
2026-01-14 17:08:00+00:00,0.73,541.5,135394
2026-01-14 17:09:00+00:00,0.57,551.4,297734
2026-01-14 17:10:00+00:00,0.29,540.3,297286
2026-01-14 17:11:00+00:00,0.48,530.2,216800
2026-01-14 17:12:00+00:00,0.53,530.1,159313
2026-01-14 17:13:00+00:00,0.86,553.6,187823
2026-01-14 17:14:00+00:00,0.55,529.6,142895
2026-01-14 17:15:00+00:00,0.37,537.7,130376
2026-01-14 17:16:00+00:00,0.60,553.6,115445
2026-01-14 17:17:00+00:00,0.84,519.8,64248
2026-01-14 17:18:00+00:00,0.88,478.1,37342
2026-01-14 17:19:00+00:00,0.77,500.7,41161
2026-01-14 17:20:00+00:00,1.07,560.1,53024
2026-01-14 17:21:00+00:00,1.92,579.4,101124
2026-01-14 17:22:00+00:00,1.29,578.4,87386
2026-01-14 17:23:00+00:00,1.40,580.0,96505
2026-01-14 17:24:00+00:00,1.42,574.5,102481
2026-01-14 17:25:00+00:00,0.97,567.0,61842
2026-01-14 17:26:00+00:00,0.60,552.6,80037
2026-01-14 17:27:00+00:00,0.66,555.5,82943
2026-01-14 17:28:00+00:00,2.15,593.5,142308
2026-01-14 17:29:00+00:00,0.75,544.9,84048
2026-01-14 17:30:00+00:00,0.19,525.7,60638
2026-01-14 17:31:00+00:00,0.14,509.4,40116
2026-01-14 17:32:00+00:00,0.12,517.4,46404
2026-01-14 17:33:00+00:00,0.18,544.9,99807
2026-01-14 17:34:00+00:00,0.15,553.4,157284
2026-01-14 17:35:00+00:00,0.04,545.5,180264
2026-01-14 17:36:00+00:00,1.25,581.1,326328
2026-01-14 17:37:00+00:00,1.12,572.5,262988
2026-01-14 17:38:00+00:00,0.74,545.4,65151
2026-01-14 17:39:00+00:00,0.89,547.3,110289
2026-01-14 17:40:00+00:00,0.31,512.6,54648
2026-01-14 17:41:00+00:00,0.49,530.4,77163
2026-01-14 17:42:00+00:00,0.21,515.0,84693
2026-01-14 17:43:00+00:00,0.25,521.9,133508
2026-01-14 17:44:00+00:00,0.36,512.7,91864
2026-01-14 17:45:00+00:00,0.45,522.1,115047
2026-01-14 17:46:00+00:00,0.27,507.7,87105
2026-01-14 17:47:00+00:00,0.20,499.8,117762
2026-01-14 17:48:00+00:00,0.19,503.4,161632
2026-01-14 17:49:00+00:00,0.22,508.8,170749
2026-01-14 17:50:00+00:00,0.28,508.4,149212
2026-01-14 17:51:00+00:00,0.27,500.5,97125
2026-01-14 17:52:00+00:00,0.20,496.3,68392
2026-01-14 17:53:00+00:00,0.21,501.5,108547
2026-01-14 17:54:00+00:00,0.28,501.6,99998
2026-01-14 17:55:00+00:00,0.37,529.1,194652
2026-01-14 17:56:00+00:00,0.16,513.6,163892
2026-01-14 17:57:00+00:00,0.01,566.2,185710
2026-01-14 17:58:00+00:00,0.19,518.4,56448
2026-01-14 17:59:00+00:00,0.20,508.8,51090
2026-01-14 18:00:00+00:00,0.33,530.1,68604
2026-01-14 18:01:00+00:00,0.09,530.0,91098
2026-01-14 18:02:00+00:00,0.01,528.7,96872
2026-01-14 18:03:00+00:00,0.45,506.5,41964
2026-01-14 18:04:00+00:00,0.26,506.3,60032
2026-01-14 18:05:00+00:00,0.07,495.7,79603
2026-01-14 18:06:00+00:00,0.02,492.1,87498
2026-01-14 18:07:00+00:00,0.02,488.2,82854
2026-01-14 18:08:00+00:00,0.02,465.8,69998
2026-01-14 18:11:00+00:00,0.05,491.7,80973
2026-01-14 18:12:00+00:00,0.25,490.5,87979
2026-01-14 18:13:00+00:00,0.03,490.0,78375
2026-01-14 18:14:00+00:00,0.06,495.0,43618
2026-01-14 18:15:00+00:00,0.02,498.3,74835
2026-01-14 18:16:00+00:00,0.04,467.0,44778
2026-01-14 18:17:00+00:00,0.02,484.9,48499
2026-01-14 18:18:00+00:00,0.01,491.9,49774
2026-01-14 18:19:00+00:00,0.03,548.1,262810
2026-01-14 18:20:00+00:00,0.02,551.0,230924
2026-01-14 18:21:00+00:00,0.01,510.3,71825
2026-01-14 18:22:00+00:00,0.01,506.9,56481
2026-01-14 18:23:00+00:00,0.01,524.0,95232
2026-01-14 18:24:00+00:00,0.02,528.8,118497
2026-01-14 18:25:00+00:00,0.04,538.6,144136
2026-01-14 18:26:00+00:00,0.02,506.3,136323
2026-01-14 18:27:00+00:00,0.02,503.6,165672
2026-01-14 18:28:00+00:00,0.03,549.3,391180
2026-01-14 18:29:00+00:00,0.01,518.0,294601
2026-01-14 18:30:00+00:00,0.02,554.2,356401
2026-01-14 18:31:00+00:00,0.03,564.1,444834
2026-01-14 18:32:00+00:00,0.01,543.3,219593
2026-01-14 18:33:00+00:00,0.02,557.6,292283
2026-01-14 18:34:00+00:00,0.01,532.5,130774
2026-01-14 18:35:00+00:00,0.01,506.3,72253
2026-01-14 18:36:00+00:00,0.00,479.0,87482
2026-01-14 18:37:00+00:00,0.02,518.8,243759
2026-01-14 18:38:00+00:00,0.03,549.4,200270
2026-01-14 18:39:00+00:00,0.02,529.6,142045
2026-01-14 18:40:00+00:00,0.03,552.0,147254
2026-01-14 18:41:00+00:00,0.03,556.3,164864
2026-01-14 18:44:00+00:00,0.02,585.9,381696
2026-01-14 18:45:00+00:00,0.02,544.9,158402
2026-01-14 18:46:00+00:00,0.02,490.0,181466
2026-01-14 18:47:00+00:00,0.01,460.9,35946
2026-01-14 18:48:00+00:00,0.01,482.6,71980
2026-01-14 18:49:00+00:00,0.01,477.5,43110
2026-01-14 18:50:00+00:00,0.01,529.3,168562
2026-01-14 18:51:00+00:00,0.02,582.5,262051
2026-01-14 18:52:00+00:00,0.02,582.7,264946
2026-01-14 18:53:00+00:00,0.03,579.4,353012
2026-01-14 18:54:00+00:00,0.03,548.8,293350
2026-01-14 18:55:00+00:00,0.02,487.8,75004
2026-01-14 18:56:00+00:00,0.03,507.7,180737
2026-01-14 18:57:00+00:00,0.05,573.1,373598
2026-01-14 18:58:00+00:00,0.03,542.7,122050
2026-01-14 18:59:00+00:00,0.08,604.5,256260
2026-01-14 19:00:00+00:00,0.01,471.6,43086
2026-01-14 19:01:00+00:00,0.10,621.4,216858
2026-01-14 19:02:00+00:00,0.08,566.8,163125
2026-01-14 19:03:00+00:00,0.09,577.9,239925
2026-01-14 19:04:00+00:00,0.05,581.6,276693
2026-01-14 19:05:00+00:00,0.03,580.7,254272
2026-01-14 19:06:00+00:00,0.03,577.5,293581
2026-01-14 19:07:00+00:00,0.03,574.3,289621
2026-01-14 19:08:00+00:00,0.04,563.9,362751
2026-01-14 19:09:00+00:00,0.08,579.8,324595
2026-01-14 19:10:00+00:00,0.07,553.2,163466
2026-01-14 19:11:00+00:00,0.01,489.8,81553
2026-01-14 19:12:00+00:00,0.02,511.3,118757
2026-01-14 19:13:00+00:00,0.05,539.6,210759
2026-01-14 19:14:00+00:00,0.03,485.2,116646
2026-01-14 19:15:00+00:00,0.10,528.0,113711
2026-01-14 19:16:00+00:00,0.09,527.1,111769
2026-01-14 19:17:00+00:00,0.04,502.5,55464
2026-01-14 19:18:00+00:00,0.02,490.0,72309
2026-01-14 19:19:00+00:00,0.03,542.1,408139
2026-01-14 19:20:00+00:00,0.03,477.7,100599
2026-01-14 19:21:00+00:00,0.04,495.8,134021
2026-01-14 19:22:00+00:00,0.15,494.4,88096
2026-01-14 19:23:00+00:00,0.20,505.3,83745
2026-01-14 19:24:00+00:00,0.19,507.2,123316
2026-01-14 19:25:00+00:00,0.19,503.4,133948
2026-01-14 19:26:00+00:00,0.18,498.2,105653
2026-01-14 19:27:00+00:00,0.15,488.5,72514
2026-01-14 19:28:00+00:00,0.17,494.0,88851
2026-01-14 19:29:00+00:00,0.25,512.1,147956
2026-01-14 19:30:00+00:00,0.31,515.4,144222
2026-01-14 19:31:00+00:00,0.21,504.9,119607
2026-01-14 19:32:00+00:00,0.27,525.6,73737
2026-01-14 19:33:00+00:00,0.04,492.5,105545
2026-01-14 19:34:00+00:00,0.01,473.1,152076
2026-01-14 19:35:00+00:00,0.05,490.8,86777
2026-01-14 19:36:00+00:00,0.05,501.8,58783
2026-01-14 19:37:00+00:00,0.03,485.7,102101
2026-01-14 19:38:00+00:00,0.06,486.8,115477
2026-01-14 19:39:00+00:00,0.23,487.9,83630
2026-01-14 19:40:00+00:00,0.28,474.9,48217
2026-01-14 19:41:00+00:00,0.14,487.5,131020
2026-01-14 19:42:00+00:00,0.02,498.5,197192
2026-01-14 19:43:00+00:00,0.03,483.3,176799
2026-01-14 19:44:00+00:00,0.04,470.6,153223
2026-01-14 19:45:00+00:00,0.04,463.5,70044
2026-01-14 19:46:00+00:00,0.05,518.3,199427
2026-01-14 19:47:00+00:00,0.09,486.0,78006
2026-01-14 19:48:00+00:00,0.19,,
2026-01-14 19:49:00+00:00,0.19,510.1,151694
2026-01-14 19:50:00+00:00,0.10,508.4,192977
2026-01-14 19:51:00+00:00,0.01,489.1,52529
2026-01-14 19:52:00+00:00,0.01,489.0,48028
2026-01-14 19:53:00+00:00,0.09,528.5,64046
2026-01-14 19:54:00+00:00,0.06,497.3,40914
2026-01-14 19:55:00+00:00,0.04,480.5,31971
2026-01-14 19:56:00+00:00,0.04,533.5,265904
2026-01-14 19:57:00+00:00,0.05,585.2,537804
2026-01-14 19:58:00+00:00,0.03,539.3,632039
2026-01-14 19:59:00+00:00,0.02,496.4,274177
2026-01-14 20:00:00+00:00,0.02,536.7,206583
2026-01-14 20:01:00+00:00,0.01,499.5,64680
2026-01-14 20:02:00+00:00,0.01,496.6,106824
2026-01-14 20:03:00+00:00,0.01,489.1,95876
2026-01-14 20:04:00+00:00,0.03,589.6,425672
2026-01-14 20:05:00+00:00,0.01,453.2,26965
2026-01-14 20:06:00+00:00,0.05,593.4,355769
2026-01-14 20:07:00+00:00,0.02,481.6,92530
2026-01-14 20:08:00+00:00,0.01,464.6,26775
2026-01-14 20:09:00+00:00,0.01,461.2,42025
2026-01-14 20:10:00+00:00,0.04,559.4,244605
2026-01-14 20:11:00+00:00,0.02,526.2,129353
2026-01-14 20:12:00+00:00,0.01,483.4,33813
2026-01-14 20:13:00+00:00,0.01,488.7,59026
2026-01-14 20:14:00+00:00,0.01,491.3,78100
2026-01-14 20:15:00+00:00,0.02,487.0,82272
2026-01-14 20:16:00+00:00,0.02,478.6,53095
2026-01-14 20:17:00+00:00,0.04,473.2,20656
2026-01-14 20:18:00+00:00,0.09,494.8,40217
2026-01-14 20:19:00+00:00,0.06,492.8,53097
2026-01-14 20:20:00+00:00,0.05,499.1,49786
2026-01-14 20:22:00+00:00,0.04,499.3,42487
2026-01-14 20:23:00+00:00,0.07,577.7,297825
2026-01-14 20:24:00+00:00,0.02,477.1,70503
2026-01-14 20:25:00+00:00,0.36,498.6,135302
2026-01-14 20:26:00+00:00,0.49,519.9,217864
2026-01-14 20:27:00+00:00,0.51,523.3,238125
2026-01-14 20:28:00+00:00,1.22,548.0,266818
2026-01-14 20:29:00+00:00,0.77,534.2,249848
2026-01-14 20:30:00+00:00,0.26,540.9,221459
2026-01-14 20:31:00+00:00,0.19,567.9,227149
2026-01-14 20:32:00+00:00,0.16,577.6,276710
2026-01-14 20:33:00+00:00,0.17,592.6,291687
2026-01-14 20:34:00+00:00,0.16,569.5,239103
2026-01-14 20:35:00+00:00,0.14,572.8,261618
2026-01-14 20:36:00+00:00,0.17,557.0,237433
2026-01-14 20:37:00+00:00,0.81,542.6,292698
2026-01-14 20:38:00+00:00,0.54,519.0,177160
2026-01-14 20:39:00+00:00,0.37,522.3,243203
2026-01-14 20:40:00+00:00,0.36,531.1,358635
2026-01-14 20:41:00+00:00,0.34,533.1,341303
2026-01-14 20:42:00+00:00,0.23,553.1,453966
2026-01-14 20:43:00+00:00,0.09,494.4,199405
2026-01-14 20:44:00+00:00,0.11,529.0,209633
2026-01-14 20:45:00+00:00,0.15,581.9,327784
2026-01-14 20:46:00+00:00,0.21,561.7,294120
2026-01-14 20:47:00+00:00,0.30,535.7,282324
2026-01-14 20:48:00+00:00,0.35,532.2,258525
2026-01-14 20:49:00+00:00,0.38,521.4,170473
2026-01-14 20:50:00+00:00,0.13,479.0,80153
2026-01-14 20:51:00+00:00,0.13,572.2,282219
2026-01-14 20:52:00+00:00,0.13,571.8,297377
2026-01-14 20:53:00+00:00,0.03,452.5,56947
2026-01-14 20:54:00+00:00,0.03,,
2026-01-14 20:55:00+00:00,0.08,479.0,63405
2026-01-14 20:56:00+00:00,0.05,495.9,52050
2026-01-14 20:57:00+00:00,0.07,483.9,73792
2026-01-14 20:58:00+00:00,0.10,522.6,344525
2026-01-14 20:59:00+00:00,0.18,535.4,343885
2026-01-14 21:00:00+00:00,0.42,533.2,266654
2026-01-14 21:01:00+00:00,0.45,524.8,232130
2026-01-14 21:02:00+00:00,0.31,520.2,223994
2026-01-14 21:03:00+00:00,0.33,517.2,213982
2026-01-14 21:04:00+00:00,0.30,524.9,258395
2026-01-14 21:05:00+00:00,0.13,572.1,462013
2026-01-14 21:06:00+00:00,0.08,539.4,311048
2026-01-14 21:07:00+00:00,0.06,485.1,100609
2026-01-14 21:08:00+00:00,0.07,492.4,117929
2026-01-14 21:09:00+00:00,0.08,571.7,424367
2026-01-14 21:10:00+00:00,0.07,562.2,350171
2026-01-14 21:11:00+00:00,0.10,555.2,460026
2026-01-14 21:12:00+00:00,0.10,575.9,465946
2026-01-14 21:13:00+00:00,0.08,562.1,396017
2026-01-14 21:14:00+00:00,0.08,563.8,344723
2026-01-14 21:15:00+00:00,0.05,544.2,282573
2026-01-14 21:16:00+00:00,0.03,540.5,352131
2026-01-14 21:17:00+00:00,0.06,558.1,382913
2026-01-14 21:18:00+00:00,0.05,516.7,198115
2026-01-14 21:19:00+00:00,0.04,497.2,227406
2026-01-14 21:20:00+00:00,0.07,547.5,444982
2026-01-14 21:21:00+00:00,0.02,467.2,76425
2026-01-14 21:22:00+00:00,0.03,477.3,64452
2026-01-14 21:23:00+00:00,0.10,578.9,299072
2026-01-14 21:24:00+00:00,0.10,591.1,438946
2026-01-14 21:25:00+00:00,0.13,548.1,239633
2026-01-14 21:26:00+00:00,0.02,445.4,26951
2026-01-14 21:27:00+00:00,0.02,441.8,19617
2026-01-14 21:28:00+00:00,0.07,489.0,42313
2026-01-14 21:29:00+00:00,0.07,506.8,310657
2026-01-14 21:30:00+00:00,0.20,516.0,385534
2026-01-14 21:31:00+00:00,0.19,522.5,390882
2026-01-14 21:32:00+00:00,0.16,548.8,480951
2026-01-14 21:33:00+00:00,0.16,549.7,434657
2026-01-14 21:34:00+00:00,0.14,519.8,276402
2026-01-14 21:35:00+00:00,0.12,506.8,254017
2026-01-14 21:36:00+00:00,0.11,503.6,241128
2026-01-14 21:37:00+00:00,0.28,490.2,79627
2026-01-14 21:38:00+00:00,1.19,527.6,158891
2026-01-14 21:39:00+00:00,2.14,561.4,155175
2026-01-14 21:40:00+00:00,2.23,586.3,204608
2026-01-14 21:41:00+00:00,1.40,535.2,104925
2026-01-14 21:42:00+00:00,1.59,539.8,115181
2026-01-14 21:43:00+00:00,1.19,535.8,88063
2026-01-14 21:44:00+00:00,1.29,557.4,133701
2026-01-14 21:45:00+00:00,1.27,543.0,113410
2026-01-14 21:46:00+00:00,1.20,523.1,99035
2026-01-14 21:47:00+00:00,0.76,522.7,112331
2026-01-14 21:48:00+00:00,1.19,541.1,163273
2026-01-14 21:49:00+00:00,1.41,543.3,150660
2026-01-14 21:50:00+00:00,1.59,530.8,96680
2026-01-14 21:51:00+00:00,2.21,533.9,98957
2026-01-14 21:52:00+00:00,2.10,540.3,110051
2026-01-14 21:53:00+00:00,1.82,529.3,82107
2026-01-14 21:54:00+00:00,1.81,538.3,98488
2026-01-14 21:55:00+00:00,1.74,531.9,112954
2026-01-14 21:56:00+00:00,1.84,544.8,142027
2026-01-14 21:57:00+00:00,1.49,503.1,74042
2026-01-14 21:58:00+00:00,1.99,553.8,153007
2026-01-14 22:02:00+00:00,2.33,543.1,159027
2026-01-14 22:03:00+00:00,1.88,533.9,117624
2026-01-14 22:04:00+00:00,1.73,536.2,99970
2026-01-14 22:05:00+00:00,1.90,541.1,98316
2026-01-14 22:06:00+00:00,1.91,536.1,82018
2026-01-14 22:07:00+00:00,1.71,536.7,81792
2026-01-14 22:08:00+00:00,1.59,542.4,97401
2026-01-14 22:09:00+00:00,1.67,530.1,81777
2026-01-14 22:10:00+00:00,1.63,523.8,79577
2026-01-14 22:11:00+00:00,1.62,521.5,95781
2026-01-14 22:12:00+00:00,2.77,557.5,157105
2026-01-14 22:13:00+00:00,0.83,532.9,148384
2026-01-14 22:14:00+00:00,2.44,528.1,144215
2026-01-14 22:15:00+00:00,1.85,535.2,143480
2026-01-14 22:16:00+00:00,1.92,547.1,129566
2026-01-14 22:17:00+00:00,0.88,535.5,150532
2026-01-14 22:18:00+00:00,0.56,526.6,152500
2026-01-14 22:19:00+00:00,0.58,531.4,158156
2026-01-14 22:20:00+00:00,0.52,522.5,162705
2026-01-14 22:21:00+00:00,0.36,519.9,166585
2026-01-14 22:22:00+00:00,0.25,529.4,171445
2026-01-14 22:23:00+00:00,0.26,539.0,172137
2026-01-14 22:24:00+00:00,0.24,546.1,175507
2026-01-14 22:25:00+00:00,0.15,537.2,192588
2026-01-14 22:26:00+00:00,0.32,537.8,204389
2026-01-14 22:27:00+00:00,1.13,531.8,160054
2026-01-14 22:28:00+00:00,1.11,622.9,257118
2026-01-14 22:29:00+00:00,1.06,586.5,191481
2026-01-14 22:30:00+00:00,1.07,606.6,240878
2026-01-14 22:31:00+00:00,1.13,570.3,160878
2026-01-14 22:32:00+00:00,1.14,598.9,225820
2026-01-14 22:33:00+00:00,1.14,605.4,240625
2026-01-14 22:34:00+00:00,1.12,540.2,141902
2026-01-14 22:35:00+00:00,1.25,589.6,229030
2026-01-14 22:36:00+00:00,1.32,607.7,266049
2026-01-14 22:37:00+00:00,1.24,591.4,231909
2026-01-14 22:38:00+00:00,1.08,561.2,167614
2026-01-14 22:39:00+00:00,1.06,562.3,171168
2026-01-14 22:40:00+00:00,1.30,603.9,254579
2026-01-14 22:41:00+00:00,1.42,580.3,219457
2026-01-14 22:42:00+00:00,1.36,571.9,202772
2026-01-14 22:43:00+00:00,1.23,554.8,175419
2026-01-14 22:44:00+00:00,1.18,612.1,323505
2026-01-14 22:45:00+00:00,1.30,589.8,241947
2026-01-14 22:46:00+00:00,1.27,584.2,238701
2026-01-14 22:47:00+00:00,1.33,566.6,217185
2026-01-14 22:48:00+00:00,1.49,584.8,271251
2026-01-14 22:49:00+00:00,1.45,582.4,264559
2026-01-14 22:50:00+00:00,1.46,580.5,258839
2026-01-14 22:51:00+00:00,1.47,580.1,253012
2026-01-14 22:52:00+00:00,1.38,579.0,252276
2026-01-14 22:53:00+00:00,1.41,575.9,258451
2026-01-14 22:54:00+00:00,1.42,573.9,264123
2026-01-14 22:55:00+00:00,1.35,573.8,260119
2026-01-14 22:56:00+00:00,1.48,572.3,251260
2026-01-14 22:57:00+00:00,1.60,571.8,246236
2026-01-14 22:58:00+00:00,1.50,575.6,221060
2026-01-14 22:59:00+00:00,1.35,576.6,229239
2026-01-14 23:00:00+00:00,1.28,574.7,219830
2026-01-14 23:01:00+00:00,1.23,573.5,235404
2026-01-14 23:02:00+00:00,1.38,573.4,252755
2026-01-14 23:03:00+00:00,1.33,573.7,252747
2026-01-14 23:04:00+00:00,1.30,570.4,227029
2026-01-14 23:05:00+00:00,1.12,571.0,237231
2026-01-14 23:06:00+00:00,1.07,571.3,241898
2026-01-14 23:07:00+00:00,1.14,572.5,255470
2026-01-14 23:08:00+00:00,1.17,571.9,250932
2026-01-14 23:09:00+00:00,1.17,571.3,251821
2026-01-14 23:10:00+00:00,1.13,571.5,265617
2026-01-14 23:11:00+00:00,1.11,571.3,262263
2026-01-14 23:12:00+00:00,1.02,568.4,248728
2026-01-14 23:13:00+00:00,0.87,564.9,274244
2026-01-14 23:14:00+00:00,0.94,565.8,253930
2026-01-14 23:15:00+00:00,1.04,564.7,251713
2026-01-14 23:16:00+00:00,0.86,564.7,235313
2026-01-14 23:17:00+00:00,0.88,564.9,250031
2026-01-14 23:18:00+00:00,1.37,564.0,251256
2026-01-14 23:19:00+00:00,1.32,566.8,315403
2026-01-14 23:20:00+00:00,1.10,560.8,271142
2026-01-14 23:21:00+00:00,1.08,561.7,272754
2026-01-14 23:22:00+00:00,1.10,563.1,282515
2026-01-14 23:23:00+00:00,1.14,562.0,287942
2026-01-14 23:24:00+00:00,1.09,560.1,265936
2026-01-14 23:25:00+00:00,1.05,563.0,254103
2026-01-14 23:26:00+00:00,0.95,577.1,253847
2026-01-14 23:27:00+00:00,0.85,581.2,247841
2026-01-14 23:28:00+00:00,0.95,564.8,258666
2026-01-14 23:29:00+00:00,0.86,563.7,274520
2026-01-14 23:30:00+00:00,0.54,562.1,272662
2026-01-14 23:31:00+00:00,0.94,568.7,253580
2026-01-14 23:32:00+00:00,0.97,565.9,253573
2026-01-14 23:33:00+00:00,0.63,571.4,288245
2026-01-14 23:34:00+00:00,0.35,552.5,345617
2026-01-14 23:35:00+00:00,0.51,563.3,396370
2026-01-14 23:36:00+00:00,0.48,571.5,390239
2026-01-14 23:37:00+00:00,0.63,573.6,324009
2026-01-14 23:38:00+00:00,0.82,567.4,278118
2026-01-14 23:39:00+00:00,0.88,564.6,266788
2026-01-14 23:40:00+00:00,1.02,560.3,230145
2026-01-14 23:41:00+00:00,0.64,547.3,209364
2026-01-14 23:42:00+00:00,0.29,545.1,269608
2026-01-14 23:43:00+00:00,0.40,570.4,344418
2026-01-14 23:44:00+00:00,0.68,583.3,280524
2026-01-14 23:45:00+00:00,1.12,567.5,258860
2026-01-14 23:46:00+00:00,1.02,565.8,275904
2026-01-14 23:47:00+00:00,0.56,576.1,323823
2026-01-14 23:48:00+00:00,0.94,561.5,268418
2026-01-14 23:49:00+00:00,1.12,558.2,276689
2026-01-14 23:50:00+00:00,1.01,558.0,252617
2026-01-14 23:51:00+00:00,1.00,559.8,279435
2026-01-14 23:52:00+00:00,0.97,557.9,261999
2026-01-14 23:53:00+00:00,1.09,558.8,257902
2026-01-14 23:54:00+00:00,1.03,558.0,235968
2026-01-14 23:55:00+00:00,1.04,555.3,224319
2026-01-14 23:56:00+00:00,0.92,551.3,205676
2026-01-14 23:57:00+00:00,0.86,549.5,190407
2026-01-14 23:58:00+00:00,0.87,548.9,181983
2026-01-14 23:59:00+00:00,0.81,545.3,166169
2026-01-15 00:00:00+00:00,0.66,544.6,194998
2026-01-15 00:01:00+00:00,0.42,552.4,287717
2026-01-15 00:02:00+00:00,0.56,549.4,258787
2026-01-15 00:03:00+00:00,0.76,540.8,191495
2026-01-15 00:04:00+00:00,0.77,542.3,227707
2026-01-15 00:05:00+00:00,0.79,545.7,217935
2026-01-15 00:06:00+00:00,0.94,558.4,243707
2026-01-15 00:07:00+00:00,0.96,558.5,244719
2026-01-15 00:08:00+00:00,0.96,557.7,257542
2026-01-15 00:09:00+00:00,1.10,559.1,250025
2026-01-15 00:10:00+00:00,1.12,558.3,257463
2026-01-15 00:11:00+00:00,1.11,553.8,241906
2026-01-15 00:12:00+00:00,1.11,551.5,230294
2026-01-15 00:13:00+00:00,1.15,548.2,238233
2026-01-15 00:14:00+00:00,1.08,547.4,238895
2026-01-15 00:15:00+00:00,1.03,546.2,231617
2026-01-15 00:16:00+00:00,1.12,546.3,218047
2026-01-15 00:17:00+00:00,1.04,544.1,213727
2026-01-15 00:18:00+00:00,0.70,535.4,200652
2026-01-15 00:19:00+00:00,0.43,543.6,230423
2026-01-15 00:20:00+00:00,0.23,539.5,278407
2026-01-15 00:21:00+00:00,0.37,561.5,312027
2026-01-15 00:22:00+00:00,0.56,558.4,215703
2026-01-15 00:23:00+00:00,0.25,542.4,273834
2026-01-15 00:24:00+00:00,0.32,529.2,230420
2026-01-15 00:25:00+00:00,0.34,522.4,253572
2026-01-15 00:26:00+00:00,0.39,524.2,236022
2026-01-15 00:27:00+00:00,0.37,526.4,255442
2026-01-15 00:28:00+00:00,0.34,523.2,226027
2026-01-15 00:29:00+00:00,0.32,521.3,190236
2026-01-15 00:30:00+00:00,0.34,531.9,222903
2026-01-15 00:31:00+00:00,0.41,545.1,277917
2026-01-15 00:32:00+00:00,0.38,544.9,293296
2026-01-15 00:33:00+00:00,0.33,542.8,263337
2026-01-15 00:34:00+00:00,0.41,544.7,236559
2026-01-15 00:35:00+00:00,0.33,543.6,312586
2026-01-15 00:36:00+00:00,0.41,541.1,222976
2026-01-15 00:37:00+00:00,0.28,547.8,282119
2026-01-15 00:38:00+00:00,0.27,549.7,205264
2026-01-15 00:39:00+00:00,0.28,554.4,229758
2026-01-15 00:40:00+00:00,0.32,552.8,218295
2026-01-15 00:41:00+00:00,0.33,552.3,196043
2026-01-15 00:42:00+00:00,0.28,551.3,241063
2026-01-15 00:43:00+00:00,0.28,551.9,245652
2026-01-15 00:44:00+00:00,0.27,553.1,238273
2026-01-15 00:45:00+00:00,0.24,553.5,240258
2026-01-15 00:46:00+00:00,0.21,549.7,257669
2026-01-15 00:47:00+00:00,0.22,551.5,259099
2026-01-15 00:48:00+00:00,0.24,554.5,269065
2026-01-15 00:49:00+00:00,0.28,551.7,281304
2026-01-15 00:50:00+00:00,0.30,545.3,263263
2026-01-15 00:51:00+00:00,0.27,553.0,262371
2026-01-15 00:52:00+00:00,0.30,551.0,285677
2026-01-15 00:53:00+00:00,0.39,538.0,166663
2026-01-15 00:54:00+00:00,0.30,543.8,287989
2026-01-15 00:55:00+00:00,0.28,543.7,279452
2026-01-15 00:56:00+00:00,0.26,542.7,237845
2026-01-15 00:57:00+00:00,0.34,540.3,316146
2026-01-15 00:58:00+00:00,0.43,545.1,375215
2026-01-15 00:59:00+00:00,0.69,548.5,297531
2026-01-15 01:00:00+00:00,0.85,548.9,237113
2026-01-15 01:01:00+00:00,0.66,551.4,288067
2026-01-15 01:02:00+00:00,0.40,547.0,327719
2026-01-15 01:03:00+00:00,0.34,538.8,287816
2026-01-15 01:04:00+00:00,0.34,537.1,248986
2026-01-15 01:05:00+00:00,0.29,530.0,245017
2026-01-15 01:06:00+00:00,0.32,531.0,289767
2026-01-15 01:07:00+00:00,0.30,533.4,271327
2026-01-15 01:08:00+00:00,0.28,534.9,281556
2026-01-15 01:09:00+00:00,0.40,530.8,201053
2026-01-15 01:10:00+00:00,1.07,538.1,206136
2026-01-15 01:11:00+00:00,0.96,538.0,216963
2026-01-15 01:12:00+00:00,1.20,540.7,239887
2026-01-15 01:13:00+00:00,1.34,538.9,240735
2026-01-15 01:14:00+00:00,0.74,527.6,242728
2026-01-15 01:15:00+00:00,0.51,524.4,208406
2026-01-15 01:16:00+00:00,0.67,535.2,217479
2026-01-15 01:17:00+00:00,0.80,549.1,237985
2026-01-15 01:18:00+00:00,0.81,555.3,235777
2026-01-15 01:19:00+00:00,1.11,547.8,211604
2026-01-15 01:20:00+00:00,1.09,546.7,207122
2026-01-15 01:21:00+00:00,1.09,544.4,197722
2026-01-15 01:22:00+00:00,1.15,545.8,204935
2026-01-15 01:23:00+00:00,1.01,546.1,223879
2026-01-15 01:24:00+00:00,0.95,543.8,225710
2026-01-15 01:25:00+00:00,0.97,540.5,212725
2026-01-15 01:26:00+00:00,0.79,542.5,217366
2026-01-15 01:27:00+00:00,1.04,542.0,213798
2026-01-15 01:28:00+00:00,1.06,539.8,202727
2026-01-15 01:29:00+00:00,0.79,531.6,145209
2026-01-15 01:30:00+00:00,0.93,538.6,180479
2026-01-15 01:31:00+00:00,0.93,538.5,195257
2026-01-15 01:32:00+00:00,0.85,533.0,192013
2026-01-15 01:33:00+00:00,0.79,529.3,195304
2026-01-15 01:34:00+00:00,0.74,527.0,188745
2026-01-15 01:35:00+00:00,0.71,526.6,200187
2026-01-15 01:36:00+00:00,0.69,529.2,221062
2026-01-15 01:37:00+00:00,0.59,528.9,195725
2026-01-15 01:38:00+00:00,0.33,522.4,246457
2026-01-15 01:39:00+00:00,0.74,531.5,180755
2026-01-15 01:40:00+00:00,0.66,524.6,175309
2026-01-15 01:41:00+00:00,0.60,521.8,139069
2026-01-15 01:42:00+00:00,0.23,525.1,210872
2026-01-15 01:43:00+00:00,0.19,516.8,235729
2026-01-15 01:44:00+00:00,0.22,526.5,251844
2026-01-15 01:45:00+00:00,0.22,527.1,219596
2026-01-15 01:46:00+00:00,0.20,521.8,191518
2026-01-15 01:47:00+00:00,0.18,526.4,245896
2026-01-15 01:48:00+00:00,0.19,528.4,225518
2026-01-15 01:49:00+00:00,0.20,522.3,209912
2026-01-15 01:50:00+00:00,0.19,519.6,231441
2026-01-15 01:51:00+00:00,0.18,522.4,223817
2026-01-15 01:52:00+00:00,0.15,517.8,320618
2026-01-15 01:53:00+00:00,0.16,521.1,308631
2026-01-15 01:54:00+00:00,0.19,533.1,271390
2026-01-15 01:55:00+00:00,0.15,537.5,278592
2026-01-15 01:56:00+00:00,0.23,519.5,245761
2026-01-15 01:57:00+00:00,0.23,523.8,213435
2026-01-15 01:58:00+00:00,0.19,530.1,268774
2026-01-15 01:59:00+00:00,0.24,515.6,161846
2026-01-15 02:00:00+00:00,0.24,516.1,176850
2026-01-15 02:01:00+00:00,0.27,514.6,188713
2026-01-15 02:02:00+00:00,0.16,514.0,216865
2026-01-15 02:03:00+00:00,0.15,517.1,177176
2026-01-15 02:04:00+00:00,0.15,519.5,175999
2026-01-15 02:05:00+00:00,0.14,520.4,175425
2026-01-15 02:06:00+00:00,0.14,523.6,162624
2026-01-15 02:07:00+00:00,0.13,524.1,165921
2026-01-15 02:08:00+00:00,0.13,520.0,152723
2026-01-15 02:09:00+00:00,0.13,525.2,158370
2026-01-15 02:10:00+00:00,0.14,530.2,161318
2026-01-15 02:11:00+00:00,0.12,525.5,170928
2026-01-15 02:12:00+00:00,0.18,527.8,144141
2026-01-15 02:13:00+00:00,0.13,532.0,204168
2026-01-15 02:14:00+00:00,0.14,533.7,239956
2026-01-15 02:15:00+00:00,0.25,530.4,197962
2026-01-15 02:16:00+00:00,0.18,533.1,260218
2026-01-15 02:17:00+00:00,0.16,533.6,276029
2026-01-15 02:18:00+00:00,0.16,529.5,224298
2026-01-15 02:19:00+00:00,0.18,530.7,226174
2026-01-15 02:20:00+00:00,0.24,530.0,191239
2026-01-15 02:21:00+00:00,0.20,527.4,182599
2026-01-15 02:22:00+00:00,0.12,524.5,235850
2026-01-15 02:23:00+00:00,0.13,520.9,225507
2026-01-15 02:24:00+00:00,0.16,519.5,152544
2026-01-15 02:25:00+00:00,0.27,528.0,163763
2026-01-15 02:26:00+00:00,0.25,528.3,171223
2026-01-15 02:27:00+00:00,0.16,529.8,209250
2026-01-15 02:28:00+00:00,0.15,528.8,213978
2026-01-15 02:29:00+00:00,0.25,522.1,161583
2026-01-15 02:30:00+00:00,0.21,520.6,152803
2026-01-15 02:31:00+00:00,0.18,530.3,218832
2026-01-15 02:32:00+00:00,0.15,529.9,216463
2026-01-15 02:33:00+00:00,0.14,525.8,194048
2026-01-15 02:34:00+00:00,0.15,524.4,190364
2026-01-15 02:35:00+00:00,0.15,527.0,201230
2026-01-15 02:36:00+00:00,0.16,528.6,192398
2026-01-15 02:37:00+00:00,0.16,530.3,203195
2026-01-15 02:38:00+00:00,0.15,531.1,227371
2026-01-15 02:39:00+00:00,0.19,530.6,214539
2026-01-15 02:40:00+00:00,0.24,529.8,180485
2026-01-15 02:41:00+00:00,0.20,525.5,172316
2026-01-15 02:42:00+00:00,0.19,526.3,191935
2026-01-15 02:43:00+00:00,0.27,522.9,170117
2026-01-15 02:44:00+00:00,0.25,527.9,198161
2026-01-15 02:45:00+00:00,0.21,530.5,254043
2026-01-15 02:46:00+00:00,0.10,494.9,84463
2026-01-15 02:47:00+00:00,0.18,520.8,180600
2026-01-15 02:48:00+00:00,0.17,522.1,202740
2026-01-15 02:49:00+00:00,0.17,527.1,222520
2026-01-15 02:50:00+00:00,0.15,530.6,236060
2026-01-15 02:51:00+00:00,0.21,525.0,231519
2026-01-15 02:52:00+00:00,0.23,519.0,175698
2026-01-15 02:53:00+00:00,0.23,521.2,164805
2026-01-15 02:54:00+00:00,0.27,523.4,178792
2026-01-15 02:55:00+00:00,0.29,521.1,159693
2026-01-15 02:56:00+00:00,0.26,520.4,167588
2026-01-15 02:57:00+00:00,0.18,519.7,187904
2026-01-15 02:58:00+00:00,0.22,527.0,216847
2026-01-15 02:59:00+00:00,0.22,527.5,219568
2026-01-15 03:00:00+00:00,0.19,531.5,241946
2026-01-15 03:01:00+00:00,0.26,527.9,180718
2026-01-15 03:02:00+00:00,0.22,523.1,163284
2026-01-15 03:03:00+00:00,0.19,524.0,245238
2026-01-15 03:04:00+00:00,0.17,523.8,214656
2026-01-15 03:05:00+00:00,0.17,523.4,214617
2026-01-15 03:06:00+00:00,0.17,531.0,233244
2026-01-15 03:07:00+00:00,0.18,530.0,223618
2026-01-15 03:08:00+00:00,0.20,527.2,212811
2026-01-15 03:09:00+00:00,0.17,527.7,236381
2026-01-15 03:10:00+00:00,0.20,527.1,218109
2026-01-15 03:11:00+00:00,0.24,523.0,172651
2026-01-15 03:12:00+00:00,0.16,518.4,184883
2026-01-15 03:13:00+00:00,0.17,516.9,179828
2026-01-15 03:14:00+00:00,0.16,517.0,202819
2026-01-15 03:15:00+00:00,0.25,512.0,172815
2026-01-15 03:16:00+00:00,0.55,500.2,137731
2026-01-15 03:17:00+00:00,0.69,508.3,107526
2026-01-15 03:18:00+00:00,0.35,515.8,174569
2026-01-15 03:19:00+00:00,0.23,518.7,178897
2026-01-15 03:20:00+00:00,0.39,511.4,185449
2026-01-15 03:21:00+00:00,0.29,508.3,200338
2026-01-15 03:22:00+00:00,0.40,508.7,172738
2026-01-15 03:23:00+00:00,0.42,523.3,189045
2026-01-15 03:24:00+00:00,0.62,523.3,179146
2026-01-15 03:25:00+00:00,0.75,515.8,140558
2026-01-15 03:26:00+00:00,0.47,514.1,144867
2026-01-15 03:27:00+00:00,0.16,514.9,171366
2026-01-15 03:28:00+00:00,0.22,513.2,162002
2026-01-15 03:29:00+00:00,0.31,501.0,165589
2026-01-15 03:30:00+00:00,0.14,494.3,217663
2026-01-15 03:31:00+00:00,0.26,502.6,190778
2026-01-15 03:32:00+00:00,0.27,503.0,188852
2026-01-15 03:33:00+00:00,0.70,514.7,132994
2026-01-15 03:34:00+00:00,0.22,505.9,204316
2026-01-15 03:35:00+00:00,0.72,509.6,105837
2026-01-15 03:36:00+00:00,0.32,514.2,122531
2026-01-15 03:37:00+00:00,0.20,511.1,123167
2026-01-15 03:38:00+00:00,0.29,508.7,115618
2026-01-15 03:39:00+00:00,0.23,506.6,137024
2026-01-15 03:40:00+00:00,0.12,473.3,78585
2026-01-15 03:41:00+00:00,0.35,477.9,77636
2026-01-15 03:42:00+00:00,0.43,505.6,146145
2026-01-15 03:43:00+00:00,0.20,506.5,151277
2026-01-15 03:44:00+00:00,0.24,508.1,137755
2026-01-15 03:45:00+00:00,0.22,499.8,166616
2026-01-15 03:46:00+00:00,0.27,501.5,170619
2026-01-15 03:47:00+00:00,0.62,503.8,84358
2026-01-15 03:48:00+00:00,0.72,509.7,96145
2026-01-15 03:49:00+00:00,0.74,508.2,104898
2026-01-15 03:50:00+00:00,0.30,505.9,122729
2026-01-15 03:51:00+00:00,0.19,505.9,156499
2026-01-15 03:52:00+00:00,0.63,508.7,117791
2026-01-15 03:53:00+00:00,0.31,498.3,152330
2026-01-15 03:54:00+00:00,0.61,501.9,122352
2026-01-15 03:55:00+00:00,0.78,503.6,100972
2026-01-15 03:56:00+00:00,0.77,505.1,92401
2026-01-15 03:57:00+00:00,0.52,494.1,99817
2026-01-15 03:58:00+00:00,0.24,490.0,197187
2026-01-15 04:00:00+00:00,0.37,509.5,144826
2026-01-15 04:01:00+00:00,0.37,509.2,143847
2026-01-15 04:02:00+00:00,0.38,507.5,137244
2026-01-15 04:03:00+00:00,0.32,503.5,120306
2026-01-15 04:04:00+00:00,0.70,,
2026-01-15 04:05:00+00:00,0.70,498.3,102842
2026-01-15 04:06:00+00:00,0.39,496.8,110483
2026-01-15 04:07:00+00:00,0.47,494.9,117748
2026-01-15 04:08:00+00:00,0.58,495.2,111021
2026-01-15 04:09:00+00:00,0.60,495.8,106399
2026-01-15 04:10:00+00:00,0.70,495.2,100037
2026-01-15 04:11:00+00:00,0.79,495.0,97448
2026-01-15 04:12:00+00:00,0.80,495.2,99280
2026-01-15 04:13:00+00:00,0.80,495.7,96857
2026-01-15 04:14:00+00:00,0.71,493.8,99854
2026-01-15 04:15:00+00:00,0.66,492.4,105360
2026-01-15 04:16:00+00:00,0.82,494.2,100059
2026-01-15 04:17:00+00:00,0.86,493.1,103531
2026-01-15 04:18:00+00:00,0.89,492.4,113971
2026-01-15 04:19:00+00:00,0.26,488.4,142614
2026-01-15 04:20:00+00:00,0.29,489.0,145522
2026-01-15 04:21:00+00:00,0.21,485.2,140228
2026-01-15 04:22:00+00:00,0.83,489.0,91923
2026-01-15 04:23:00+00:00,0.91,490.9,104683
2026-01-15 04:24:00+00:00,0.97,490.0,97392
2026-01-15 04:25:00+00:00,0.94,490.1,91824
2026-01-15 04:26:00+00:00,0.96,491.2,100013
2026-01-15 04:27:00+00:00,0.93,491.7,103227
2026-01-15 04:28:00+00:00,0.88,492.1,100904
2026-01-15 04:29:00+00:00,1.09,490.8,92221
2026-01-15 04:30:00+00:00,1.32,490.0,82425
2026-01-15 04:31:00+00:00,1.30,490.9,81162
2026-01-15 04:32:00+00:00,1.16,491.3,86937
2026-01-15 04:33:00+00:00,0.91,492.9,98041
2026-01-15 04:34:00+00:00,0.83,497.0,114130
2026-01-15 04:35:00+00:00,0.82,497.0,95306
2026-01-15 04:36:00+00:00,0.86,488.2,78652
2026-01-15 04:38:00+00:00,0.70,488.0,76076
2026-01-15 04:39:00+00:00,0.78,493.6,85986
2026-01-15 04:40:00+00:00,1.03,489.1,74470
2026-01-15 04:41:00+00:00,1.03,488.1,75154
2026-01-15 04:42:00+00:00,1.00,487.7,69873
2026-01-15 04:43:00+00:00,1.00,487.4,71618
2026-01-15 04:44:00+00:00,1.00,487.9,76835
2026-01-15 04:45:00+00:00,1.08,489.5,76295
2026-01-15 04:46:00+00:00,1.19,490.8,75419
2026-01-15 04:47:00+00:00,1.10,489.0,74667
2026-01-15 04:48:00+00:00,0.82,486.7,74292
2026-01-15 04:49:00+00:00,0.76,489.9,82019
2026-01-15 04:50:00+00:00,1.06,492.1,72475
2026-01-15 04:51:00+00:00,1.12,490.3,79697
2026-01-15 04:52:00+00:00,1.00,492.3,78958
2026-01-15 04:53:00+00:00,0.89,491.6,81426
2026-01-15 04:54:00+00:00,0.78,489.1,73076
2026-01-15 04:55:00+00:00,0.63,488.3,74710
2026-01-15 04:56:00+00:00,0.79,490.1,78374
2026-01-15 04:57:00+00:00,0.77,489.9,87630
2026-01-15 04:58:00+00:00,0.88,490.1,80296
2026-01-15 04:59:00+00:00,0.92,491.9,84547
2026-01-15 05:00:00+00:00,0.91,493.0,93285
2026-01-15 05:01:00+00:00,0.90,494.0,91668
2026-01-15 05:02:00+00:00,0.89,495.6,94450
2026-01-15 05:03:00+00:00,0.86,496.8,101532
2026-01-15 05:04:00+00:00,0.80,495.4,92982
2026-01-15 05:05:00+00:00,0.75,489.9,82910
2026-01-15 05:06:00+00:00,0.63,483.3,83637
2026-01-15 05:07:00+00:00,0.55,483.3,88335
2026-01-15 05:08:00+00:00,0.53,481.0,79795
2026-01-15 05:09:00+00:00,0.47,487.9,82470
2026-01-15 05:10:00+00:00,0.47,,
2026-01-15 05:11:00+00:00,0.22,488.6,181877
2026-01-15 05:12:00+00:00,0.50,485.3,91517
2026-01-15 05:13:00+00:00,0.26,484.8,141318
2026-01-15 05:14:00+00:00,0.48,483.4,112265
2026-01-15 05:15:00+00:00,0.63,483.0,91678
2026-01-15 05:16:00+00:00,0.59,481.5,92393
2026-01-15 05:17:00+00:00,0.63,479.5,88450
2026-01-15 05:18:00+00:00,0.74,478.2,91681
2026-01-15 05:19:00+00:00,0.76,477.2,103297
2026-01-15 05:20:00+00:00,0.68,476.6,103805
2026-01-15 05:21:00+00:00,0.59,475.9,95876
2026-01-15 05:22:00+00:00,0.61,474.3,92331
2026-01-15 05:23:00+00:00,0.58,474.2,95339
2026-01-15 05:24:00+00:00,0.58,471.4,88204
2026-01-15 05:25:00+00:00,0.20,461.3,117530
2026-01-15 05:26:00+00:00,0.47,472.9,99058
2026-01-15 05:27:00+00:00,0.49,474.9,95552
2026-01-15 05:28:00+00:00,0.53,477.1,94345
2026-01-15 05:29:00+00:00,0.31,475.6,149780
2026-01-15 05:30:00+00:00,0.17,478.5,147379
2026-01-15 05:31:00+00:00,0.15,482.0,136985
2026-01-15 05:32:00+00:00,0.19,480.3,153871
2026-01-15 05:33:00+00:00,0.18,488.4,184001
2026-01-15 05:34:00+00:00,0.16,499.1,191152
2026-01-15 05:35:00+00:00,0.15,494.3,179714
2026-01-15 05:36:00+00:00,0.16,485.3,151247
2026-01-15 05:37:00+00:00,0.25,485.2,86820
2026-01-15 05:38:00+00:00,0.35,485.4,98327
2026-01-15 05:39:00+00:00,0.58,481.6,89642
2026-01-15 05:40:00+00:00,0.16,468.1,90959
2026-01-15 05:41:00+00:00,0.15,491.0,147911
2026-01-15 05:42:00+00:00,0.14,493.6,125867
2026-01-15 05:43:00+00:00,0.14,493.6,125107
2026-01-15 05:44:00+00:00,0.12,487.5,112733
2026-01-15 05:45:00+00:00,0.13,486.2,157171
2026-01-15 05:46:00+00:00,0.17,484.1,129503
2026-01-15 05:47:00+00:00,0.15,487.2,145377
2026-01-15 05:48:00+00:00,0.12,487.9,150932
2026-01-15 05:49:00+00:00,0.12,487.7,140486
2026-01-15 05:50:00+00:00,0.12,490.4,144764
2026-01-15 05:51:00+00:00,0.14,492.9,126516
2026-01-15 05:52:00+00:00,0.20,499.0,106569
2026-01-15 05:53:00+00:00,0.35,509.8,147498
2026-01-15 05:54:00+00:00,0.52,504.4,143554
2026-01-15 05:55:00+00:00,0.12,517.1,257580
2026-01-15 05:56:00+00:00,0.18,524.2,301361
2026-01-15 05:57:00+00:00,0.17,527.9,243361
2026-01-15 05:58:00+00:00,0.16,525.3,253560
2026-01-15 05:59:00+00:00,0.48,504.9,118624
2026-01-15 06:00:00+00:00,0.23,499.4,180416
2026-01-15 06:01:00+00:00,0.18,501.5,173879
2026-01-15 06:02:00+00:00,0.17,504.1,201911
2026-01-15 06:03:00+00:00,0.32,501.6,147386
2026-01-15 06:04:00+00:00,0.45,497.6,96215
2026-01-15 06:05:00+00:00,0.52,495.2,92369
2026-01-15 06:06:00+00:00,0.62,494.3,95272
2026-01-15 06:07:00+00:00,0.77,496.0,90876
2026-01-15 06:08:00+00:00,0.84,501.3,88821
2026-01-15 06:09:00+00:00,0.63,507.7,110559
2026-01-15 06:10:00+00:00,0.25,510.7,171364
2026-01-15 06:11:00+00:00,0.22,511.1,184148
2026-01-15 06:12:00+00:00,0.31,512.0,158350
2026-01-15 06:13:00+00:00,0.43,510.2,173939
2026-01-15 06:14:00+00:00,0.43,536.4,193189
2026-01-15 06:15:00+00:00,0.45,549.6,171344
2026-01-15 06:16:00+00:00,0.45,550.9,168843
2026-01-15 06:17:00+00:00,0.13,509.0,136146
2026-01-15 06:18:00+00:00,0.42,528.5,131599
2026-01-15 06:19:00+00:00,0.36,527.0,207435
2026-01-15 06:20:00+00:00,0.24,523.9,223093
2026-01-15 06:21:00+00:00,0.24,525.3,208654
2026-01-15 06:22:00+00:00,0.25,526.4,203177
2026-01-15 06:23:00+00:00,0.44,529.7,171412
2026-01-15 06:24:00+00:00,0.60,532.5,158737
2026-01-15 06:25:00+00:00,0.33,534.2,179155
2026-01-15 06:26:00+00:00,0.53,534.1,171381
2026-01-15 06:27:00+00:00,0.26,536.9,247335
2026-01-15 06:28:00+00:00,0.33,545.4,261844
2026-01-15 06:29:00+00:00,0.24,543.9,202484
2026-01-15 06:30:00+00:00,0.55,544.3,119435
2026-01-15 06:31:00+00:00,0.58,549.0,114487
2026-01-15 06:32:00+00:00,0.88,552.1,112795
2026-01-15 06:33:00+00:00,0.87,552.5,114561
2026-01-15 06:34:00+00:00,0.94,554.8,102238
2026-01-15 06:35:00+00:00,0.89,557.0,100048
2026-01-15 06:36:00+00:00,0.49,549.6,153037
2026-01-15 06:37:00+00:00,0.57,544.8,143344
2026-01-15 06:38:00+00:00,0.70,546.6,122701
2026-01-15 06:39:00+00:00,0.61,550.2,153492
2026-01-15 06:40:00+00:00,0.91,554.7,149794
2026-01-15 06:41:00+00:00,1.00,555.3,158503
2026-01-15 06:42:00+00:00,1.52,562.6,137045
2026-01-15 06:43:00+00:00,1.72,554.0,138863
2026-01-15 06:44:00+00:00,1.70,554.3,149509
2026-01-15 06:45:00+00:00,1.71,555.1,126207
2026-01-15 06:46:00+00:00,1.27,553.5,133482
2026-01-15 06:47:00+00:00,1.19,555.8,161625
2026-01-15 06:48:00+00:00,1.54,556.2,157423
2026-01-15 06:49:00+00:00,1.61,556.3,155963
2026-01-15 06:50:00+00:00,0.98,566.4,160157
2026-01-15 06:51:00+00:00,1.29,567.2,148803
2026-01-15 06:52:00+00:00,1.47,568.4,133187
2026-01-15 06:53:00+00:00,1.46,569.3,131342
2026-01-15 06:54:00+00:00,1.41,570.3,132227
2026-01-15 06:55:00+00:00,1.26,569.9,125681
2026-01-15 06:56:00+00:00,1.09,567.9,126437
2026-01-15 06:57:00+00:00,1.06,567.9,136329
2026-01-15 06:58:00+00:00,1.01,569.0,143564
2026-01-15 06:59:00+00:00,1.02,575.2,114512
2026-01-15 07:00:00+00:00,0.93,569.5,90031
2026-01-15 07:01:00+00:00,0.88,572.7,101340
2026-01-15 07:02:00+00:00,1.08,573.9,105978
2026-01-15 07:03:00+00:00,1.15,572.0,108716
2026-01-15 07:04:00+00:00,1.27,573.1,105350
2026-01-15 07:05:00+00:00,1.36,575.5,111200
2026-01-15 07:06:00+00:00,0.86,580.1,205593
2026-01-15 07:07:00+00:00,0.60,583.0,217537
2026-01-15 07:08:00+00:00,0.47,594.6,180256
2026-01-15 07:09:00+00:00,0.38,602.1,162617
2026-01-15 07:10:00+00:00,0.48,591.6,199348
2026-01-15 07:11:00+00:00,0.57,581.6,246150
2026-01-15 07:12:00+00:00,0.47,585.0,253964
2026-01-15 07:13:00+00:00,0.39,584.2,252691
2026-01-15 07:14:00+00:00,0.50,585.7,161945
2026-01-15 07:15:00+00:00,0.40,579.2,230403
2026-01-15 07:16:00+00:00,0.31,583.4,242831
2026-01-15 07:17:00+00:00,0.59,579.2,157102
2026-01-15 07:18:00+00:00,0.30,580.6,210705
2026-01-15 07:19:00+00:00,0.27,589.7,220958
2026-01-15 07:20:00+00:00,0.26,590.7,221892
2026-01-15 07:21:00+00:00,0.47,587.9,240759
2026-01-15 07:22:00+00:00,0.47,587.9,240759
2026-01-15 07:23:00+00:00,0.71,577.3,162201
2026-01-15 07:24:00+00:00,0.71,577.3,162201
2026-01-15 08:14:00+00:00,1.28,621.0,241123
2026-01-15 08:15:00+00:00,1.33,620.1,243216
2026-01-15 08:16:00+00:00,1.38,620.8,254755
2026-01-15 08:17:00+00:00,1.33,625.5,268358
2026-01-15 08:18:00+00:00,1.41,630.3,275645
2026-01-15 08:19:00+00:00,1.52,649.4,369837
2026-01-15 08:20:00+00:00,1.20,594.1,175006
2026-01-15 08:21:00+00:00,1.55,653.6,396882
2026-01-15 08:22:00+00:00,1.23,593.5,165041
2026-01-15 08:23:00+00:00,1.32,631.1,270200
2026-01-15 08:24:00+00:00,1.59,640.3,305589
2026-01-15 08:25:00+00:00,1.41,625.6,256623
2026-01-15 08:26:00+00:00,1.31,617.1,220775
2026-01-15 08:27:00+00:00,1.26,608.9,195605
2026-01-15 08:28:00+00:00,1.24,605.1,185886
2026-01-15 08:29:00+00:00,1.33,627.1,268560
2026-01-15 08:30:00+00:00,1.32,623.8,259490
2026-01-15 08:31:00+00:00,1.28,616.7,230261
2026-01-15 08:32:00+00:00,1.29,619.7,237263
2026-01-15 08:33:00+00:00,1.43,633.9,302313
2026-01-15 08:34:00+00:00,1.42,617.9,230575
2026-01-15 08:35:00+00:00,1.43,614.3,230422
2026-01-15 08:36:00+00:00,1.49,641.1,306321
2026-01-15 08:37:00+00:00,1.10,607.6,198881
2026-01-15 08:38:00+00:00,1.21,617.7,224287
2026-01-15 08:39:00+00:00,1.19,598.8,188084
2026-01-15 08:40:00+00:00,1.43,637.0,265214
2026-01-15 08:41:00+00:00,1.26,625.8,246464
2026-01-15 08:42:00+00:00,1.19,614.0,242453
2026-01-15 08:43:00+00:00,1.15,583.2,180962
2026-01-15 08:44:00+00:00,1.25,603.7,213437
2026-01-15 08:45:00+00:00,1.50,622.6,226677
2026-01-15 08:46:00+00:00,1.63,611.0,178517
2026-01-15 08:47:00+00:00,1.40,595.1,159780
2026-01-15 08:48:00+00:00,1.14,587.3,170134
2026-01-15 08:49:00+00:00,1.27,619.4,224893
2026-01-15 08:50:00+00:00,1.18,613.5,219346
2026-01-15 08:51:00+00:00,1.19,623.6,240432
2026-01-15 08:52:00+00:00,1.30,647.0,333349
2026-01-15 08:53:00+00:00,1.15,612.2,220194
2026-01-15 08:54:00+00:00,1.29,621.3,266133
2026-01-15 08:55:00+00:00,1.21,592.2,211312
2026-01-15 08:56:00+00:00,1.51,645.8,312117
2026-01-15 08:57:00+00:00,1.52,632.8,271163
2026-01-15 08:58:00+00:00,1.62,636.8,301451
2026-01-15 08:59:00+00:00,1.48,610.3,220801
2026-01-15 09:00:00+00:00,1.53,614.0,193802
2026-01-15 09:01:00+00:00,1.65,630.7,218209
2026-01-15 09:02:00+00:00,1.36,594.3,209112
2026-01-15 09:03:00+00:00,1.34,611.7,235068
2026-01-15 09:04:00+00:00,1.34,643.0,287560
2026-01-15 09:05:00+00:00,1.36,643.2,290941
2026-01-15 09:06:00+00:00,1.16,629.0,238993
2026-01-15 09:07:00+00:00,1.13,616.6,226251
2026-01-15 09:08:00+00:00,1.33,659.8,303646
2026-01-15 09:09:00+00:00,1.28,619.8,223661
2026-01-15 09:10:00+00:00,1.50,627.5,228127
2026-01-15 09:11:00+00:00,1.44,609.6,201531
2026-01-15 09:12:00+00:00,1.67,644.9,269637
2026-01-15 09:13:00+00:00,1.30,625.7,242476
2026-01-15 09:14:00+00:00,1.12,594.6,177184
2026-01-15 09:15:00+00:00,1.24,621.1,240366
2026-01-15 09:16:00+00:00,1.31,627.6,257410
2026-01-15 09:17:00+00:00,1.02,621.5,260415
2026-01-15 09:18:00+00:00,1.03,615.0,274634
2026-01-15 09:19:00+00:00,1.40,612.1,238729
2026-01-15 09:20:00+00:00,1.39,631.9,212419
2026-01-15 09:21:00+00:00,1.35,628.4,209968
2026-01-15 09:22:00+00:00,1.23,624.9,165468
2026-01-15 09:23:00+00:00,1.26,620.3,170672
2026-01-15 09:24:00+00:00,1.44,647.0,229919
2026-01-15 09:25:00+00:00,1.43,611.2,151819
2026-01-15 09:26:00+00:00,1.20,626.8,254076
2026-01-15 09:27:00+00:00,1.21,619.4,245394
2026-01-15 09:28:00+00:00,1.27,654.3,320061
2026-01-15 09:29:00+00:00,1.13,620.9,233996
2026-01-15 09:30:00+00:00,0.99,618.9,221535
2026-01-15 09:31:00+00:00,0.97,630.5,238412
2026-01-15 09:32:00+00:00,1.19,649.3,277670
2026-01-15 09:33:00+00:00,1.35,646.3,265883
2026-01-15 09:34:00+00:00,1.34,632.1,228063
2026-01-15 09:35:00+00:00,1.33,615.7,225500
2026-01-15 09:36:00+00:00,1.31,615.2,235522
2026-01-15 09:37:00+00:00,1.11,617.3,288842
2026-01-15 09:38:00+00:00,0.77,623.9,362980
2026-01-15 09:39:00+00:00,1.46,606.5,253343
2026-01-15 09:40:00+00:00,1.23,645.2,351428
2026-01-15 09:41:00+00:00,0.99,602.3,201268
2026-01-15 09:42:00+00:00,0.48,632.1,357131
2026-01-15 09:43:00+00:00,1.57,627.9,206499
2026-01-15 09:44:00+00:00,1.30,597.6,165867
2026-01-15 09:45:00+00:00,1.27,634.5,202264
2026-01-15 09:46:00+00:00,1.25,598.7,169544
2026-01-15 09:47:00+00:00,1.25,637.9,235994
2026-01-15 09:48:00+00:00,1.21,642.5,235461
2026-01-15 09:49:00+00:00,1.14,622.8,185888
2026-01-15 09:50:00+00:00,1.13,628.7,180206
2026-01-15 09:51:00+00:00,1.05,625.8,193809
2026-01-15 09:52:00+00:00,0.95,617.0,197144
2026-01-15 09:53:00+00:00,1.19,621.7,176129
2026-01-15 09:54:00+00:00,1.19,624.9,168488
2026-01-15 09:55:00+00:00,1.23,628.3,178625
2026-01-15 09:56:00+00:00,1.14,616.4,187665
2026-01-15 09:57:00+00:00,1.13,624.8,215275
2026-01-15 09:58:00+00:00,0.90,615.9,190329
2026-01-15 09:59:00+00:00,0.93,621.2,189601
2026-01-15 10:00:00+00:00,0.99,619.9,189440
2026-01-15 10:01:00+00:00,0.99,619.9,189440
2026-01-15 10:02:00+00:00,0.65,602.4,152852
2026-01-15 10:03:00+00:00,1.09,618.6,192763
2026-01-15 10:04:00+00:00,1.18,626.1,201178
2026-01-15 10:05:00+00:00,1.03,621.1,181644
2026-01-15 10:06:00+00:00,0.98,597.1,152142
2026-01-15 10:07:00+00:00,0.95,570.2,124417
2026-01-15 10:08:00+00:00,0.02,513.6,53444
2026-01-15 10:09:00+00:00,0.24,534.2,82793
2026-01-15 10:10:00+00:00,0.98,610.1,194211
2026-01-15 10:11:00+00:00,1.01,648.8,264314
2026-01-15 10:12:00+00:00,0.98,621.1,221915
2026-01-15 10:13:00+00:00,0.94,622.2,249718
2026-01-15 10:14:00+00:00,0.89,603.6,211826
2026-01-15 10:15:00+00:00,1.02,625.7,243615
2026-01-15 10:16:00+00:00,1.00,628.7,255475
2026-01-15 10:17:00+00:00,1.06,625.8,239578
2026-01-15 10:18:00+00:00,1.06,620.6,228088
2026-01-15 10:19:00+00:00,1.12,633.3,239322
2026-01-15 10:20:00+00:00,1.05,632.5,248306
2026-01-15 10:21:00+00:00,0.96,620.9,238123
2026-01-15 10:22:00+00:00,0.97,625.8,250395
2026-01-15 10:23:00+00:00,0.98,629.0,262222
2026-01-15 10:24:00+00:00,0.98,615.0,221841
2026-01-15 10:25:00+00:00,1.05,614.1,194549
2026-01-15 10:26:00+00:00,1.03,605.9,192057
2026-01-15 10:27:00+00:00,1.02,645.4,290686
2026-01-15 10:28:00+00:00,1.00,600.1,167055
2026-01-15 10:29:00+00:00,1.08,621.1,209737
2026-01-15 10:30:00+00:00,1.07,600.3,196171
2026-01-15 10:31:00+00:00,1.12,639.7,290949
2026-01-15 10:32:00+00:00,1.12,607.4,204293
2026-01-15 10:33:00+00:00,1.05,617.1,249104
2026-01-15 10:34:00+00:00,1.04,627.2,266973
2026-01-15 10:35:00+00:00,1.01,642.0,265485
2026-01-15 10:36:00+00:00,0.90,627.7,238257
2026-01-15 10:37:00+00:00,0.87,619.5,213770
2026-01-15 10:38:00+00:00,0.92,630.2,214432
2026-01-15 10:39:00+00:00,0.90,638.7,248081
2026-01-15 10:40:00+00:00,0.83,648.0,295663
2026-01-15 10:41:00+00:00,0.83,632.8,251158
2026-01-15 10:42:00+00:00,0.83,631.6,247466
2026-01-15 10:43:00+00:00,0.83,625.5,229642
2026-01-15 10:44:00+00:00,0.88,626.7,236118
2026-01-15 10:45:00+00:00,0.84,630.0,258345
2026-01-15 10:46:00+00:00,1.16,633.8,207927
2026-01-15 10:47:00+00:00,1.15,616.6,249441
2026-01-15 10:48:00+00:00,0.76,633.8,292556
2026-01-15 10:49:00+00:00,0.68,631.3,303120
2026-01-15 10:50:00+00:00,0.73,653.5,381817
2026-01-15 10:51:00+00:00,0.79,629.2,265964
2026-01-15 10:52:00+00:00,0.75,636.3,266102
2026-01-15 10:53:00+00:00,0.67,641.3,264574
2026-01-15 10:54:00+00:00,0.62,629.5,202503
2026-01-15 10:55:00+00:00,0.62,632.4,231343
2026-01-15 10:56:00+00:00,0.60,628.4,242643
2026-01-15 10:57:00+00:00,0.59,622.6,176461
2026-01-15 10:58:00+00:00,0.59,612.6,165600
2026-01-15 10:59:00+00:00,0.63,643.4,203708
2026-01-15 11:00:00+00:00,0.67,610.9,162419
2026-01-15 11:01:00+00:00,0.55,633.7,236596
2026-01-15 11:02:00+00:00,0.57,638.6,240087
2026-01-15 11:03:00+00:00,0.59,647.9,270415
2026-01-15 11:04:00+00:00,0.49,638.1,243319
2026-01-15 11:05:00+00:00,0.37,631.9,267352
2026-01-15 11:06:00+00:00,0.34,615.6,248694
2026-01-15 11:07:00+00:00,0.88,627.4,238016
2026-01-15 11:08:00+00:00,0.89,642.0,262154
2026-01-15 11:09:00+00:00,0.63,641.8,275238
2026-01-15 11:10:00+00:00,0.61,641.7,268360
2026-01-15 11:11:00+00:00,0.58,641.1,261783
2026-01-15 11:12:00+00:00,0.58,631.7,248361
2026-01-15 11:13:00+00:00,0.70,628.9,232716
2026-01-15 11:14:00+00:00,0.73,644.7,109608
2026-01-15 11:15:00+00:00,0.76,642.5,116493
2026-01-15 11:16:00+00:00,1.03,623.2,182713
2026-01-15 11:17:00+00:00,0.12,637.1,306261
2026-01-15 11:18:00+00:00,0.12,630.3,289028
2026-01-15 11:19:00+00:00,0.13,634.8,293292
2026-01-15 11:20:00+00:00,0.16,650.6,259198
2026-01-15 11:21:00+00:00,0.13,649.4,303001
2026-01-15 11:22:00+00:00,0.12,648.8,298305
2026-01-15 11:23:00+00:00,0.11,643.6,283634
2026-01-15 11:24:00+00:00,0.11,640.1,334821
2026-01-15 11:25:00+00:00,0.11,639.4,331390
2026-01-15 11:26:00+00:00,0.11,634.7,283788
2026-01-15 11:27:00+00:00,0.10,620.6,291434
2026-01-15 11:28:00+00:00,0.10,629.7,330134
2026-01-15 11:29:00+00:00,0.15,675.2,344942
2026-01-15 11:30:00+00:00,0.20,640.9,235898
2026-01-15 11:31:00+00:00,0.20,635.1,217539
2026-01-15 11:32:00+00:00,0.20,631.8,186240
2026-01-15 11:33:00+00:00,0.18,634.9,153902
2026-01-15 11:34:00+00:00,0.18,643.4,161057
2026-01-15 11:35:00+00:00,0.10,629.1,213051
2026-01-15 11:36:00+00:00,0.02,558.0,83147
2026-01-15 11:37:00+00:00,0.07,611.1,323192
2026-01-15 11:38:00+00:00,0.08,624.6,330338
2026-01-15 11:39:00+00:00,0.11,637.5,336961
2026-01-15 11:40:00+00:00,0.12,640.0,296152
2026-01-15 11:41:00+00:00,0.14,622.8,229432
2026-01-15 11:42:00+00:00,0.14,601.2,148910
2026-01-15 11:43:00+00:00,0.11,589.7,131942
2026-01-15 11:44:00+00:00,0.09,600.4,256778
2026-01-15 11:45:00+00:00,0.11,618.3,294723
2026-01-15 11:46:00+00:00,0.10,610.5,311561
2026-01-15 11:47:00+00:00,0.09,596.3,214337
2026-01-15 11:48:00+00:00,0.09,596.8,217730
2026-01-15 11:49:00+00:00,0.09,611.0,316122
2026-01-15 11:50:00+00:00,0.13,599.4,190685
2026-01-15 11:51:00+00:00,0.09,601.1,309815
2026-01-15 11:52:00+00:00,0.10,606.0,289412
2026-01-15 11:53:00+00:00,0.08,604.5,310640
2026-01-15 11:54:00+00:00,0.07,597.7,307560
2026-01-15 11:55:00+00:00,0.11,597.9,292919
2026-01-15 11:56:00+00:00,0.15,600.7,236753
2026-01-15 11:57:00+00:00,0.15,602.0,196465
2026-01-15 11:58:00+00:00,0.13,599.7,189169
2026-01-15 11:59:00+00:00,0.14,592.6,154789
2026-01-15 12:00:00+00:00,0.16,589.1,129176
2026-01-15 12:01:00+00:00,0.18,595.7,206396
2026-01-15 12:02:00+00:00,0.09,598.5,291729
2026-01-15 12:03:00+00:00,0.09,597.2,256597
2026-01-15 12:04:00+00:00,0.11,596.6,293019
2026-01-15 12:05:00+00:00,0.13,594.4,260411
2026-01-15 12:06:00+00:00,0.13,,
2026-01-15 12:07:00+00:00,0.11,612.7,329820
2026-01-15 12:08:00+00:00,0.11,608.5,301422
2026-01-15 12:09:00+00:00,0.12,613.7,309639
2026-01-15 12:10:00+00:00,0.13,615.6,313868
2026-01-15 12:15:00+00:00,0.51,596.0,171905
2026-01-15 12:16:00+00:00,0.41,601.3,194816
2026-01-15 12:17:00+00:00,0.19,609.7,253039
2026-01-15 12:18:00+00:00,0.23,597.3,268691
2026-01-15 12:20:00+00:00,0.20,,
2026-01-15 12:21:00+00:00,0.20,582.6,225989
2026-01-15 12:22:00+00:00,0.20,604.8,233918
2026-01-15 12:23:00+00:00,0.14,610.7,299302
2026-01-15 12:24:00+00:00,0.14,616.0,221356
2026-01-15 12:25:00+00:00,0.16,615.2,199429
2026-01-15 12:26:00+00:00,0.14,610.9,198414
2026-01-15 12:27:00+00:00,0.11,601.0,276617
2026-01-15 12:28:00+00:00,0.09,595.3,282074
2026-01-15 12:29:00+00:00,0.14,587.4,233938
2026-01-15 12:30:00+00:00,0.15,587.5,239617
2026-01-15 12:31:00+00:00,0.11,592.9,267003
2026-01-15 12:32:00+00:00,0.16,585.2,248181
2026-01-15 12:33:00+00:00,0.18,581.3,206026
2026-01-15 12:34:00+00:00,0.31,569.3,162476
2026-01-15 12:35:00+00:00,0.49,576.7,136188
2026-01-15 12:36:00+00:00,0.36,582.7,161213
2026-01-15 12:37:00+00:00,0.37,585.9,153124
2026-01-15 12:38:00+00:00,0.46,583.0,162174
2026-01-15 12:39:00+00:00,0.60,581.3,140595
2026-01-15 12:40:00+00:00,0.65,587.8,135036
2026-01-15 12:41:00+00:00,0.26,586.8,220480
2026-01-15 12:42:00+00:00,0.35,576.1,159007
2026-01-15 12:43:00+00:00,0.29,577.0,144761
2026-01-15 12:44:00+00:00,0.20,573.9,172155
2026-01-15 12:45:00+00:00,0.26,565.6,177530
2026-01-15 12:46:00+00:00,0.25,565.9,177419
2026-01-15 12:47:00+00:00,0.22,565.7,150651
2026-01-15 12:48:00+00:00,0.29,557.4,132919
2026-01-15 12:49:00+00:00,0.14,559.7,223335
2026-01-15 12:50:00+00:00,0.12,561.3,222093
2026-01-15 12:51:00+00:00,0.09,567.8,267829
2026-01-15 12:54:00+00:00,0.37,565.3,151353
2026-01-15 12:55:00+00:00,0.25,567.6,190949
2026-01-15 12:56:00+00:00,0.43,565.2,136152
2026-01-15 12:57:00+00:00,0.25,579.0,191562
2026-01-15 12:58:00+00:00,0.21,579.0,194927
2026-01-15 12:59:00+00:00,0.32,570.7,200426
2026-01-15 13:00:00+00:00,0.43,565.4,155377
2026-01-15 13:01:00+00:00,0.37,569.2,164614
2026-01-15 13:02:00+00:00,0.28,572.6,211823
2026-01-15 13:03:00+00:00,0.29,568.7,191610
2026-01-15 13:04:00+00:00,0.26,566.4,174142
2026-01-15 13:05:00+00:00,0.25,567.9,189683
2026-01-15 13:06:00+00:00,0.41,566.3,145043
2026-01-15 13:07:00+00:00,0.46,568.9,149772
2026-01-15 13:08:00+00:00,0.44,570.3,160003
2026-01-15 13:09:00+00:00,0.57,565.5,125860
2026-01-15 13:10:00+00:00,0.38,565.8,121600
2026-01-15 13:11:00+00:00,0.34,568.8,177433
2026-01-15 13:12:00+00:00,0.28,575.0,160829
2026-01-15 13:13:00+00:00,0.21,572.5,151723
2026-01-15 13:14:00+00:00,0.14,573.3,175469
2026-01-15 13:15:00+00:00,0.27,568.9,169343
2026-01-15 13:16:00+00:00,0.21,567.1,206733
2026-01-15 13:17:00+00:00,0.28,567.3,178600
2026-01-15 13:18:00+00:00,0.49,568.4,108341
2026-01-15 13:19:00+00:00,0.57,571.5,106435
2026-01-15 13:20:00+00:00,0.65,572.0,114731
2026-01-15 13:21:00+00:00,0.59,570.4,110421
2026-01-15 13:22:00+00:00,0.54,570.7,112299
2026-01-15 13:23:00+00:00,0.55,566.9,112660
2026-01-15 13:24:00+00:00,0.62,569.4,115202
2026-01-15 13:27:00+00:00,0.63,566.4,100831
2026-01-15 13:28:00+00:00,0.71,568.0,116056
2026-01-15 13:29:00+00:00,0.69,571.7,142593
2026-01-15 13:30:00+00:00,0.42,573.0,183747
2026-01-15 13:31:00+00:00,0.63,578.4,180101
2026-01-15 13:32:00+00:00,0.51,575.7,165948
2026-01-15 13:33:00+00:00,0.27,572.2,166787
2026-01-15 13:34:00+00:00,0.50,569.8,144696
2026-01-15 13:35:00+00:00,0.77,569.3,128791
2026-01-15 13:36:00+00:00,0.75,574.1,158342
2026-01-15 13:37:00+00:00,0.83,568.9,150322
2026-01-15 13:38:00+00:00,0.79,567.1,141441
2026-01-15 13:39:00+00:00,0.60,574.8,189369
2026-01-15 13:40:00+00:00,0.88,579.7,178689
2026-01-15 13:41:00+00:00,0.92,580.0,187408
2026-01-15 13:42:00+00:00,0.96,578.8,176526
2026-01-15 13:43:00+00:00,1.01,577.7,155225
2026-01-15 13:44:00+00:00,0.95,571.4,115640
2026-01-15 13:45:00+00:00,0.89,569.1,108061
2026-01-15 13:46:00+00:00,1.01,573.6,107067
2026-01-15 13:47:00+00:00,0.79,571.4,120712
2026-01-15 13:48:00+00:00,0.64,567.2,122597
2026-01-15 13:49:00+00:00,0.69,563.8,101716
2026-01-15 13:50:00+00:00,0.76,563.7,95767
2026-01-15 13:51:00+00:00,0.84,567.1,106177
2026-01-15 13:52:00+00:00,0.94,568.3,104456
2026-01-15 13:53:00+00:00,0.96,568.0,113383
2026-01-15 13:54:00+00:00,0.81,570.0,117281
2026-01-15 13:55:00+00:00,0.79,568.2,112749
2026-01-15 13:56:00+00:00,0.81,566.8,103639
2026-01-15 13:57:00+00:00,0.99,569.2,102631
2026-01-15 14:00:00+00:00,0.76,564.8,107751
2026-01-15 14:01:00+00:00,0.76,561.9,99307
2026-01-15 14:02:00+00:00,0.88,562.1,100472
2026-01-15 14:03:00+00:00,0.87,563.4,112612
2026-01-15 14:04:00+00:00,0.84,564.8,106811
2026-01-15 14:05:00+00:00,0.83,565.6,106778
2026-01-15 14:06:00+00:00,0.86,566.3,110312
2026-01-15 14:07:00+00:00,0.92,566.8,106500
2026-01-15 14:08:00+00:00,0.98,566.6,112321
2026-01-15 14:09:00+00:00,1.07,568.3,110885
2026-01-15 14:10:00+00:00,1.14,571.2,106013
2026-01-15 14:11:00+00:00,1.11,570.7,101944
2026-01-15 14:12:00+00:00,0.70,567.3,105467
2026-01-15 14:13:00+00:00,0.79,565.4,95839
2026-01-15 14:14:00+00:00,0.74,570.1,135193
2026-01-15 14:15:00+00:00,0.73,571.2,130895
2026-01-15 14:16:00+00:00,0.39,571.3,93282
2026-01-15 14:17:00+00:00,0.79,572.3,115297
2026-01-15 14:18:00+00:00,0.89,572.6,98676
2026-01-15 14:19:00+00:00,0.61,567.2,114474
2026-01-15 14:20:00+00:00,0.40,565.2,129695
2026-01-15 14:21:00+00:00,0.81,573.7,132493
2026-01-15 14:22:00+00:00,1.23,582.3,132081
2026-01-15 14:23:00+00:00,1.22,585.4,126554
2026-01-15 14:24:00+00:00,1.18,588.0,128638
2026-01-15 14:25:00+00:00,1.13,586.1,133546
2026-01-15 14:26:00+00:00,1.51,583.4,122777
2026-01-15 14:27:00+00:00,1.47,583.1,139285
2026-01-15 14:28:00+00:00,1.46,581.9,149452
2026-01-15 14:29:00+00:00,1.11,585.5,195460
2026-01-15 14:30:00+00:00,0.49,596.8,371593
2026-01-15 14:33:00+00:00,0.65,577.0,159584
2026-01-15 14:34:00+00:00,0.63,580.3,163986
2026-01-15 14:35:00+00:00,0.63,581.7,165873
2026-01-15 14:36:00+00:00,0.82,576.1,108617
2026-01-15 14:37:00+00:00,0.86,575.5,115116
2026-01-15 14:38:00+00:00,0.87,575.7,132219
2026-01-15 14:39:00+00:00,0.79,577.6,143155
2026-01-15 14:40:00+00:00,0.67,577.8,144008
2026-01-15 14:41:00+00:00,0.61,575.6,158483
2026-01-15 14:42:00+00:00,0.53,578.4,174760
2026-01-15 14:43:00+00:00,0.69,588.3,236935
2026-01-15 14:44:00+00:00,0.97,600.0,168544
2026-01-15 14:45:00+00:00,1.63,618.9,315343
2026-01-15 14:46:00+00:00,1.88,634.4,212653
2026-01-15 14:47:00+00:00,1.53,627.4,190519
2026-01-15 14:48:00+00:00,1.68,636.4,203472
2026-01-15 14:49:00+00:00,1.57,639.8,220576
2026-01-15 14:50:00+00:00,1.51,638.4,215907
2026-01-15 14:51:00+00:00,1.52,636.2,212247
2026-01-15 14:52:00+00:00,1.48,640.0,224136
2026-01-15 14:53:00+00:00,1.45,644.6,225609
2026-01-15 14:54:00+00:00,1.45,645.8,219308
2026-01-15 14:55:00+00:00,1.45,647.6,222147
2026-01-15 14:56:00+00:00,1.48,647.7,220895
2026-01-15 14:57:00+00:00,1.46,643.1,220120
2026-01-15 14:58:00+00:00,1.47,645.5,238219
2026-01-15 14:59:00+00:00,1.46,643.9,215706
2026-01-15 15:00:00+00:00,1.43,644.2,242770
2026-01-15 15:01:00+00:00,1.40,640.8,230872
2026-01-15 15:02:00+00:00,1.55,637.2,248482
2026-01-15 15:03:00+00:00,1.54,634.5,215142
2026-01-15 15:06:00+00:00,1.85,631.8,225123
2026-01-15 15:07:00+00:00,1.79,630.9,212282
2026-01-15 15:08:00+00:00,1.82,629.1,199401
2026-01-15 15:09:00+00:00,1.86,629.7,199831
2026-01-15 15:10:00+00:00,1.87,630.4,213552
2026-01-15 15:11:00+00:00,1.91,628.6,236348
2026-01-15 15:12:00+00:00,1.91,627.2,251300
2026-01-15 15:13:00+00:00,1.72,622.4,220035
2026-01-15 15:14:00+00:00,1.46,615.7,181306
2026-01-15 15:15:00+00:00,2.53,642.7,336781
2026-01-15 15:16:00+00:00,1.52,615.3,174285
2026-01-15 15:17:00+00:00,1.79,637.0,271466
2026-01-15 15:18:00+00:00,1.19,602.1,128710
2026-01-15 15:19:00+00:00,2.15,645.8,295658
2026-01-15 15:20:00+00:00,1.93,633.2,251585
2026-01-15 15:21:00+00:00,1.72,624.6,197186
2026-01-15 15:22:00+00:00,1.73,623.6,189078
2026-01-15 15:23:00+00:00,1.88,627.6,207033
2026-01-15 15:24:00+00:00,1.83,626.6,221945
2026-01-15 15:25:00+00:00,1.66,618.3,170040
2026-01-15 15:26:00+00:00,1.70,621.5,187310
2026-01-15 15:27:00+00:00,1.85,630.1,258240
2026-01-15 15:28:00+00:00,1.75,625.2,214162
2026-01-15 15:29:00+00:00,1.59,624.7,196835
2026-01-15 15:30:00+00:00,1.60,619.0,147768
2026-01-15 15:31:00+00:00,1.57,622.2,165157
2026-01-15 15:32:00+00:00,1.89,623.2,168629
2026-01-15 15:33:00+00:00,2.06,637.7,277140
2026-01-15 15:34:00+00:00,1.77,628.2,161792
2026-01-15 15:35:00+00:00,1.23,624.3,154605
2026-01-15 15:36:00+00:00,1.51,630.4,237847
2026-01-15 15:37:00+00:00,1.99,628.0,216691
2026-01-15 15:38:00+00:00,2.11,626.9,205164
2026-01-15 15:40:00+00:00,1.36,630.1,227509
2026-01-15 15:41:00+00:00,1.40,634.6,234929
2026-01-15 15:42:00+00:00,1.50,636.6,241630
2026-01-15 15:43:00+00:00,1.54,624.4,247193
2026-01-15 15:44:00+00:00,1.36,598.2,221552
2026-01-15 15:45:00+00:00,1.31,586.0,156649
2026-01-15 15:46:00+00:00,1.84,628.9,224438
2026-01-15 15:47:00+00:00,1.75,625.2,213586
2026-01-15 15:48:00+00:00,1.66,607.9,190964
2026-01-15 15:49:00+00:00,2.05,632.5,236769
2026-01-15 15:50:00+00:00,1.43,614.2,220905
2026-01-15 15:51:00+00:00,1.41,613.6,220358
2026-01-15 15:52:00+00:00,1.40,613.9,219428
2026-01-15 15:53:00+00:00,1.46,595.4,186633
2026-01-15 15:54:00+00:00,1.40,620.8,258074
2026-01-15 15:55:00+00:00,1.15,611.4,226796
2026-01-15 15:56:00+00:00,1.26,618.8,253372
2026-01-15 15:57:00+00:00,1.37,604.9,240775
2026-01-15 15:58:00+00:00,1.40,603.9,246926
2026-01-15 16:00:00+00:00,1.54,608.0,235634
2026-01-15 16:01:00+00:00,1.51,597.7,216183
2026-01-15 16:02:00+00:00,1.41,577.0,186292
2026-01-15 16:03:00+00:00,1.43,641.8,341829
2026-01-15 16:04:00+00:00,1.29,618.3,212026
2026-01-15 16:05:00+00:00,1.24,612.8,251678
2026-01-15 16:06:00+00:00,1.32,631.4,294501
2026-01-15 16:07:00+00:00,1.60,617.4,206324
2026-01-15 16:08:00+00:00,1.58,618.0,193278
2026-01-15 16:09:00+00:00,1.63,612.4,217539
2026-01-15 16:10:00+00:00,1.76,634.9,289457
2026-01-15 16:11:00+00:00,1.81,645.4,317034
2026-01-15 16:12:00+00:00,1.63,610.4,220364
2026-01-15 16:13:00+00:00,1.43,611.4,228722
2026-01-15 16:14:00+00:00,1.47,620.4,244717
2026-01-15 16:15:00+00:00,1.71,623.9,231838
2026-01-15 16:16:00+00:00,1.48,618.9,219159
2026-01-15 16:17:00+00:00,1.24,626.5,259655
2026-01-15 16:18:00+00:00,1.20,601.0,189405
2026-01-15 16:19:00+00:00,1.04,618.3,208439
2026-01-15 16:20:00+00:00,1.28,641.7,272768
2026-01-15 16:21:00+00:00,1.18,577.1,126534
2026-01-15 16:22:00+00:00,1.15,630.1,247573
2026-01-15 16:23:00+00:00,1.10,596.0,206139
2026-01-15 16:24:00+00:00,1.11,597.4,249127
2026-01-15 16:25:00+00:00,1.27,601.0,245686
2026-01-15 16:26:00+00:00,1.27,621.9,266762
2026-01-15 16:27:00+00:00,1.45,631.6,315925
2026-01-15 16:28:00+00:00,1.49,611.5,280465
2026-01-15 16:29:00+00:00,1.31,608.5,228781
2026-01-15 16:30:00+00:00,1.76,631.8,219703
2026-01-15 16:31:00+00:00,2.20,647.3,248374
2026-01-15 16:32:00+00:00,1.52,641.0,275942
2026-01-15 16:33:00+00:00,1.13,622.0,239460
2026-01-15 16:34:00+00:00,1.24,630.9,294234
2026-01-15 16:35:00+00:00,1.21,618.8,202834
2026-01-15 16:36:00+00:00,1.31,634.9,278513
2026-01-15 16:37:00+00:00,1.07,616.6,177999
2026-01-15 16:38:00+00:00,1.26,634.8,269175
2026-01-15 16:39:00+00:00,1.09,618.0,214667
2026-01-15 16:40:00+00:00,0.94,627.2,223034
2026-01-15 16:41:00+00:00,1.06,631.5,221719
2026-01-15 16:42:00+00:00,1.09,620.3,206431
2026-01-15 16:43:00+00:00,1.14,629.9,306693
2026-01-15 16:44:00+00:00,1.17,638.5,368211
2026-01-15 16:45:00+00:00,1.00,594.1,186958
2026-01-15 16:46:00+00:00,0.97,595.8,197148
2026-01-15 16:47:00+00:00,1.06,607.5,235116
2026-01-15 16:48:00+00:00,1.25,625.2,269222
2026-01-15 16:49:00+00:00,0.94,601.8,200846
2026-01-15 16:50:00+00:00,0.30,538.2,90205
2026-01-15 16:51:00+00:00,1.59,648.6,327625
2026-01-15 16:52:00+00:00,1.51,624.0,249466
2026-01-15 16:53:00+00:00,1.26,596.3,203810
2026-01-15 16:54:00+00:00,1.66,669.5,278452
2026-01-15 16:55:00+00:00,1.54,668.0,319946
2026-01-15 16:56:00+00:00,1.43,627.2,224130
2026-01-15 16:57:00+00:00,1.33,623.7,221636
2026-01-15 16:58:00+00:00,1.38,630.1,257654
2026-01-15 16:59:00+00:00,1.30,636.9,273864
2026-01-15 17:00:00+00:00,1.18,626.9,235101
2026-01-15 17:01:00+00:00,1.24,639.9,302876
2026-01-15 17:02:00+00:00,1.25,643.0,321515
2026-01-15 17:03:00+00:00,1.20,622.0,258788
2026-01-15 17:04:00+00:00,1.23,616.7,282503
2026-01-15 17:05:00+00:00,1.16,602.3,205206
2026-01-15 17:06:00+00:00,1.47,649.3,304094
2026-01-15 17:07:00+00:00,1.47,624.0,207704
2026-01-15 17:08:00+00:00,0.53,632.5,341882
2026-01-15 17:09:00+00:00,0.60,608.8,261522
2026-01-15 17:10:00+00:00,0.52,649.3,369784
2026-01-15 17:11:00+00:00,0.54,628.7,279538
2026-01-15 17:12:00+00:00,0.63,667.6,310616
2026-01-15 17:13:00+00:00,0.54,637.2,404182
2026-01-15 17:14:00+00:00,0.42,614.6,302475
2026-01-15 17:15:00+00:00,0.42,626.1,283666
2026-01-15 17:16:00+00:00,0.41,612.7,242775
2026-01-15 17:17:00+00:00,0.38,595.5,195612
2026-01-15 17:18:00+00:00,0.59,659.1,468580
2026-01-15 17:19:00+00:00,0.46,633.7,363289
2026-01-15 17:20:00+00:00,0.24,591.1,207333
2026-01-15 17:21:00+00:00,0.31,602.5,280280
2026-01-15 17:22:00+00:00,0.37,631.5,334125
2026-01-15 17:23:00+00:00,0.31,641.1,395885
2026-01-15 17:24:00+00:00,0.31,621.6,370062
2026-01-15 17:25:00+00:00,0.46,627.4,214072
2026-01-15 17:26:00+00:00,0.46,619.6,193994
2026-01-15 17:27:00+00:00,0.31,629.7,243028
2026-01-15 17:28:00+00:00,0.32,623.9,239694
2026-01-15 17:29:00+00:00,0.38,624.6,229218
2026-01-15 17:30:00+00:00,0.40,618.8,220336
2026-01-15 17:31:00+00:00,0.37,624.9,228406
2026-01-15 17:32:00+00:00,0.34,613.1,209150
2026-01-15 17:33:00+00:00,0.28,611.3,220270
2026-01-15 17:34:00+00:00,0.24,618.8,245700
2026-01-15 17:35:00+00:00,0.24,616.3,277083
2026-01-15 17:36:00+00:00,0.27,611.4,301676
2026-01-15 17:37:00+00:00,0.30,602.4,237768
2026-01-15 17:38:00+00:00,0.28,635.5,315296
2026-01-15 17:39:00+00:00,0.19,610.2,179387
2026-01-15 17:40:00+00:00,0.22,608.8,264534
2026-01-15 17:41:00+00:00,0.30,631.2,282465
2026-01-15 17:42:00+00:00,0.35,612.6,257810
2026-01-15 17:43:00+00:00,0.25,624.2,312642
2026-01-15 17:44:00+00:00,0.21,634.5,471303
2026-01-15 17:45:00+00:00,0.30,629.7,368313
2026-01-15 17:46:00+00:00,0.26,606.3,246238
2026-01-15 17:47:00+00:00,0.22,611.3,279403
2026-01-15 17:48:00+00:00,0.21,615.1,313222
2026-01-15 17:49:00+00:00,0.24,630.7,373874
2026-01-15 17:50:00+00:00,0.26,649.7,438800
2026-01-15 17:51:00+00:00,0.21,606.9,267343
2026-01-15 17:52:00+00:00,0.23,610.5,264805
2026-01-15 17:53:00+00:00,0.28,615.8,260241
2026-01-15 17:54:00+00:00,0.26,610.2,277868
2026-01-15 17:55:00+00:00,0.28,635.3,338303
2026-01-15 17:56:00+00:00,0.29,631.4,292466
2026-01-15 17:57:00+00:00,0.30,630.8,362272
2026-01-15 17:58:00+00:00,0.27,601.5,243344
2026-01-15 17:59:00+00:00,0.25,594.0,247468
2026-01-15 18:00:00+00:00,0.31,641.2,312013
2026-01-15 18:01:00+00:00,0.31,632.2,253997
2026-01-15 18:02:00+00:00,0.30,620.2,231338
2026-01-15 18:03:00+00:00,0.28,622.9,262974
2026-01-15 18:04:00+00:00,0.33,628.7,278912
2026-01-15 18:05:00+00:00,0.38,629.6,281210
2026-01-15 18:06:00+00:00,0.37,630.2,292436
2026-01-15 18:07:00+00:00,0.33,634.7,320931
2026-01-15 18:08:00+00:00,0.27,634.0,327638
2026-01-15 18:09:00+00:00,0.31,627.0,266756
2026-01-15 18:10:00+00:00,0.41,635.9,272745
2026-01-15 18:11:00+00:00,0.38,617.2,268324
2026-01-15 18:12:00+00:00,0.38,619.3,249514
2026-01-15 18:13:00+00:00,0.40,614.8,213777
2026-01-15 18:14:00+00:00,0.37,595.5,181014
2026-01-15 18:15:00+00:00,0.31,635.8,306399
2026-01-15 18:16:00+00:00,0.26,590.5,217890
2026-01-15 18:17:00+00:00,0.46,638.0,251512
2026-01-15 18:18:00+00:00,0.45,632.9,232709
2026-01-15 18:19:00+00:00,0.35,621.0,242985
2026-01-15 18:20:00+00:00,0.37,625.0,269134
2026-01-15 18:21:00+00:00,0.43,630.5,265769
2026-01-15 18:22:00+00:00,0.41,618.9,252649
2026-01-15 18:23:00+00:00,0.35,602.1,251337
2026-01-15 18:24:00+00:00,0.34,675.1,535015
2026-01-15 18:25:00+00:00,0.34,656.7,453492
2026-01-15 18:26:00+00:00,0.33,603.1,204950
2026-01-15 18:27:00+00:00,0.30,637.6,302326
2026-01-15 18:28:00+00:00,0.27,627.3,308919
2026-01-15 18:29:00+00:00,0.47,644.2,294406
2026-01-15 18:30:00+00:00,0.33,606.0,214082
2026-01-15 18:31:00+00:00,0.41,642.6,366218
2026-01-15 18:32:00+00:00,0.46,605.2,209099
2026-01-15 18:33:00+00:00,0.32,613.1,218694
2026-01-15 18:34:00+00:00,0.28,633.6,293350
2026-01-15 18:35:00+00:00,0.34,628.3,301795
2026-01-15 18:36:00+00:00,0.42,627.9,311631
2026-01-15 18:37:00+00:00,0.38,625.4,296975
2026-01-15 18:38:00+00:00,0.32,616.3,272560
2026-01-15 18:39:00+00:00,0.32,617.7,271142
2026-01-15 18:40:00+00:00,0.32,632.2,302890
2026-01-15 18:41:00+00:00,0.35,644.8,381271
2026-01-15 18:42:00+00:00,0.32,619.4,273750
2026-01-15 18:43:00+00:00,0.30,616.2,246516
2026-01-15 18:44:00+00:00,0.35,615.8,249504
2026-01-15 18:45:00+00:00,0.27,611.5,229898
2026-01-15 18:46:00+00:00,0.30,627.7,274803
2026-01-15 18:47:00+00:00,0.28,621.9,267183
2026-01-15 18:48:00+00:00,0.40,640.5,316732
2026-01-15 18:49:00+00:00,0.40,615.1,286722
2026-01-15 18:50:00+00:00,0.42,628.0,386811
2026-01-15 18:51:00+00:00,0.42,580.9,242362
2026-01-15 18:52:00+00:00,0.37,583.1,228508
2026-01-15 18:53:00+00:00,0.40,604.6,265689
2026-01-15 18:54:00+00:00,0.47,597.2,221034
2026-01-15 18:55:00+00:00,0.43,595.9,232398
2026-01-15 18:56:00+00:00,0.38,598.5,268224
2026-01-15 18:59:00+00:00,0.38,618.6,294554
2026-01-15 19:00:00+00:00,0.48,613.6,282417
2026-01-15 19:01:00+00:00,0.38,580.1,213088
2026-01-15 19:02:00+00:00,0.35,620.8,296674
2026-01-15 19:03:00+00:00,0.37,593.6,206280
2026-01-15 19:04:00+00:00,0.35,598.6,229753
2026-01-15 19:05:00+00:00,0.33,602.4,248130
2026-01-15 19:06:00+00:00,0.34,585.9,218487
2026-01-15 19:07:00+00:00,0.29,604.0,253361
2026-01-15 19:08:00+00:00,0.32,598.7,255108
2026-01-15 19:09:00+00:00,0.37,595.9,241319
2026-01-15 19:10:00+00:00,0.36,607.7,235484
2026-01-15 19:11:00+00:00,0.34,607.7,233465
2026-01-15 19:12:00+00:00,0.32,605.4,255571
2026-01-15 19:13:00+00:00,0.26,598.0,259915
2026-01-15 19:14:00+00:00,0.28,605.1,285168
2026-01-15 19:15:00+00:00,0.28,601.8,247102
2026-01-15 19:16:00+00:00,0.30,591.3,274638
2026-01-15 19:17:00+00:00,0.33,589.6,198285
2026-01-15 19:18:00+00:00,0.31,599.0,237226
2026-01-15 19:19:00+00:00,0.29,594.1,231409
2026-01-15 19:20:00+00:00,0.25,625.0,352633
2026-01-15 19:21:00+00:00,0.22,617.3,321638
2026-01-15 19:22:00+00:00,0.22,629.5,367485
2026-01-15 19:23:00+00:00,0.23,625.0,342121
2026-01-15 19:24:00+00:00,0.24,609.2,336777
2026-01-15 19:25:00+00:00,0.20,604.7,335086
2026-01-15 19:26:00+00:00,0.18,606.3,354211
2026-01-15 19:27:00+00:00,0.20,593.7,334185
2026-01-15 19:28:00+00:00,0.24,584.9,220606
2026-01-15 19:29:00+00:00,0.28,611.5,246362
2026-01-15 19:30:00+00:00,0.30,614.2,364064
2026-01-15 19:31:00+00:00,0.31,614.7,376526
2026-01-15 19:32:00+00:00,0.39,617.8,480996
2026-01-15 19:33:00+00:00,0.26,593.2,257942
2026-01-15 19:34:00+00:00,0.26,599.4,268142
2026-01-15 19:35:00+00:00,0.32,589.0,300156
2026-01-15 19:36:00+00:00,0.41,622.2,446010
2026-01-15 19:37:00+00:00,0.30,586.9,272908
2026-01-15 19:38:00+00:00,0.28,613.2,357681
2026-01-15 19:39:00+00:00,0.31,630.4,465070
2026-01-15 19:40:00+00:00,0.28,609.6,426360
2026-01-15 19:41:00+00:00,0.27,601.5,366142
2026-01-15 19:42:00+00:00,0.28,607.3,347765
2026-01-15 19:43:00+00:00,0.28,599.0,306243
2026-01-15 19:44:00+00:00,0.28,598.4,293880
2026-01-15 19:45:00+00:00,0.26,614.2,383985
2026-01-15 19:46:00+00:00,0.25,600.6,355683
2026-01-15 19:47:00+00:00,0.24,598.7,364182
2026-01-15 19:48:00+00:00,0.27,618.1,462988
2026-01-15 19:49:00+00:00,0.25,615.7,380704
2026-01-15 19:50:00+00:00,0.32,605.1,300002
2026-01-15 19:51:00+00:00,0.33,620.9,395088
2026-01-15 19:52:00+00:00,0.51,633.2,402885
2026-01-15 19:53:00+00:00,0.43,630.0,464468
2026-01-15 19:54:00+00:00,0.32,612.6,385927
2026-01-15 19:55:00+00:00,0.39,614.2,394842
2026-01-15 19:56:00+00:00,0.47,624.8,432618
2026-01-15 19:57:00+00:00,0.37,596.2,276889
2026-01-15 19:58:00+00:00,0.24,564.7,109963
2026-01-15 19:59:00+00:00,0.34,592.9,263259
2026-01-15 20:00:00+00:00,0.43,612.8,393024
2026-01-15 20:01:00+00:00,0.16,556.7,58718
2026-01-15 20:02:00+00:00,0.17,568.7,77664
2026-01-15 20:03:00+00:00,0.20,561.7,134522
2026-01-15 20:04:00+00:00,0.20,562.8,142339
2026-01-15 20:05:00+00:00,0.36,593.7,369056
2026-01-15 20:06:00+00:00,0.26,597.4,318751
2026-01-15 20:07:00+00:00,0.39,623.3,419170
2026-01-15 20:08:00+00:00,0.35,609.1,378600
2026-01-15 20:09:00+00:00,0.41,626.8,477232
2026-01-15 20:10:00+00:00,0.35,603.6,368066
2026-01-15 20:11:00+00:00,0.26,605.6,439206
2026-01-15 20:12:00+00:00,0.30,624.6,479752
2026-01-15 20:13:00+00:00,0.34,625.4,407338
2026-01-15 20:14:00+00:00,0.32,601.7,271619
2026-01-15 20:15:00+00:00,0.27,594.8,237632
2026-01-15 20:16:00+00:00,0.23,612.2,328731
2026-01-15 20:17:00+00:00,0.25,600.1,230797
2026-01-15 20:18:00+00:00,0.25,615.4,317309
2026-01-15 20:19:00+00:00,0.32,587.4,230112
2026-01-15 20:20:00+00:00,0.26,594.4,153649
2026-01-15 20:21:00+00:00,0.23,575.3,219187
2026-01-15 20:22:00+00:00,0.20,611.1,280357
2026-01-15 20:23:00+00:00,0.23,582.3,253914
2026-01-15 20:24:00+00:00,0.23,597.2,211328
2026-01-15 20:25:00+00:00,0.20,586.6,172341
2026-01-15 20:26:00+00:00,0.17,581.8,168436
2026-01-15 20:27:00+00:00,0.22,590.8,253152
2026-01-15 20:28:00+00:00,0.23,575.6,211309
2026-01-15 20:29:00+00:00,0.18,574.7,230084
2026-01-15 20:30:00+00:00,0.18,599.5,327089
2026-01-15 20:31:00+00:00,0.20,601.5,325888
2026-01-15 20:32:00+00:00,0.22,585.5,298510
2026-01-15 20:33:00+00:00,0.19,594.6,308776
2026-01-15 20:34:00+00:00,0.18,597.1,352634
2026-01-15 20:35:00+00:00,0.17,589.4,280404
2026-01-15 20:36:00+00:00,0.22,,
2026-01-15 20:37:00+00:00,0.22,614.9,366730
2026-01-15 20:38:00+00:00,0.19,589.8,289005
2026-01-15 20:39:00+00:00,0.19,582.6,266642
2026-01-15 20:40:00+00:00,0.25,582.0,211795
2026-01-15 20:41:00+00:00,0.20,578.5,220878
2026-01-15 20:42:00+00:00,0.18,573.5,220733
2026-01-15 20:43:00+00:00,0.24,584.4,238272
2026-01-15 20:44:00+00:00,0.21,591.3,278013
2026-01-15 20:45:00+00:00,0.19,584.4,258171
2026-01-15 20:46:00+00:00,0.21,571.0,200231
2026-01-15 20:47:00+00:00,0.23,572.6,188695
2026-01-15 20:48:00+00:00,0.29,588.9,201898
2026-01-15 20:49:00+00:00,0.27,587.4,224208
2026-01-15 20:50:00+00:00,0.23,594.3,323035
2026-01-15 20:51:00+00:00,0.26,592.6,278775
2026-01-15 20:52:00+00:00,0.26,584.6,263297
2026-01-15 20:53:00+00:00,0.28,587.9,245187
2026-01-15 20:54:00+00:00,0.25,587.8,188493
2026-01-15 20:55:00+00:00,0.26,605.6,247163
2026-01-15 20:56:00+00:00,0.24,596.2,216919
2026-01-15 20:57:00+00:00,0.20,597.4,339730
2026-01-15 20:58:00+00:00,0.19,592.6,366651
2026-01-15 20:59:00+00:00,0.23,585.1,256629
2026-01-15 21:00:00+00:00,0.21,583.4,233646
2026-01-15 21:01:00+00:00,0.20,584.6,236829
2026-01-15 21:02:00+00:00,0.22,586.4,223655
2026-01-15 21:03:00+00:00,0.25,587.2,233617
2026-01-15 21:04:00+00:00,0.27,584.3,227346
2026-01-15 21:05:00+00:00,0.20,579.2,226173
2026-01-15 21:06:00+00:00,0.14,569.1,179240
2026-01-15 21:07:00+00:00,0.13,558.3,136758
2026-01-15 21:08:00+00:00,0.19,581.5,156789
2026-01-15 21:10:00+00:00,0.15,578.7,155250
2026-01-15 21:11:00+00:00,0.14,553.6,113945
2026-01-15 21:12:00+00:00,0.16,565.9,152391
2026-01-15 21:13:00+00:00,0.15,571.3,202932
2026-01-15 21:14:00+00:00,0.15,559.0,186783
2026-01-15 21:15:00+00:00,0.16,565.8,182619
2026-01-15 21:16:00+00:00,0.15,570.8,179878
2026-01-15 21:17:00+00:00,0.14,568.3,207611
2026-01-15 21:18:00+00:00,0.14,569.4,245805
2026-01-15 21:19:00+00:00,0.14,569.7,248799
2026-01-15 21:20:00+00:00,0.14,563.8,255649
2026-01-15 21:21:00+00:00,0.14,562.2,271348
2026-01-15 21:22:00+00:00,0.15,572.4,229767
2026-01-15 21:23:00+00:00,0.16,574.4,234032
2026-01-15 21:24:00+00:00,0.13,561.5,207288
2026-01-15 21:25:00+00:00,0.16,596.7,245946
2026-01-15 21:26:00+00:00,0.14,576.0,219722
2026-01-15 21:27:00+00:00,0.13,552.8,137486
2026-01-15 21:28:00+00:00,0.13,573.1,206899
2026-01-15 21:29:00+00:00,0.15,565.6,168009
2026-01-15 21:30:00+00:00,0.18,576.8,190243
2026-01-15 21:31:00+00:00,0.17,575.2,227725
2026-01-15 21:32:00+00:00,0.16,580.0,253439
2026-01-15 21:33:00+00:00,0.18,590.9,303665
2026-01-15 21:34:00+00:00,0.20,599.3,338059
2026-01-15 21:35:00+00:00,0.19,599.3,322565
2026-01-15 21:36:00+00:00,0.18,589.6,304127
2026-01-15 21:37:00+00:00,0.18,591.6,290505
2026-01-15 21:38:00+00:00,0.19,593.8,289980
2026-01-15 21:39:00+00:00,0.20,603.4,344029
2026-01-15 21:40:00+00:00,0.17,555.9,174822
2026-01-15 21:41:00+00:00,0.19,598.7,301282
2026-01-15 21:42:00+00:00,0.19,,
2026-01-15 21:43:00+00:00,0.19,599.5,281266
2026-01-15 21:44:00+00:00,0.24,608.7,346835
2026-01-15 21:45:00+00:00,0.20,592.7,306445
2026-01-15 21:46:00+00:00,0.21,614.2,376913
2026-01-15 21:47:00+00:00,0.19,608.9,341126
2026-01-15 21:48:00+00:00,0.14,585.2,302294
2026-01-15 21:49:00+00:00,0.13,584.7,266323
2026-01-15 21:50:00+00:00,0.15,603.5,248644
2026-01-15 21:51:00+00:00,0.15,609.1,273307
2026-01-15 21:52:00+00:00,0.15,597.4,286173
2026-01-15 21:53:00+00:00,0.16,591.5,332034
2026-01-15 21:54:00+00:00,0.15,583.4,338904
2026-01-15 21:55:00+00:00,0.15,569.9,296045
2026-01-15 21:56:00+00:00,0.16,591.5,351864
2026-01-15 21:57:00+00:00,0.15,590.5,312027
2026-01-15 21:58:00+00:00,0.19,587.2,257630
2026-01-15 21:59:00+00:00,0.18,558.2,213249
2026-01-15 22:00:00+00:00,0.20,581.7,256739
2026-01-15 22:01:00+00:00,0.19,576.3,258498
2026-01-15 22:02:00+00:00,0.22,596.5,351198
2026-01-15 22:03:00+00:00,0.21,572.8,285445
2026-01-15 22:04:00+00:00,0.21,566.5,292358
2026-01-15 22:05:00+00:00,0.22,586.1,360454
2026-01-15 22:06:00+00:00,0.21,583.5,308445
2026-01-15 22:07:00+00:00,0.21,575.7,252006
2026-01-15 22:08:00+00:00,0.23,584.9,296215
2026-01-15 22:09:00+00:00,0.20,574.3,275567
2026-01-15 22:10:00+00:00,0.20,577.2,295614
2026-01-15 22:11:00+00:00,0.19,565.7,257842
2026-01-15 22:12:00+00:00,0.19,558.6,242228
2026-01-15 22:13:00+00:00,0.17,571.7,287059
2026-01-15 22:14:00+00:00,0.18,576.7,290575
2026-01-15 22:15:00+00:00,0.18,576.9,290697
2026-01-15 22:16:00+00:00,0.20,578.1,342380
2026-01-15 22:17:00+00:00,0.29,577.3,278049
2026-01-15 22:18:00+00:00,0.31,572.6,237938
2026-01-15 22:19:00+00:00,0.27,573.6,241280
2026-01-15 22:20:00+00:00,0.23,582.4,284796
2026-01-15 22:21:00+00:00,0.23,583.7,308530
2026-01-15 22:22:00+00:00,0.27,591.0,307027
2026-01-15 22:23:00+00:00,0.29,588.9,268461
2026-01-15 22:24:00+00:00,0.29,569.0,229554
2026-01-15 22:25:00+00:00,0.32,588.8,304390
2026-01-15 22:26:00+00:00,0.31,597.6,318028
2026-01-15 22:27:00+00:00,0.25,569.8,216075
2026-01-15 22:28:00+00:00,0.23,597.7,328993
2026-01-15 22:29:00+00:00,0.24,585.0,369501
2026-01-15 22:30:00+00:00,0.24,590.8,413137
2026-01-15 22:31:00+00:00,0.24,572.4,261126
2026-01-15 22:32:00+00:00,0.24,573.9,301461
2026-01-15 22:33:00+00:00,0.24,570.3,267324
2026-01-15 22:34:00+00:00,0.25,572.4,283292
2026-01-15 22:35:00+00:00,0.26,562.7,241103
2026-01-15 22:36:00+00:00,0.26,560.0,233127
2026-01-15 22:37:00+00:00,0.27,568.1,285261
2026-01-15 22:38:00+00:00,0.27,567.8,272374
2026-01-15 22:39:00+00:00,0.26,566.4,230819
2026-01-15 22:40:00+00:00,0.26,575.6,271893
2026-01-15 22:41:00+00:00,0.29,581.0,321173
2026-01-15 22:42:00+00:00,0.29,585.4,352517
2026-01-15 22:43:00+00:00,0.23,553.3,237342
2026-01-15 22:44:00+00:00,0.26,566.3,258780
2026-01-15 22:45:00+00:00,0.24,563.6,275266
2026-01-15 22:46:00+00:00,0.25,568.0,267259
2026-01-15 22:47:00+00:00,0.22,562.5,266666
2026-01-15 22:48:00+00:00,0.22,561.9,266624
2026-01-15 22:49:00+00:00,0.25,573.3,214051
2026-01-15 22:50:00+00:00,0.28,573.9,260095
2026-01-15 22:51:00+00:00,0.29,566.8,247739
2026-01-15 22:52:00+00:00,0.29,564.6,241188
2026-01-15 22:53:00+00:00,0.31,568.8,250817
2026-01-15 22:54:00+00:00,0.30,566.5,237423
2026-01-15 22:55:00+00:00,0.29,563.1,220288
2026-01-15 22:56:00+00:00,0.34,567.3,231792
2026-01-15 22:57:00+00:00,0.33,566.8,248559
2026-01-15 22:58:00+00:00,0.28,567.7,246918
2026-01-15 22:59:00+00:00,0.28,566.1,248144
2026-01-15 23:00:00+00:00,0.26,557.7,253147
2026-01-15 23:01:00+00:00,0.30,556.6,215773
2026-01-15 23:02:00+00:00,0.29,554.8,246337
2026-01-15 23:03:00+00:00,0.22,558.5,271640
2026-01-15 23:04:00+00:00,0.20,560.1,220815
2026-01-15 23:05:00+00:00,0.27,559.0,253218
2026-01-15 23:06:00+00:00,0.27,557.7,262531
2026-01-15 23:07:00+00:00,0.27,556.4,243871
2026-01-15 23:08:00+00:00,0.25,555.3,260796
2026-01-15 23:09:00+00:00,0.24,557.3,282750
2026-01-15 23:10:00+00:00,0.22,560.4,263879
2026-01-15 23:11:00+00:00,0.20,564.9,268965
2026-01-15 23:12:00+00:00,0.22,567.2,304769
2026-01-15 23:13:00+00:00,0.22,560.4,265962
2026-01-15 23:14:00+00:00,0.23,560.8,243357
2026-01-15 23:15:00+00:00,0.18,568.0,235646
2026-01-15 23:16:00+00:00,0.18,575.3,297956
2026-01-15 23:17:00+00:00,0.20,565.8,270483
2026-01-15 23:18:00+00:00,0.31,556.5,237997
2026-01-15 23:19:00+00:00,0.28,544.7,184788
2026-01-15 23:20:00+00:00,0.32,552.7,263679
2026-01-15 23:21:00+00:00,0.32,554.3,278446
2026-01-15 23:22:00+00:00,0.34,553.7,267596
2026-01-15 23:23:00+00:00,0.32,555.0,270256
2026-01-15 23:24:00+00:00,0.28,558.7,264395
2026-01-15 23:25:00+00:00,0.26,562.4,273863
2026-01-15 23:26:00+00:00,0.27,562.0,281918
2026-01-15 23:27:00+00:00,0.33,557.0,253812
2026-01-15 23:28:00+00:00,0.37,555.8,238461
2026-01-15 23:29:00+00:00,0.35,563.9,278403
2026-01-15 23:30:00+00:00,0.34,563.0,280914
2026-01-15 23:31:00+00:00,0.32,558.8,284939
2026-01-15 23:32:00+00:00,0.32,547.5,191435
2026-01-15 23:33:00+00:00,0.30,553.3,236672
2026-01-15 23:34:00+00:00,0.35,557.5,235941
2026-01-15 23:35:00+00:00,0.40,550.7,247430
2026-01-15 23:36:00+00:00,0.41,551.1,239214
2026-01-15 23:37:00+00:00,0.36,552.9,239232
2026-01-15 23:38:00+00:00,0.37,554.8,233884
2026-01-15 23:39:00+00:00,0.39,550.5,246011
2026-01-15 23:40:00+00:00,0.42,546.4,229167
2026-01-15 23:41:00+00:00,0.37,548.5,246053
2026-01-15 23:42:00+00:00,0.30,549.2,284922
2026-01-15 23:43:00+00:00,0.35,545.5,285594
2026-01-15 23:44:00+00:00,0.43,543.5,259586
2026-01-15 23:45:00+00:00,0.43,542.2,232430
2026-01-15 23:46:00+00:00,0.40,543.6,240346
2026-01-15 23:47:00+00:00,0.41,549.7,234099
2026-01-15 23:48:00+00:00,0.44,547.1,241540
2026-01-15 23:49:00+00:00,0.42,550.2,255084
2026-01-15 23:50:00+00:00,0.42,544.3,225287
2026-01-15 23:51:00+00:00,0.60,545.5,213177
2026-01-15 23:52:00+00:00,0.55,544.8,241837
2026-01-15 23:53:00+00:00,0.59,546.6,222958
2026-01-15 23:54:00+00:00,0.60,547.1,216286
2026-01-15 23:55:00+00:00,0.68,539.7,232417
2026-01-15 23:56:00+00:00,0.64,547.4,243147
2026-01-15 23:57:00+00:00,0.62,549.8,231741
2026-01-15 23:58:00+00:00,0.65,545.8,222480
2026-01-15 23:59:00+00:00,0.73,542.7,224583
2026-01-16 00:00:00+00:00,0.79,542.3,212503
2026-01-16 00:01:00+00:00,0.74,545.7,207061
2026-01-16 00:02:00+00:00,0.81,541.0,184509
2026-01-16 00:03:00+00:00,0.93,547.9,203134
2026-01-16 00:04:00+00:00,0.69,544.0,246659
2026-01-16 00:05:00+00:00,0.73,547.7,237276
2026-01-16 00:06:00+00:00,0.72,546.2,223256
2026-01-16 00:07:00+00:00,0.64,550.9,235514
2026-01-16 00:08:00+00:00,0.79,549.7,222311
2026-01-16 00:09:00+00:00,0.69,546.6,215111
2026-01-16 00:10:00+00:00,0.70,549.9,247707
2026-01-16 00:11:00+00:00,0.73,548.8,269874
2026-01-16 00:12:00+00:00,0.64,547.2,258578
2026-01-16 00:13:00+00:00,0.81,551.2,258603
2026-01-16 00:14:00+00:00,0.82,555.9,281680
2026-01-16 00:15:00+00:00,0.63,555.4,270992
2026-01-16 00:16:00+00:00,0.76,554.0,232695
2026-01-16 00:17:00+00:00,0.86,556.2,240068
2026-01-16 00:18:00+00:00,0.85,556.7,239493
2026-01-16 00:19:00+00:00,0.92,557.9,232590
2026-01-16 00:20:00+00:00,0.90,561.7,249812
2026-01-16 00:21:00+00:00,0.77,561.8,207362
2026-01-16 00:22:00+00:00,0.80,557.0,249062
2026-01-16 00:23:00+00:00,0.89,557.2,245230
2026-01-16 00:24:00+00:00,1.07,561.7,225311
2026-01-16 00:25:00+00:00,0.96,562.7,217935
2026-01-16 00:26:00+00:00,1.48,557.9,172880
2026-01-16 00:27:00+00:00,1.70,556.0,155498
2026-01-16 00:28:00+00:00,1.92,553.8,190796
2026-01-16 00:29:00+00:00,1.98,554.2,180144
2026-01-16 00:30:00+00:00,2.25,556.3,174709
2026-01-16 00:31:00+00:00,2.67,558.5,176715
2026-01-16 00:32:00+00:00,2.61,556.1,169311
2026-01-16 00:33:00+00:00,2.01,550.7,173228
2026-01-16 00:34:00+00:00,2.19,549.1,188407
2026-01-16 00:35:00+00:00,1.66,544.2,155152
2026-01-16 00:36:00+00:00,1.62,541.5,164595
2026-01-16 00:37:00+00:00,1.84,545.8,168749
2026-01-16 00:38:00+00:00,0.94,547.8,209292
2026-01-16 00:39:00+00:00,1.26,557.2,185922
2026-01-16 00:40:00+00:00,2.22,547.4,156657
2026-01-16 00:41:00+00:00,3.07,546.6,160325
2026-01-16 00:42:00+00:00,2.95,546.7,168993
2026-01-16 00:43:00+00:00,2.37,541.2,170610
2026-01-16 00:44:00+00:00,1.96,539.2,157636
2026-01-16 00:45:00+00:00,1.30,545.3,206498
2026-01-16 00:46:00+00:00,0.85,550.8,229704
2026-01-16 00:47:00+00:00,1.30,548.3,172299
2026-01-16 00:48:00+00:00,1.99,542.9,130795
2026-01-16 00:49:00+00:00,2.18,540.7,111938
2026-01-16 00:50:00+00:00,2.02,538.0,123719
2026-01-16 00:51:00+00:00,1.83,540.3,149716
2026-01-16 00:52:00+00:00,1.20,549.1,187805
2026-01-16 00:53:00+00:00,0.85,554.0,225185
2026-01-16 00:54:00+00:00,1.95,542.9,149587
2026-01-16 00:55:00+00:00,1.13,553.1,219636
2026-01-16 00:56:00+00:00,0.78,560.8,275740
2026-01-16 00:57:00+00:00,0.59,552.6,269614
2026-01-16 00:58:00+00:00,0.72,552.7,268291
2026-01-16 00:59:00+00:00,0.73,551.3,272123
2026-01-16 01:00:00+00:00,0.70,549.9,273591
2026-01-16 01:01:00+00:00,0.65,552.2,288225
2026-01-16 01:02:00+00:00,0.74,552.2,257987
2026-01-16 01:03:00+00:00,0.92,552.0,223713
2026-01-16 01:04:00+00:00,0.93,550.9,234983
2026-01-16 01:05:00+00:00,0.80,551.0,251279
2026-01-16 01:06:00+00:00,0.95,553.8,249821
2026-01-16 01:07:00+00:00,0.91,550.5,227462
2026-01-16 01:08:00+00:00,0.69,549.1,237089
2026-01-16 01:09:00+00:00,0.88,547.1,219429
2026-01-16 01:10:00+00:00,1.12,544.9,201795
2026-01-16 01:11:00+00:00,0.99,543.8,220376
2026-01-16 01:12:00+00:00,1.18,546.8,212663
2026-01-16 01:13:00+00:00,1.04,545.8,204961
2026-01-16 01:14:00+00:00,1.06,547.4,225632
2026-01-16 01:15:00+00:00,1.32,547.1,199922
2026-01-16 01:16:00+00:00,1.85,547.2,171389
2026-01-16 01:17:00+00:00,1.65,550.8,180999
2026-01-16 01:18:00+00:00,1.37,554.3,182184
2026-01-16 01:19:00+00:00,1.43,553.2,180150
2026-01-16 01:20:00+00:00,1.09,548.7,203259
2026-01-16 01:21:00+00:00,0.99,544.9,193900
2026-01-16 01:22:00+00:00,1.17,546.3,183864
2026-01-16 01:23:00+00:00,1.16,555.0,214983
2026-01-16 01:24:00+00:00,0.85,547.3,279072
2026-01-16 01:25:00+00:00,0.63,537.0,214093
2026-01-16 01:26:00+00:00,0.85,539.1,182516
2026-01-16 01:27:00+00:00,0.78,541.9,195713
2026-01-16 01:28:00+00:00,0.72,542.0,192326
2026-01-16 01:29:00+00:00,0.81,542.5,207967
2026-01-16 01:30:00+00:00,0.89,550.6,223950
2026-01-16 01:31:00+00:00,0.87,551.5,231505
2026-01-16 01:32:00+00:00,0.79,548.5,241430
2026-01-16 01:33:00+00:00,0.76,547.2,247352
2026-01-16 01:34:00+00:00,0.95,545.9,227068
2026-01-16 01:35:00+00:00,0.93,546.5,219563
2026-01-16 01:36:00+00:00,0.85,547.9,215450
2026-01-16 01:37:00+00:00,0.74,547.9,228318
2026-01-16 01:38:00+00:00,0.76,545.4,214604
2026-01-16 01:39:00+00:00,0.74,546.6,212019
2026-01-16 01:40:00+00:00,0.56,550.3,219845
2026-01-16 01:41:00+00:00,0.60,550.6,240238
2026-01-16 01:42:00+00:00,0.61,551.6,232087
2026-01-16 01:43:00+00:00,0.60,545.7,210401
2026-01-16 01:44:00+00:00,0.64,551.6,186735
2026-01-16 01:45:00+00:00,0.81,559.1,196841
2026-01-16 01:46:00+00:00,0.75,560.9,256487
2026-01-16 01:47:00+00:00,0.61,562.3,270034
2026-01-16 01:48:00+00:00,0.65,568.9,239063
2026-01-16 01:49:00+00:00,0.74,575.1,232028
2026-01-16 01:50:00+00:00,0.80,574.4,221389
2026-01-16 01:51:00+00:00,0.80,571.3,210151
2026-01-16 01:52:00+00:00,0.71,577.8,294456
2026-01-16 01:53:00+00:00,0.78,585.5,359193
2026-01-16 01:54:00+00:00,1.05,571.6,169205
2026-01-16 01:55:00+00:00,1.27,584.6,180189
2026-01-16 01:56:00+00:00,0.74,548.4,178868
2026-01-16 01:57:00+00:00,0.88,552.3,190949
2026-01-16 01:58:00+00:00,0.74,561.6,211874
2026-01-16 01:59:00+00:00,0.69,557.7,199409
2026-01-16 02:00:00+00:00,0.61,552.0,196606
2026-01-16 02:01:00+00:00,0.54,557.3,213621
2026-01-16 02:02:00+00:00,0.50,548.7,232346
2026-01-16 02:03:00+00:00,0.40,544.7,262826
2026-01-16 02:04:00+00:00,0.36,545.1,262305
2026-01-16 02:05:00+00:00,0.38,544.7,254170
2026-01-16 02:06:00+00:00,0.40,544.2,255893
2026-01-16 02:07:00+00:00,0.62,548.5,241510
2026-01-16 02:08:00+00:00,0.56,548.6,255876
2026-01-16 02:09:00+00:00,0.52,551.8,269241
2026-01-16 02:10:00+00:00,0.76,556.3,212218
2026-01-16 02:11:00+00:00,0.63,537.8,200119
2026-01-16 02:12:00+00:00,0.66,539.6,246487
2026-01-16 02:13:00+00:00,0.71,540.8,233935
2026-01-16 02:14:00+00:00,0.63,549.4,236643
2026-01-16 02:15:00+00:00,0.59,544.6,306010
2026-01-16 02:16:00+00:00,0.60,545.8,298905
2026-01-16 02:17:00+00:00,0.65,552.4,247897
2026-01-16 02:18:00+00:00,0.65,546.8,227496
2026-01-16 02:19:00+00:00,0.70,551.1,224299
2026-01-16 02:20:00+00:00,0.66,553.7,224268
2026-01-16 02:21:00+00:00,0.70,553.1,219260
2026-01-16 02:22:00+00:00,0.77,552.3,213469
2026-01-16 02:23:00+00:00,1.85,568.0,199272
2026-01-16 02:24:00+00:00,3.49,592.2,167805
2026-01-16 02:25:00+00:00,3.35,584.7,139960
2026-01-16 02:26:00+00:00,3.83,582.8,126603
2026-01-16 02:27:00+00:00,4.08,581.0,131939
2026-01-16 02:28:00+00:00,3.40,577.6,107128
2026-01-16 02:29:00+00:00,2.32,584.5,169330
2026-01-16 02:30:00+00:00,0.52,577.1,177448
2026-01-16 02:31:00+00:00,0.87,579.9,164370
2026-01-16 02:32:00+00:00,4.33,564.5,121617
2026-01-16 02:33:00+00:00,3.45,567.6,229917
2026-01-16 02:34:00+00:00,2.60,584.5,274543
2026-01-16 02:35:00+00:00,2.22,588.8,272328
2026-01-16 02:36:00+00:00,2.77,589.9,250399
2026-01-16 02:37:00+00:00,3.58,589.9,263995
2026-01-16 02:38:00+00:00,3.14,599.6,320461
2026-01-16 02:39:00+00:00,2.23,613.2,359193
2026-01-16 02:40:00+00:00,2.86,609.5,246035
2026-01-16 02:41:00+00:00,2.85,612.1,257102
2026-01-16 02:42:00+00:00,2.59,616.9,303639
2026-01-16 02:43:00+00:00,1.47,605.6,362975
2026-01-16 02:44:00+00:00,1.44,618.7,385309
2026-01-16 02:45:00+00:00,0.75,649.5,819892
2026-01-16 02:46:00+00:00,1.84,643.1,435026
2026-01-16 02:47:00+00:00,1.67,633.4,408701
2026-01-16 02:48:00+00:00,1.49,629.2,407267
2026-01-16 02:49:00+00:00,0.99,650.8,491876
2026-01-16 02:50:00+00:00,1.15,656.1,339935
2026-01-16 02:51:00+00:00,1.93,644.5,364096
2026-01-16 02:52:00+00:00,2.32,640.2,381921
2026-01-16 02:53:00+00:00,2.36,639.4,377395
2026-01-16 02:54:00+00:00,2.30,640.0,389188
2026-01-16 02:55:00+00:00,2.31,638.6,416267
2026-01-16 02:56:00+00:00,2.47,631.9,480471
2026-01-16 02:57:00+00:00,2.30,634.8,557109
2026-01-16 02:58:00+00:00,2.07,640.6,698127
2026-01-16 02:59:00+00:00,1.73,645.6,575555
2026-01-16 03:00:00+00:00,1.80,643.4,575257
2026-01-16 03:01:00+00:00,1.82,638.8,427729
2026-01-16 03:02:00+00:00,1.60,639.0,535761
2026-01-16 03:03:00+00:00,1.66,632.2,408833
2026-01-16 03:04:00+00:00,1.47,644.4,589469
2026-01-16 03:05:00+00:00,1.24,638.4,497001
2026-01-16 03:06:00+00:00,1.30,631.6,458893
2026-01-16 03:07:00+00:00,1.05,634.9,538972
2026-01-16 03:08:00+00:00,0.84,629.8,505214
2026-01-16 03:09:00+00:00,0.82,633.3,532936
2026-01-16 03:10:00+00:00,0.79,645.2,761152
2026-01-16 03:11:00+00:00,0.77,642.0,729571
2026-01-16 03:12:00+00:00,0.80,630.3,382923
2026-01-16 03:13:00+00:00,1.26,632.8,486033
2026-01-16 03:14:00+00:00,1.29,633.5,473466
2026-01-16 03:15:00+00:00,1.40,636.7,428800
2026-01-16 03:16:00+00:00,1.45,640.4,508825
2026-01-16 03:17:00+00:00,1.51,636.2,401766
2026-01-16 03:18:00+00:00,1.51,635.8,421124
2026-01-16 03:19:00+00:00,1.58,642.6,470156
2026-01-16 03:20:00+00:00,1.90,651.9,448502
2026-01-16 03:21:00+00:00,2.11,654.1,404754
2026-01-16 03:22:00+00:00,2.25,652.6,383439
2026-01-16 03:23:00+00:00,2.80,666.0,485465
2026-01-16 03:24:00+00:00,3.33,687.0,453931
2026-01-16 03:25:00+00:00,3.48,690.8,395411
2026-01-16 03:26:00+00:00,3.40,686.1,394249
2026-01-16 03:27:00+00:00,3.00,683.4,435370
2026-01-16 03:28:00+00:00,2.54,682.3,508593
2026-01-16 03:29:00+00:00,2.61,691.4,507437
2026-01-16 03:30:00+00:00,2.21,691.5,519373
2026-01-16 03:31:00+00:00,2.21,700.0,452993
2026-01-16 03:32:00+00:00,2.26,658.3,338305
2026-01-16 03:33:00+00:00,2.32,681.5,511843
2026-01-16 03:34:00+00:00,2.99,684.3,588200
2026-01-16 03:35:00+00:00,2.81,691.5,659323
2026-01-16 03:36:00+00:00,2.04,662.4,504375
2026-01-16 03:37:00+00:00,2.89,676.3,497865
2026-01-16 03:38:00+00:00,2.30,671.6,514021
2026-01-16 03:39:00+00:00,2.04,662.6,472727
2026-01-16 03:40:00+00:00,2.23,655.1,385328
2026-01-16 03:41:00+00:00,2.43,662.6,391445
2026-01-16 03:42:00+00:00,2.30,669.4,453405
2026-01-16 03:43:00+00:00,2.12,666.8,474226
2026-01-16 03:44:00+00:00,2.22,668.2,478881
2026-01-16 03:45:00+00:00,2.14,666.3,476593
2026-01-16 03:46:00+00:00,2.68,679.2,395344
2026-01-16 03:47:00+00:00,2.66,679.7,400105
2026-01-16 03:48:00+00:00,2.58,682.9,435276
2026-01-16 03:49:00+00:00,2.90,674.9,418603
2026-01-16 03:50:00+00:00,2.45,675.7,406790
2026-01-16 03:51:00+00:00,3.53,670.6,420521
2026-01-16 03:52:00+00:00,2.85,685.4,510838
2026-01-16 03:53:00+00:00,3.98,678.1,478609
2026-01-16 03:54:00+00:00,4.39,675.5,415438
2026-01-16 03:55:00+00:00,4.07,672.2,414450
2026-01-16 03:56:00+00:00,4.29,678.0,395990
2026-01-16 03:57:00+00:00,4.63,684.8,396047
2026-01-16 03:58:00+00:00,4.76,689.2,407695
2026-01-16 04:00:00+00:00,4.14,699.6,345377
2026-01-16 04:01:00+00:00,4.12,701.9,332744
2026-01-16 04:02:00+00:00,4.09,704.3,307585
2026-01-16 04:03:00+00:00,4.13,683.8,363311
2026-01-16 04:04:00+00:00,3.53,681.6,356395
2026-01-16 04:05:00+00:00,2.94,678.0,371158
2026-01-16 04:06:00+00:00,3.16,676.5,347154
2026-01-16 04:07:00+00:00,2.38,679.5,362147
2026-01-16 04:08:00+00:00,1.97,677.0,369866
2026-01-16 04:09:00+00:00,1.05,622.0,169262
2026-01-16 04:10:00+00:00,1.40,644.8,263903
2026-01-16 04:11:00+00:00,2.01,666.8,422110
2026-01-16 04:12:00+00:00,2.58,674.7,427093
2026-01-16 04:13:00+00:00,2.33,684.9,465859
2026-01-16 04:14:00+00:00,2.03,694.1,536252
2026-01-16 04:15:00+00:00,1.64,691.7,513088
2026-01-16 04:16:00+00:00,1.60,680.6,462492
2026-01-16 04:17:00+00:00,3.49,675.0,456897
2026-01-16 04:18:00+00:00,3.03,676.2,501792
2026-01-16 04:19:00+00:00,2.99,677.1,489429
2026-01-16 04:20:00+00:00,2.99,676.3,487112
2026-01-16 04:21:00+00:00,2.96,661.7,443090
2026-01-16 04:22:00+00:00,4.18,668.8,422365
2026-01-16 04:23:00+00:00,3.36,678.9,416310
2026-01-16 04:24:00+00:00,3.38,671.5,430723
2026-01-16 04:25:00+00:00,2.74,665.6,456526
2026-01-16 04:26:00+00:00,2.40,689.2,402481
2026-01-16 04:27:00+00:00,1.55,695.6,557911
2026-01-16 04:28:00+00:00,2.71,678.0,492251
2026-01-16 04:29:00+00:00,3.70,678.5,407736
2026-01-16 04:30:00+00:00,3.08,681.6,466976
2026-01-16 04:31:00+00:00,2.57,681.2,469682
2026-01-16 04:32:00+00:00,2.78,696.5,395575
2026-01-16 04:33:00+00:00,2.68,693.6,346609
2026-01-16 04:34:00+00:00,2.18,682.6,338578
2026-01-16 04:35:00+00:00,2.77,696.1,387336
2026-01-16 04:36:00+00:00,3.56,706.0,372398
2026-01-16 04:37:00+00:00,2.39,687.4,480666
2026-01-16 04:38:00+00:00,1.09,687.2,553882
2026-01-16 04:39:00+00:00,1.85,696.8,458628
2026-01-16 04:40:00+00:00,1.80,697.3,484365
2026-01-16 04:41:00+00:00,1.87,698.5,422969
2026-01-16 04:42:00+00:00,0.98,697.9,351466
2026-01-16 04:43:00+00:00,1.39,700.3,383209
2026-01-16 04:44:00+00:00,1.83,700.8,411926
2026-01-16 04:45:00+00:00,1.71,700.5,405110
2026-01-16 04:46:00+00:00,1.30,688.1,363443
2026-01-16 04:47:00+00:00,1.09,682.8,349408
2026-01-16 04:48:00+00:00,1.32,698.6,416013
2026-01-16 04:49:00+00:00,1.56,696.7,465387
2026-01-16 04:50:00+00:00,1.85,697.8,481848
2026-01-16 04:51:00+00:00,1.49,705.5,480439
2026-01-16 04:52:00+00:00,2.05,,
2026-01-16 04:53:00+00:00,2.05,704.6,503459
2026-01-16 04:54:00+00:00,2.09,711.1,524886
2026-01-16 04:55:00+00:00,2.03,707.8,533922
2026-01-16 04:56:00+00:00,2.07,708.3,483341
2026-01-16 04:57:00+00:00,2.09,707.4,445327
2026-01-16 04:58:00+00:00,2.10,707.6,439241
2026-01-16 04:59:00+00:00,2.19,703.8,421550
2026-01-16 05:00:00+00:00,2.07,697.4,460687
2026-01-16 05:01:00+00:00,1.90,704.3,502163
2026-01-16 05:02:00+00:00,1.82,710.4,503133
2026-01-16 05:03:00+00:00,2.01,703.2,496419
2026-01-16 05:04:00+00:00,2.12,701.4,499745
2026-01-16 05:05:00+00:00,1.60,710.1,509548
2026-01-16 05:06:00+00:00,1.57,710.5,482722
2026-01-16 05:07:00+00:00,1.04,699.0,357536
2026-01-16 05:08:00+00:00,1.66,709.4,392576
2026-01-16 05:09:00+00:00,1.78,711.5,510297
2026-01-16 05:10:00+00:00,0.56,725.8,680696
2026-01-16 05:11:00+00:00,0.76,686.8,426192
2026-01-16 05:12:00+00:00,1.08,677.9,362951
2026-01-16 05:13:00+00:00,1.92,688.0,335807
2026-01-16 05:14:00+00:00,1.33,721.2,383936
2026-01-16 05:15:00+00:00,1.04,735.5,496888
2026-01-16 05:16:00+00:00,1.29,727.7,517076
2026-01-16 05:17:00+00:00,1.63,716.3,507191
2026-01-16 05:18:00+00:00,1.84,709.3,504544
2026-01-16 05:19:00+00:00,2.05,704.5,481509
2026-01-16 05:20:00+00:00,2.21,701.1,483339
2026-01-16 05:21:00+00:00,2.06,700.6,516267
2026-01-16 05:22:00+00:00,2.07,700.2,528171
2026-01-16 05:23:00+00:00,2.10,697.2,528062
2026-01-16 05:24:00+00:00,1.96,700.8,510241
2026-01-16 05:26:00+00:00,2.04,699.3,537890
2026-01-16 05:27:00+00:00,1.67,694.1,415821
2026-01-16 05:28:00+00:00,2.01,698.2,414200
2026-01-16 05:29:00+00:00,2.11,695.4,396019
2026-01-16 05:30:00+00:00,1.82,699.4,431121
2026-01-16 05:31:00+00:00,1.69,704.8,458801
2026-01-16 05:32:00+00:00,1.83,698.5,420615
2026-01-16 05:33:00+00:00,2.06,691.8,375592
2026-01-16 05:34:00+00:00,2.15,691.0,365652
2026-01-16 05:35:00+00:00,2.31,689.7,351464
2026-01-16 05:36:00+00:00,2.56,687.6,328660
2026-01-16 05:37:00+00:00,2.43,687.8,334806
2026-01-16 05:38:00+00:00,2.26,688.4,332096
2026-01-16 05:39:00+00:00,2.02,691.8,377685
2026-01-16 05:40:00+00:00,2.09,692.6,369565
2026-01-16 05:41:00+00:00,1.97,689.5,371548
2026-01-16 05:42:00+00:00,2.03,691.5,382069
2026-01-16 05:43:00+00:00,1.92,692.7,331662
2026-01-16 05:44:00+00:00,1.98,693.9,257295
2026-01-16 05:45:00+00:00,2.31,693.1,287625
2026-01-16 05:46:00+00:00,2.37,689.2,302368
2026-01-16 05:47:00+00:00,2.44,687.5,312680
2026-01-16 05:48:00+00:00,2.52,686.5,310351
2026-01-16 05:49:00+00:00,2.59,685.5,288336
2026-01-16 05:50:00+00:00,2.53,685.8,291639
2026-01-16 05:51:00+00:00,2.50,686.4,304891
2026-01-16 05:52:00+00:00,2.65,685.7,293988
2026-01-16 05:53:00+00:00,2.42,687.1,329904
2026-01-16 05:54:00+00:00,1.73,692.0,398219
2026-01-16 05:55:00+00:00,1.76,695.2,370855
2026-01-16 05:56:00+00:00,1.77,694.3,352378
2026-01-16 05:57:00+00:00,1.80,692.3,400300
2026-01-16 05:58:00+00:00,1.80,,
2026-01-16 05:59:00+00:00,2.11,688.9,309772
2026-01-16 06:00:00+00:00,1.82,693.8,352795
2026-01-16 06:01:00+00:00,1.80,692.4,343576
2026-01-16 06:02:00+00:00,1.66,691.1,344334
2026-01-16 06:03:00+00:00,1.62,691.3,346049
2026-01-16 06:04:00+00:00,1.65,694.0,359438
2026-01-16 06:05:00+00:00,1.65,694.6,364419
2026-01-16 06:06:00+00:00,1.67,694.4,355573
2026-01-16 06:07:00+00:00,1.75,694.4,340315
2026-01-16 06:08:00+00:00,1.76,693.2,327649
2026-01-16 06:09:00+00:00,1.71,692.9,328102
2026-01-16 06:10:00+00:00,1.73,691.1,312474
2026-01-16 06:11:00+00:00,1.82,689.6,324972
2026-01-16 06:12:00+00:00,1.90,687.9,290636
2026-01-16 06:13:00+00:00,1.99,683.4,281864
2026-01-16 06:14:00+00:00,1.86,682.2,264843
2026-01-16 06:15:00+00:00,1.90,683.0,288168
2026-01-16 06:16:00+00:00,1.93,682.3,282572
2026-01-16 06:17:00+00:00,1.87,683.2,303372
2026-01-16 06:18:00+00:00,1.83,682.6,285137
2026-01-16 06:19:00+00:00,1.80,682.6,282277
2026-01-16 06:20:00+00:00,1.88,682.2,272271
2026-01-16 06:21:00+00:00,2.06,682.3,253700
2026-01-16 06:22:00+00:00,2.11,686.0,227890
2026-01-16 06:23:00+00:00,2.04,689.8,205646
2026-01-16 06:24:00+00:00,2.06,689.9,198127
2026-01-16 06:25:00+00:00,2.00,690.5,186633
2026-01-16 06:26:00+00:00,1.86,688.9,197646
2026-01-16 06:27:00+00:00,1.82,683.8,223141
2026-01-16 06:28:00+00:00,1.60,685.7,248420
2026-01-16 06:29:00+00:00,1.68,684.7,241391
2026-01-16 06:30:00+00:00,1.44,685.6,257685
2026-01-16 06:31:00+00:00,1.44,685.6,257961
2026-01-16 06:32:00+00:00,1.77,686.0,216394
2026-01-16 06:33:00+00:00,1.79,687.1,224404
2026-01-16 06:34:00+00:00,1.77,687.0,223269
2026-01-16 06:35:00+00:00,1.80,686.4,220662
2026-01-16 06:36:00+00:00,2.00,685.4,206844
2026-01-16 06:37:00+00:00,1.95,684.4,229867
2026-01-16 06:38:00+00:00,1.80,683.7,245023
2026-01-16 06:39:00+00:00,1.89,682.2,246058
2026-01-16 06:40:00+00:00,1.98,680.4,277217
2026-01-16 06:41:00+00:00,1.89,680.8,288923
2026-01-16 06:42:00+00:00,1.66,681.4,320209
2026-01-16 06:43:00+00:00,1.93,679.8,297608
2026-01-16 06:44:00+00:00,1.70,681.1,319053
2026-01-16 06:45:00+00:00,1.88,679.5,277531
2026-01-16 06:46:00+00:00,1.53,682.2,346174
2026-01-16 06:47:00+00:00,1.86,679.7,276244
2026-01-16 06:48:00+00:00,1.95,680.3,287173
2026-01-16 06:49:00+00:00,1.78,679.0,296054
2026-01-16 06:50:00+00:00,1.73,679.5,294998
2026-01-16 06:51:00+00:00,1.70,679.3,287059
2026-01-16 06:52:00+00:00,1.70,679.7,285297
2026-01-16 06:53:00+00:00,1.75,679.6,272563
2026-01-16 06:54:00+00:00,1.85,679.3,268334
2026-01-16 06:55:00+00:00,1.93,678.8,269409
2026-01-16 06:56:00+00:00,1.92,677.9,264106
2026-01-16 06:57:00+00:00,1.90,678.4,282277
2026-01-16 06:58:00+00:00,1.96,679.2,266947
2026-01-16 06:59:00+00:00,2.25,681.2,261188
2026-01-16 07:00:00+00:00,2.35,679.9,256688
2026-01-16 07:01:00+00:00,1.66,680.8,356280
2026-01-16 07:02:00+00:00,1.69,679.5,308104
2026-01-16 07:03:00+00:00,1.60,679.2,336031
2026-01-16 07:04:00+00:00,1.59,679.2,338644
2026-01-16 07:05:00+00:00,1.65,678.8,309996
2026-01-16 07:06:00+00:00,2.04,678.4,237213
2026-01-16 07:07:00+00:00,2.00,679.0,211269
2026-01-16 07:08:00+00:00,1.93,680.0,223117
2026-01-16 07:09:00+00:00,1.78,677.6,237501
2026-01-16 07:10:00+00:00,1.75,675.9,240595
2026-01-16 07:11:00+00:00,1.90,677.0,240318
2026-01-16 07:12:00+00:00,1.94,677.8,244716
2026-01-16 07:13:00+00:00,2.10,678.6,240123
2026-01-16 07:14:00+00:00,1.94,676.4,241835
2026-01-16 07:15:00+00:00,1.89,678.3,251562
2026-01-16 07:16:00+00:00,1.79,679.0,232532
2026-01-16 07:17:00+00:00,1.83,680.1,222896
2026-01-16 07:18:00+00:00,1.81,680.6,213695
2026-01-16 07:19:00+00:00,1.77,685.3,351622
2026-01-16 07:20:00+00:00,1.88,684.2,339142
2026-01-16 07:21:00+00:00,1.86,686.8,302239
2026-01-16 07:22:00+00:00,1.85,682.9,308124
2026-01-16 07:23:00+00:00,1.85,681.0,314004
2026-01-16 08:12:00+00:00,1.96,677.2,383905
2026-01-16 08:13:00+00:00,2.14,676.8,370307
2026-01-16 08:14:00+00:00,2.31,676.1,362587
2026-01-16 08:15:00+00:00,2.34,675.4,364855
2026-01-16 08:16:00+00:00,2.41,677.2,373467
2026-01-16 08:17:00+00:00,2.38,680.7,407172
2026-01-16 08:18:00+00:00,2.18,684.0,437077
2026-01-16 08:19:00+00:00,2.30,707.4,531410
2026-01-16 08:20:00+00:00,1.83,672.2,414568
2026-01-16 08:21:00+00:00,2.35,681.6,377791
2026-01-16 08:22:00+00:00,2.15,676.6,358556
2026-01-16 08:23:00+00:00,2.28,712.6,467050
2026-01-16 08:24:00+00:00,2.17,687.6,421870
2026-01-16 08:25:00+00:00,2.24,676.8,365103
2026-01-16 08:26:00+00:00,2.18,671.4,335057
2026-01-16 08:27:00+00:00,2.20,672.0,347334
2026-01-16 08:28:00+00:00,2.09,679.5,397242
2026-01-16 08:29:00+00:00,2.28,680.7,429841
2026-01-16 08:30:00+00:00,2.61,686.5,445553
2026-01-16 08:31:00+00:00,2.99,693.3,397926
2026-01-16 08:32:00+00:00,3.36,692.5,354980
2026-01-16 08:33:00+00:00,2.65,697.8,498674
2026-01-16 08:34:00+00:00,1.45,680.8,582955
2026-01-16 08:35:00+00:00,1.73,696.1,629286
2026-01-16 08:36:00+00:00,2.45,669.1,298944
2026-01-16 08:37:00+00:00,2.26,694.5,436320
2026-01-16 08:38:00+00:00,1.46,680.1,491996
2026-01-16 08:39:00+00:00,1.81,672.5,462246
2026-01-16 08:40:00+00:00,1.84,661.8,378337
2026-01-16 08:41:00+00:00,2.15,646.2,275483
2026-01-16 08:42:00+00:00,2.37,668.4,289288
2026-01-16 08:43:00+00:00,2.41,678.7,304428
2026-01-16 08:44:00+00:00,3.55,671.7,241253
2026-01-16 08:45:00+00:00,3.07,666.3,239788
2026-01-16 08:46:00+00:00,2.66,664.2,247145
2026-01-16 08:47:00+00:00,2.55,663.8,234612
2026-01-16 08:48:00+00:00,2.37,665.6,232872
2026-01-16 08:49:00+00:00,2.44,678.5,294590
2026-01-16 08:50:00+00:00,2.16,660.1,246638
2026-01-16 08:51:00+00:00,2.18,656.8,236657
2026-01-16 08:52:00+00:00,2.31,684.8,255546
2026-01-16 08:53:00+00:00,2.04,656.1,285742
2026-01-16 08:54:00+00:00,2.11,660.5,234903
2026-01-16 08:55:00+00:00,2.11,652.5,220501
2026-01-16 08:56:00+00:00,2.26,650.6,202383
2026-01-16 08:57:00+00:00,2.23,627.6,181793
2026-01-16 08:58:00+00:00,0.65,571.2,81163
2026-01-16 08:59:00+00:00,1.68,632.8,182939
2026-01-16 09:00:00+00:00,2.50,672.5,250495
2026-01-16 09:01:00+00:00,2.16,662.3,236471
2026-01-16 09:02:00+00:00,1.96,671.1,273004
2026-01-16 09:03:00+00:00,2.11,672.2,279215
2026-01-16 09:04:00+00:00,2.20,645.0,204970
2026-01-16 09:05:00+00:00,2.18,649.3,212872
2026-01-16 09:06:00+00:00,2.13,654.2,216673
2026-01-16 09:07:00+00:00,2.13,660.3,222887
2026-01-16 09:08:00+00:00,2.15,648.1,207580
2026-01-16 09:09:00+00:00,1.97,647.5,227715
2026-01-16 09:10:00+00:00,2.15,656.6,257795
2026-01-16 09:11:00+00:00,2.00,639.2,236514
2026-01-16 09:12:00+00:00,2.00,635.0,197235
2026-01-16 09:13:00+00:00,2.22,647.0,197886
2026-01-16 09:14:00+00:00,2.24,667.9,218139
2026-01-16 09:15:00+00:00,2.08,663.6,209747
2026-01-16 09:16:00+00:00,2.00,657.5,201342
2026-01-16 09:17:00+00:00,2.50,670.7,424315
2026-01-16 09:18:00+00:00,2.34,657.7,386879
2026-01-16 09:19:00+00:00,2.34,650.4,367534
2026-01-16 09:20:00+00:00,2.47,659.2,388859
2026-01-16 09:21:00+00:00,2.20,650.4,309662
2026-01-16 09:22:00+00:00,2.54,663.1,227929
2026-01-16 09:23:00+00:00,2.73,688.9,303181
2026-01-16 09:24:00+00:00,2.81,655.1,232215
2026-01-16 09:25:00+00:00,2.32,590.2,149831
2026-01-16 09:26:00+00:00,2.57,647.9,219100
2026-01-16 09:27:00+00:00,2.48,642.3,191185
2026-01-16 09:28:00+00:00,2.74,642.7,226577
2026-01-16 09:29:00+00:00,3.00,624.5,203998
2026-01-16 09:30:00+00:00,3.55,646.5,288574
2026-01-16 09:31:00+00:00,3.16,642.1,270119
2026-01-16 09:32:00+00:00,2.83,638.4,264019
2026-01-16 09:33:00+00:00,2.96,644.6,387281
2026-01-16 09:34:00+00:00,3.09,641.8,420719
2026-01-16 09:35:00+00:00,3.06,637.6,333224
2026-01-16 09:36:00+00:00,3.18,636.6,307525
2026-01-16 09:37:00+00:00,3.47,632.7,278494
2026-01-16 09:38:00+00:00,3.60,650.7,277650
2026-01-16 09:39:00+00:00,3.47,636.6,248217
2026-01-16 09:40:00+00:00,3.31,657.9,376497
2026-01-16 09:41:00+00:00,2.46,595.8,272235
2026-01-16 09:42:00+00:00,2.69,641.4,321207
2026-01-16 09:43:00+00:00,2.81,645.9,350694
2026-01-16 09:44:00+00:00,2.52,625.0,295830
2026-01-16 09:45:00+00:00,2.38,643.1,360204
2026-01-16 09:46:00+00:00,2.65,631.8,332587
2026-01-16 09:47:00+00:00,2.86,638.6,295704
2026-01-16 09:48:00+00:00,2.56,608.6,229293
2026-01-16 09:49:00+00:00,2.31,582.0,188708
2026-01-16 09:50:00+00:00,2.77,642.0,228454
2026-01-16 09:51:00+00:00,2.84,638.1,233822
2026-01-16 09:52:00+00:00,2.84,617.4,224545
2026-01-16 09:53:00+00:00,2.69,597.1,194807
2026-01-16 09:54:00+00:00,3.08,632.3,229681
2026-01-16 09:55:00+00:00,3.20,643.8,255280
2026-01-16 09:56:00+00:00,2.61,612.7,183080
2026-01-16 09:57:00+00:00,2.49,640.3,336776
2026-01-16 09:58:00+00:00,2.33,622.9,297122
2026-01-16 09:59:00+00:00,2.35,615.1,283055
2026-01-16 10:00:00+00:00,2.56,628.4,354983
2026-01-16 10:01:00+00:00,2.56,628.4,354983
2026-01-16 10:02:00+00:00,1.95,634.4,429485
2026-01-16 10:03:00+00:00,2.12,626.6,421102
2026-01-16 10:04:00+00:00,2.12,610.7,418596
2026-01-16 10:05:00+00:00,2.17,607.8,386733
2026-01-16 10:06:00+00:00,2.25,610.6,347229
2026-01-16 10:07:00+00:00,2.47,623.9,359483
2026-01-16 10:08:00+00:00,3.39,672.9,388018
2026-01-16 10:09:00+00:00,4.59,724.1,340229
2026-01-16 10:10:00+00:00,5.02,730.8,244197
2026-01-16 10:11:00+00:00,5.01,732.0,231118
2026-01-16 10:12:00+00:00,4.01,692.7,201352
2026-01-16 10:13:00+00:00,2.11,704.7,314239
2026-01-16 10:14:00+00:00,0.30,549.4,39701
2026-01-16 10:15:00+00:00,3.12,599.1,245606
2026-01-16 10:16:00+00:00,3.79,591.4,219731
2026-01-16 10:17:00+00:00,4.05,618.5,257531
2026-01-16 10:18:00+00:00,4.31,641.2,298664
2026-01-16 10:19:00+00:00,4.55,649.5,356613
2026-01-16 10:20:00+00:00,3.47,605.8,289904
2026-01-16 10:21:00+00:00,3.34,605.6,270646
2026-01-16 10:22:00+00:00,4.00,635.5,314005
2026-01-16 10:23:00+00:00,4.01,626.9,299646
2026-01-16 10:24:00+00:00,4.06,633.1,297857
2026-01-16 10:25:00+00:00,4.14,643.3,284035
2026-01-16 10:26:00+00:00,4.09,633.2,252393
2026-01-16 10:27:00+00:00,3.89,622.8,233414
2026-01-16 10:28:00+00:00,2.75,578.8,158074
2026-01-16 10:29:00+00:00,3.78,636.9,332554
2026-01-16 10:30:00+00:00,3.86,644.2,321583
2026-01-16 10:31:00+00:00,3.93,665.6,248511
2026-01-16 10:32:00+00:00,2.82,603.2,175301
2026-01-16 10:33:00+00:00,3.27,592.6,122420
2026-01-16 10:34:00+00:00,3.46,587.5,103444
2026-01-16 10:35:00+00:00,3.33,595.9,123683
2026-01-16 10:36:00+00:00,3.11,584.0,106566
2026-01-16 10:37:00+00:00,2.85,581.4,101241
2026-01-16 10:38:00+00:00,2.67,588.3,106778
2026-01-16 10:39:00+00:00,2.40,579.8,96097
2026-01-16 10:40:00+00:00,2.17,584.3,117491
2026-01-16 10:41:00+00:00,2.44,606.4,151210
2026-01-16 10:42:00+00:00,2.31,591.9,145417
2026-01-16 10:43:00+00:00,2.53,604.0,235023
2026-01-16 10:44:00+00:00,2.26,553.0,84873
2026-01-16 10:45:00+00:00,2.88,590.8,135284
2026-01-16 10:46:00+00:00,2.70,560.3,95610
2026-01-16 10:47:00+00:00,2.54,602.7,172480
2026-01-16 10:48:00+00:00,2.34,558.1,82471
2026-01-16 10:49:00+00:00,2.61,576.3,152536
2026-01-16 10:50:00+00:00,2.69,588.9,178319
2026-01-16 10:51:00+00:00,2.58,582.4,167995
2026-01-16 10:52:00+00:00,2.58,586.9,187323
2026-01-16 10:53:00+00:00,2.55,591.1,216683
2026-01-16 10:54:00+00:00,2.45,587.2,227947
2026-01-16 10:55:00+00:00,2.42,584.9,228759
2026-01-16 10:56:00+00:00,3.00,613.8,350870
2026-01-16 10:57:00+00:00,2.87,607.4,320279
2026-01-16 10:58:00+00:00,2.49,587.0,226533
2026-01-16 10:59:00+00:00,2.51,578.8,231999
2026-01-16 11:00:00+00:00,2.76,563.5,344989
2026-01-16 11:01:00+00:00,2.65,623.1,440568
2026-01-16 11:02:00+00:00,2.74,595.0,298448
2026-01-16 11:03:00+00:00,1.97,598.0,268454
2026-01-16 11:04:00+00:00,2.01,588.3,262543
2026-01-16 11:05:00+00:00,2.04,598.2,349565
2026-01-16 11:06:00+00:00,2.05,597.6,403822
2026-01-16 11:07:00+00:00,2.07,588.1,345324
2026-01-16 11:08:00+00:00,2.36,594.5,236607
2026-01-16 11:09:00+00:00,2.50,595.1,175413
2026-01-16 11:10:00+00:00,2.49,590.6,171797
2026-01-16 11:11:00+00:00,2.40,576.1,173665
2026-01-16 11:12:00+00:00,2.31,571.5,178000
2026-01-16 11:13:00+00:00,2.56,613.2,200260
2026-01-16 11:14:00+00:00,2.57,591.6,180383
2026-01-16 11:15:00+00:00,2.58,594.4,198239
2026-01-16 11:16:00+00:00,2.25,585.1,259987
2026-01-16 11:17:00+00:00,1.93,629.8,262948
2026-01-16 11:18:00+00:00,1.88,585.2,174279
2026-01-16 11:19:00+00:00,2.11,583.9,178522
2026-01-16 11:20:00+00:00,2.07,592.5,149301
2026-01-16 11:21:00+00:00,1.53,598.0,261782
2026-01-16 11:22:00+00:00,1.37,605.3,304237
2026-01-16 11:23:00+00:00,2.70,606.4,227655
2026-01-16 11:24:00+00:00,3.50,605.1,181419
2026-01-16 11:25:00+00:00,3.53,605.0,172815
2026-01-16 11:26:00+00:00,3.61,614.0,177243
2026-01-16 11:27:00+00:00,3.50,603.1,151080
2026-01-16 11:28:00+00:00,3.15,568.4,88260
2026-01-16 11:29:00+00:00,4.09,614.7,189707
2026-01-16 11:30:00+00:00,4.12,615.7,192895
2026-01-16 11:31:00+00:00,4.35,620.5,209386
2026-01-16 11:32:00+00:00,4.84,619.9,224554
2026-01-16 11:33:00+00:00,2.57,595.3,183471
2026-01-16 11:34:00+00:00,1.93,584.3,117597
2026-01-16 11:35:00+00:00,1.77,565.7,90336
2026-01-16 11:36:00+00:00,2.69,614.7,216186
2026-01-16 11:37:00+00:00,1.90,595.8,172835
2026-01-16 11:38:00+00:00,1.72,610.7,224669
2026-01-16 11:39:00+00:00,1.68,579.5,165867
2026-01-16 11:40:00+00:00,2.28,603.9,180203
2026-01-16 11:41:00+00:00,2.34,620.7,189871
2026-01-16 11:42:00+00:00,1.93,603.2,153087
2026-01-16 11:43:00+00:00,1.85,598.4,139688
2026-01-16 11:44:00+00:00,1.93,599.7,149979
2026-01-16 11:45:00+00:00,2.13,605.2,185306
2026-01-16 11:46:00+00:00,1.96,593.4,152433
2026-01-16 11:47:00+00:00,2.08,604.3,164528
2026-01-16 11:48:00+00:00,3.10,633.9,181234
2026-01-16 11:49:00+00:00,2.13,597.0,110588
2026-01-16 11:50:00+00:00,2.56,598.7,113447
2026-01-16 11:51:00+00:00,2.19,577.2,99167
2026-01-16 11:52:00+00:00,2.21,633.6,188090
2026-01-16 11:53:00+00:00,2.28,611.6,146841
2026-01-16 11:54:00+00:00,2.00,607.2,146904
2026-01-16 11:55:00+00:00,2.34,595.4,146228
2026-01-16 11:56:00+00:00,2.54,610.9,185143
2026-01-16 11:57:00+00:00,2.48,623.7,273808
2026-01-16 11:58:00+00:00,2.52,622.4,337393
2026-01-16 11:59:00+00:00,2.44,615.9,293141
2026-01-16 12:00:00+00:00,2.52,605.4,233839
2026-01-16 12:01:00+00:00,3.22,612.9,298286
2026-01-16 12:02:00+00:00,2.77,571.0,167327
2026-01-16 12:03:00+00:00,2.76,579.0,194244
2026-01-16 12:04:00+00:00,2.68,640.2,398413
2026-01-16 12:05:00+00:00,2.28,655.2,405443
2026-01-16 12:06:00+00:00,1.46,643.1,452532
2026-01-16 12:07:00+00:00,1.64,615.5,211804
2026-01-16 12:08:00+00:00,1.37,628.1,183211
2026-01-16 12:09:00+00:00,1.95,626.3,164800
2026-01-16 12:10:00+00:00,1.42,659.6,518117
2026-01-16 12:11:00+00:00,0.88,648.2,457120
2026-01-16 12:12:00+00:00,0.79,667.9,479925
2026-01-16 12:13:00+00:00,2.12,679.6,434365
2026-01-16 12:14:00+00:00,3.37,671.0,309915
2026-01-16 12:15:00+00:00,3.44,662.0,312433
2026-01-16 12:16:00+00:00,2.90,654.5,320435
2026-01-16 12:17:00+00:00,1.34,673.2,349456
2026-01-16 12:18:00+00:00,0.45,649.5,328314
2026-01-16 12:19:00+00:00,0.55,647.4,323230
2026-01-16 12:20:00+00:00,1.33,678.6,368066
2026-01-16 12:21:00+00:00,2.38,651.8,313889
2026-01-16 12:22:00+00:00,1.05,665.0,357578
2026-01-16 12:23:00+00:00,1.90,608.4,303982
2026-01-16 12:24:00+00:00,1.93,620.0,420031
2026-01-16 12:25:00+00:00,0.44,519.7,130099
2026-01-16 12:26:00+00:00,0.62,583.0,177732
2026-01-16 12:27:00+00:00,1.06,651.4,538963
2026-01-16 12:28:00+00:00,1.98,630.0,537965
2026-01-16 12:29:00+00:00,1.48,588.8,250040
2026-01-16 12:30:00+00:00,0.46,578.2,99046
2026-01-16 12:31:00+00:00,0.67,607.8,320201
2026-01-16 12:32:00+00:00,0.96,651.2,667589
2026-01-16 12:33:00+00:00,0.80,656.3,668107
2026-01-16 12:34:00+00:00,0.71,673.8,638139
2026-01-16 12:35:00+00:00,0.06,513.1,51592
2026-01-16 12:36:00+00:00,0.11,519.8,82544
2026-01-16 12:37:00+00:00,1.00,646.0,670639
2026-01-16 12:38:00+00:00,1.13,655.8,757038
2026-01-16 12:39:00+00:00,1.10,661.7,718887
2026-01-16 12:40:00+00:00,0.83,632.6,275563
2026-01-16 12:41:00+00:00,0.86,669.1,468250
2026-01-16 12:42:00+00:00,0.89,673.0,534185
2026-01-16 12:43:00+00:00,0.79,682.5,676494
2026-01-16 12:44:00+00:00,0.66,666.9,565643
2026-01-16 12:45:00+00:00,0.81,645.2,338857
2026-01-16 12:46:00+00:00,1.01,642.8,254038
2026-01-16 12:47:00+00:00,0.82,664.3,360128
2026-01-16 12:48:00+00:00,0.51,675.1,475046
2026-01-16 12:49:00+00:00,0.55,641.3,359938
2026-01-16 12:50:00+00:00,0.54,654.0,362876
2026-01-16 12:51:00+00:00,0.58,651.1,367096
2026-01-16 12:52:00+00:00,0.94,689.1,464172
2026-01-16 12:53:00+00:00,2.77,623.9,176108
2026-01-16 12:54:00+00:00,1.76,645.0,281530
2026-01-16 12:55:00+00:00,2.13,659.9,252583
2026-01-16 12:56:00+00:00,0.94,655.6,362182
2026-01-16 12:57:00+00:00,1.80,637.6,264019
2026-01-16 12:58:00+00:00,2.07,638.9,179951
2026-01-16 12:59:00+00:00,2.23,649.8,245006
2026-01-16 13:00:00+00:00,3.17,649.0,228095
2026-01-16 13:01:00+00:00,2.25,658.3,366132
2026-01-16 13:02:00+00:00,0.80,673.6,484401
2026-01-16 13:03:00+00:00,0.65,673.8,367319
2026-01-16 13:04:00+00:00,0.60,682.2,285775
2026-01-16 13:05:00+00:00,1.12,699.0,311796
2026-01-16 13:06:00+00:00,1.65,653.6,366861
2026-01-16 13:07:00+00:00,1.60,636.1,345800
2026-01-16 13:08:00+00:00,2.11,,
2026-01-16 13:09:00+00:00,2.11,610.0,234530
2026-01-16 13:10:00+00:00,1.78,658.8,308204
2026-01-16 13:11:00+00:00,1.88,695.2,360920
2026-01-16 13:12:00+00:00,2.37,679.4,298379
2026-01-16 13:13:00+00:00,1.85,680.5,359156
2026-01-16 13:14:00+00:00,1.78,653.9,288018
2026-01-16 13:15:00+00:00,2.03,664.9,292658
2026-01-16 13:16:00+00:00,2.55,675.5,264592
2026-01-16 13:17:00+00:00,3.12,657.9,349775
2026-01-16 13:18:00+00:00,3.80,643.5,398714
2026-01-16 13:19:00+00:00,3.06,659.3,379538
2026-01-16 13:20:00+00:00,0.92,680.7,457401
2026-01-16 13:21:00+00:00,0.61,681.7,440119
2026-01-16 13:22:00+00:00,0.60,669.8,417018
2026-01-16 13:23:00+00:00,0.15,568.9,86312
2026-01-16 13:24:00+00:00,0.91,666.7,423046
2026-01-16 13:25:00+00:00,1.11,680.8,564698
2026-01-16 13:26:00+00:00,0.41,662.8,360125
2026-01-16 13:27:00+00:00,0.40,671.4,382551
2026-01-16 13:28:00+00:00,0.48,656.7,356755
2026-01-16 13:29:00+00:00,0.53,681.5,421275
2026-01-16 13:30:00+00:00,0.64,664.6,377709
2026-01-16 13:31:00+00:00,0.27,586.8,150778
2026-01-16 13:32:00+00:00,1.45,613.2,201905
2026-01-16 13:33:00+00:00,2.43,671.9,277341
2026-01-16 13:34:00+00:00,2.54,700.8,243703
2026-01-16 13:35:00+00:00,1.91,699.2,263896
2026-01-16 13:36:00+00:00,0.67,667.9,297336
2026-01-16 13:37:00+00:00,1.09,672.0,307591
2026-01-16 13:38:00+00:00,2.22,663.3,298159
2026-01-16 13:39:00+00:00,2.09,660.6,284528
2026-01-16 13:40:00+00:00,1.96,638.0,180218
2026-01-16 13:43:00+00:00,0.77,662.0,490877
2026-01-16 13:44:00+00:00,0.79,658.7,416744
2026-01-16 13:45:00+00:00,0.86,668.9,458047
2026-01-16 13:46:00+00:00,0.30,584.2,164746
2026-01-16 13:47:00+00:00,0.53,617.0,289018
2026-01-16 13:48:00+00:00,0.63,647.7,350131
2026-01-16 13:49:00+00:00,0.55,656.4,365370
2026-01-16 13:50:00+00:00,0.69,676.5,508283
2026-01-16 13:51:00+00:00,0.81,670.8,525530
2026-01-16 13:52:00+00:00,0.58,615.9,280079
2026-01-16 13:53:00+00:00,0.28,573.2,103853
2026-01-16 13:54:00+00:00,1.05,643.0,334299
2026-01-16 13:55:00+00:00,1.84,660.0,418026
2026-01-16 13:56:00+00:00,2.20,649.7,361875
2026-01-16 13:57:00+00:00,0.49,653.1,390824
2026-01-16 13:58:00+00:00,1.90,659.6,438980
2026-01-16 13:59:00+00:00,2.03,679.3,526751
2026-01-16 14:00:00+00:00,1.97,647.2,396784
2026-01-16 14:01:00+00:00,1.91,636.7,361999
2026-01-16 14:02:00+00:00,1.90,635.4,359107
2026-01-16 14:03:00+00:00,2.40,675.3,435733
2026-01-16 14:04:00+00:00,2.92,656.9,310333
2026-01-16 14:05:00+00:00,3.30,643.8,220762
2026-01-16 14:06:00+00:00,0.75,698.4,329055
2026-01-16 14:07:00+00:00,0.75,697.5,321175
2026-01-16 14:08:00+00:00,0.64,676.2,297694
2026-01-16 14:09:00+00:00,0.51,647.5,329999
2026-01-16 14:10:00+00:00,0.90,698.5,525132
2026-01-16 14:11:00+00:00,0.97,730.1,615519
2026-01-16 14:12:00+00:00,0.28,675.7,344172
2026-01-16 14:13:00+00:00,0.49,648.9,307896
2026-01-16 14:14:00+00:00,0.49,,
2026-01-16 14:15:00+00:00,0.70,710.6,395438
2026-01-16 14:16:00+00:00,1.20,699.6,293998
2026-01-16 14:17:00+00:00,0.92,693.8,284147
2026-01-16 14:18:00+00:00,0.77,690.6,337602
2026-01-16 14:19:00+00:00,1.92,680.9,307678
2026-01-16 14:20:00+00:00,2.24,674.2,319920
2026-01-16 14:21:00+00:00,2.10,665.0,290384
2026-01-16 14:22:00+00:00,1.87,682.9,281323
2026-01-16 14:23:00+00:00,1.34,703.2,340044
2026-01-16 14:24:00+00:00,1.26,682.4,329946
2026-01-16 14:25:00+00:00,1.46,678.4,281280
2026-01-16 14:26:00+00:00,1.15,690.9,234150
2026-01-16 14:27:00+00:00,2.08,688.0,218696
2026-01-16 14:28:00+00:00,2.43,696.3,362813
2026-01-16 14:29:00+00:00,1.99,684.1,341076
2026-01-16 14:30:00+00:00,1.89,682.7,320599
2026-01-16 14:31:00+00:00,1.93,681.0,307919
2026-01-16 14:32:00+00:00,2.08,680.2,329769
2026-01-16 14:33:00+00:00,1.82,678.4,400698
2026-01-16 14:34:00+00:00,1.03,669.9,357444
2026-01-16 14:35:00+00:00,1.23,662.6,302655
2026-01-16 14:36:00+00:00,1.82,668.5,272690
2026-01-16 14:37:00+00:00,2.27,674.2,272300
2026-01-16 14:38:00+00:00,2.53,677.0,279403
2026-01-16 14:39:00+00:00,2.58,671.4,264001
2026-01-16 14:40:00+00:00,2.50,654.3,239822
2026-01-16 14:41:00+00:00,2.45,650.0,234206
2026-01-16 14:42:00+00:00,2.48,679.3,271409
2026-01-16 14:43:00+00:00,2.48,681.9,280110
2026-01-16 14:44:00+00:00,2.37,693.7,331281
2026-01-16 14:45:00+00:00,0.08,546.3,51798
2026-01-16 14:46:00+00:00,1.27,639.9,267672
2026-01-16 14:47:00+00:00,1.29,641.5,271331
2026-01-16 14:49:00+00:00,1.69,591.8,207966
2026-01-16 14:50:00+00:00,2.45,655.1,332922
2026-01-16 14:51:00+00:00,3.02,680.1,411627
2026-01-16 14:52:00+00:00,4.04,687.4,388903
2026-01-16 14:53:00+00:00,4.35,666.1,310904
2026-01-16 14:54:00+00:00,4.10,649.7,281549
2026-01-16 14:55:00+00:00,4.31,668.0,319610
2026-01-16 14:56:00+00:00,4.13,661.9,305377
2026-01-16 14:57:00+00:00,3.59,636.4,281918
2026-01-16 14:58:00+00:00,4.63,674.7,419762
2026-01-16 14:59:00+00:00,4.13,645.5,196379
2026-01-16 15:00:00+00:00,5.18,660.3,276395
2026-01-16 15:01:00+00:00,3.26,642.5,193660
2026-01-16 15:02:00+00:00,6.62,675.8,412719
2026-01-16 15:03:00+00:00,5.12,636.2,273665
2026-01-16 15:04:00+00:00,3.64,623.1,189568
2026-01-16 15:05:00+00:00,5.31,652.2,255932
2026-01-16 15:06:00+00:00,5.63,668.0,321214
2026-01-16 15:07:00+00:00,4.46,659.4,292524
2026-01-16 15:08:00+00:00,3.24,646.6,226814
2026-01-16 15:09:00+00:00,3.67,658.7,267725
2026-01-16 15:10:00+00:00,4.81,680.6,365822
2026-01-16 15:11:00+00:00,5.02,684.5,360144
2026-01-16 15:12:00+00:00,4.66,676.5,280930
2026-01-16 15:13:00+00:00,4.19,668.5,285216
2026-01-16 15:14:00+00:00,3.91,661.0,318354
2026-01-16 15:15:00+00:00,5.22,670.9,228104
2026-01-16 15:16:00+00:00,4.37,663.9,246875
2026-01-16 15:17:00+00:00,4.79,672.9,315349
2026-01-16 15:18:00+00:00,4.39,685.8,336298
2026-01-16 15:19:00+00:00,2.91,674.6,360617
2026-01-16 15:20:00+00:00,2.78,673.6,362795
2026-01-16 15:22:00+00:00,4.57,670.0,273811
2026-01-16 15:23:00+00:00,4.42,656.0,239277
2026-01-16 15:24:00+00:00,4.62,662.7,243816
2026-01-16 15:25:00+00:00,4.80,672.2,254678
2026-01-16 15:26:00+00:00,4.69,669.5,237911
2026-01-16 15:27:00+00:00,4.67,670.8,246842
2026-01-16 15:28:00+00:00,4.05,666.1,239540
2026-01-16 15:29:00+00:00,1.86,621.1,117942
2026-01-16 15:30:00+00:00,1.08,579.3,92800
2026-01-16 15:31:00+00:00,4.90,671.4,312500
2026-01-16 15:32:00+00:00,3.12,613.8,180526
2026-01-16 15:33:00+00:00,2.84,660.5,266832
2026-01-16 15:34:00+00:00,5.75,665.2,193292
2026-01-16 15:35:00+00:00,2.27,687.0,410482
2026-01-16 15:36:00+00:00,3.81,658.8,261562
2026-01-16 15:37:00+00:00,5.22,695.8,349006
2026-01-16 15:38:00+00:00,4.48,682.3,351307
2026-01-16 15:39:00+00:00,3.44,662.5,257196
2026-01-16 15:40:00+00:00,2.52,646.4,168646
2026-01-16 15:41:00+00:00,3.04,664.9,295179
2026-01-16 15:42:00+00:00,3.24,677.4,415413
2026-01-16 15:43:00+00:00,2.43,664.1,404520
2026-01-16 15:44:00+00:00,2.10,659.6,418915
2026-01-16 15:45:00+00:00,1.57,645.7,332295
2026-01-16 15:46:00+00:00,2.46,651.4,248261
2026-01-16 15:47:00+00:00,2.33,660.0,373416
2026-01-16 15:48:00+00:00,2.25,659.4,331316
2026-01-16 15:49:00+00:00,1.37,666.2,445978
2026-01-16 15:51:00+00:00,2.63,638.2,313148
2026-01-16 15:52:00+00:00,3.11,645.9,272055
2026-01-16 15:53:00+00:00,3.19,647.2,264803
2026-01-16 15:55:00+00:00,4.09,674.9,381873
2026-01-16 15:56:00+00:00,3.34,635.7,295870
2026-01-16 15:57:00+00:00,3.42,648.8,288774
2026-01-16 15:58:00+00:00,3.59,671.6,345420
2026-01-16 16:00:00+00:00,3.09,658.4,430860
2026-01-16 16:01:00+00:00,3.13,659.2,432109
2026-01-16 16:02:00+00:00,3.03,652.6,376261
2026-01-16 16:03:00+00:00,2.01,614.1,111369
2026-01-16 16:04:00+00:00,2.20,624.0,133779
2026-01-16 16:05:00+00:00,1.82,665.1,475197
2026-01-16 16:06:00+00:00,2.02,669.4,396770
2026-01-16 16:07:00+00:00,1.92,657.1,385154
2026-01-16 16:08:00+00:00,2.04,622.8,468122
2026-01-16 16:09:00+00:00,2.70,649.8,399667
2026-01-16 16:10:00+00:00,2.69,679.4,491522
2026-01-16 16:11:00+00:00,2.66,686.2,567572
2026-01-16 16:12:00+00:00,2.20,658.9,456297
2026-01-16 16:13:00+00:00,1.88,646.6,281685
2026-01-16 16:14:00+00:00,2.20,668.3,348745
2026-01-16 16:15:00+00:00,2.68,694.2,451111
2026-01-16 16:16:00+00:00,2.98,697.0,338381
2026-01-16 16:17:00+00:00,3.14,677.3,368945
2026-01-16 16:18:00+00:00,2.91,671.1,404239
2026-01-16 16:19:00+00:00,2.58,652.8,369458
2026-01-16 16:20:00+00:00,2.21,649.1,314938
2026-01-16 16:21:00+00:00,2.69,684.9,299742
2026-01-16 16:22:00+00:00,2.94,725.0,486967
2026-01-16 16:23:00+00:00,3.01,698.2,403199
2026-01-16 16:24:00+00:00,2.07,648.1,231327
2026-01-16 16:25:00+00:00,2.45,679.0,398992
2026-01-16 16:26:00+00:00,2.60,689.8,453371
2026-01-16 16:27:00+00:00,2.23,669.7,283474
2026-01-16 16:28:00+00:00,2.55,683.7,294406
2026-01-16 16:29:00+00:00,2.79,696.2,432226
2026-01-16 16:30:00+00:00,2.83,702.9,575181
2026-01-16 16:31:00+00:00,2.58,690.8,526504
2026-01-16 16:32:00+00:00,2.24,686.9,537592
2026-01-16 16:33:00+00:00,2.63,729.3,764605
2026-01-16 16:34:00+00:00,3.05,701.4,588026
2026-01-16 16:35:00+00:00,3.24,697.3,534891
2026-01-16 16:36:00+00:00,2.67,648.8,386848
2026-01-16 16:37:00+00:00,3.87,729.3,478945
2026-01-16 16:38:00+00:00,4.14,743.4,599112
2026-01-16 16:39:00+00:00,5.14,723.9,612778
2026-01-16 16:40:00+00:00,2.84,668.0,388804
2026-01-16 16:41:00+00:00,2.42,658.4,349093
2026-01-16 16:42:00+00:00,4.79,718.9,598115
2026-01-16 16:43:00+00:00,4.04,702.9,502481
2026-01-16 16:44:00+00:00,3.69,689.0,437343
2026-01-16 16:45:00+00:00,3.29,696.4,470328
2026-01-16 16:46:00+00:00,2.97,706.8,526661
2026-01-16 16:47:00+00:00,2.71,691.2,510131
2026-01-16 16:48:00+00:00,2.52,684.3,512616
2026-01-16 16:49:00+00:00,3.29,719.9,627722
2026-01-16 16:50:00+00:00,3.34,707.3,559797
2026-01-16 16:51:00+00:00,4.33,700.3,466571
2026-01-16 16:52:00+00:00,2.31,649.1,336933
2026-01-16 16:53:00+00:00,3.31,712.0,532511
2026-01-16 16:54:00+00:00,3.79,714.7,538626
2026-01-16 16:55:00+00:00,3.62,724.6,535675
2026-01-16 16:56:00+00:00,3.36,704.2,380110
2026-01-16 16:57:00+00:00,3.80,691.1,355904
2026-01-16 16:58:00+00:00,4.11,705.2,404832
2026-01-16 16:59:00+00:00,4.18,711.7,423826
2026-01-16 17:00:00+00:00,2.62,680.2,435194
2026-01-16 17:01:00+00:00,2.90,694.0,456566
2026-01-16 17:02:00+00:00,3.17,709.5,487152
2026-01-16 17:03:00+00:00,2.88,700.8,484216
2026-01-16 17:04:00+00:00,2.50,703.5,495676
2026-01-16 17:05:00+00:00,2.65,741.9,559203
2026-01-16 17:06:00+00:00,2.44,719.8,529397
2026-01-16 17:07:00+00:00,2.54,722.0,587520
2026-01-16 17:08:00+00:00,1.65,674.6,384789
2026-01-16 17:09:00+00:00,2.33,717.1,481615
2026-01-16 17:10:00+00:00,4.14,749.9,346007
2026-01-16 17:11:00+00:00,3.50,698.6,287096
2026-01-16 17:12:00+00:00,3.78,734.7,371882
2026-01-16 17:13:00+00:00,3.42,707.4,369633
2026-01-16 17:14:00+00:00,3.48,713.1,406702
2026-01-16 17:15:00+00:00,2.46,679.7,373105
2026-01-16 17:16:00+00:00,2.25,712.2,452029
2026-01-16 17:17:00+00:00,3.22,731.3,421111
2026-01-16 17:18:00+00:00,4.05,721.4,366620
2026-01-16 17:19:00+00:00,3.71,706.3,361726
2026-01-16 17:20:00+00:00,3.01,687.4,329728
2026-01-16 17:21:00+00:00,3.50,728.2,444566
2026-01-16 17:22:00+00:00,3.80,714.9,395805
2026-01-16 17:23:00+00:00,4.50,733.1,495609
2026-01-16 17:24:00+00:00,3.28,739.0,361193
2026-01-16 17:25:00+00:00,3.27,737.1,385747
2026-01-16 17:26:00+00:00,3.56,731.8,504179
2026-01-16 17:27:00+00:00,2.38,671.3,331539
2026-01-16 17:28:00+00:00,2.54,703.0,358063
2026-01-16 17:29:00+00:00,3.49,697.8,392502
2026-01-16 17:30:00+00:00,4.06,697.2,476784
2026-01-16 17:31:00+00:00,3.03,665.8,354939
2026-01-16 17:32:00+00:00,2.41,648.3,272975
2026-01-16 17:35:00+00:00,3.85,709.0,412358
2026-01-16 17:36:00+00:00,3.38,706.5,411098
2026-01-16 17:37:00+00:00,3.37,698.8,392867
2026-01-16 17:38:00+00:00,3.37,690.7,332236
2026-01-16 17:39:00+00:00,2.71,655.7,247889
2026-01-16 17:40:00+00:00,0.20,600.9,80718
2026-01-16 17:41:00+00:00,3.25,765.6,302770
2026-01-16 17:42:00+00:00,4.45,712.8,427885
2026-01-16 17:43:00+00:00,2.38,657.9,305161
2026-01-16 17:44:00+00:00,3.15,702.2,464133
2026-01-16 17:45:00+00:00,3.52,727.3,322682
2026-01-16 17:46:00+00:00,3.75,757.7,356675
2026-01-16 17:47:00+00:00,3.79,718.5,283189
2026-01-16 17:48:00+00:00,4.14,732.2,294102
2026-01-16 17:49:00+00:00,4.27,747.3,330844
2026-01-16 17:50:00+00:00,3.97,709.9,270599
2026-01-16 17:51:00+00:00,3.49,709.0,273729
2026-01-16 17:52:00+00:00,3.15,740.2,363752
2026-01-16 17:53:00+00:00,3.48,710.8,339929
2026-01-16 17:54:00+00:00,4.05,715.0,327032
2026-01-16 17:55:00+00:00,3.81,676.0,275777
2026-01-16 17:56:00+00:00,3.95,719.5,510735
2026-01-16 17:57:00+00:00,3.48,684.4,317995
2026-01-16 17:58:00+00:00,3.35,712.1,283047
2026-01-16 17:59:00+00:00,3.27,666.0,229240
2026-01-16 18:00:00+00:00,4.06,721.8,449254
2026-01-16 18:01:00+00:00,3.85,686.0,313524
2026-01-16 18:02:00+00:00,1.31,622.6,109133
2026-01-16 18:03:00+00:00,2.54,665.6,223681
2026-01-16 18:04:00+00:00,3.98,707.8,348893
2026-01-16 18:05:00+00:00,4.17,713.7,370571
2026-01-16 18:06:00+00:00,3.43,641.3,191407
2026-01-16 18:07:00+00:00,3.59,676.0,272116
2026-01-16 18:08:00+00:00,3.89,729.8,380596
2026-01-16 18:09:00+00:00,4.02,724.4,339288
2026-01-16 18:10:00+00:00,3.90,704.3,331783
2026-01-16 18:11:00+00:00,3.21,638.0,255451
2026-01-16 18:12:00+00:00,3.70,707.9,412051
2026-01-16 18:13:00+00:00,3.35,707.9,370646
2026-01-16 18:14:00+00:00,2.21,696.1,316577
2026-01-16 18:15:00+00:00,2.73,671.3,259694
2026-01-16 18:16:00+00:00,2.80,697.1,284571
2026-01-16 18:17:00+00:00,3.12,702.9,489297
2026-01-16 18:18:00+00:00,2.74,675.3,471973
2026-01-16 18:19:00+00:00,2.45,683.6,409672
2026-01-16 18:20:00+00:00,3.39,686.8,411207
2026-01-16 18:21:00+00:00,3.73,687.3,487197
2026-01-16 18:22:00+00:00,3.07,669.0,448487
2026-01-16 18:23:00+00:00,3.09,666.4,355776
2026-01-16 18:24:00+00:00,3.73,706.1,415034
2026-01-16 18:25:00+00:00,3.77,698.9,443662
2026-01-16 18:26:00+00:00,3.78,688.3,397190
2026-01-16 18:27:00+00:00,3.40,667.9,354781
2026-01-16 18:28:00+00:00,3.27,717.9,486740
2026-01-16 18:29:00+00:00,3.88,696.3,345665
2026-01-16 18:30:00+00:00,3.16,689.8,417498
2026-01-16 18:31:00+00:00,3.03,683.6,381645
2026-01-16 18:32:00+00:00,3.40,704.1,450678
2026-01-16 18:33:00+00:00,3.24,696.1,481519
2026-01-16 18:34:00+00:00,2.62,658.4,351900
2026-01-16 18:35:00+00:00,2.44,685.2,451564
2026-01-16 18:36:00+00:00,2.77,705.9,494308
2026-01-16 18:37:00+00:00,3.24,706.7,453584
2026-01-16 18:38:00+00:00,3.47,708.0,441934
2026-01-16 18:39:00+00:00,2.08,666.7,262560
2026-01-16 18:40:00+00:00,2.19,684.6,349474
2026-01-16 18:41:00+00:00,2.38,716.4,484322
2026-01-16 18:42:00+00:00,2.20,695.0,323245
2026-01-16 18:43:00+00:00,2.15,692.3,339632
2026-01-16 18:44:00+00:00,2.14,706.1,552495
2026-01-16 18:45:00+00:00,3.09,695.4,339433
2026-01-16 18:46:00+00:00,2.09,673.4,271980
2026-01-16 18:47:00+00:00,1.86,718.3,400549
2026-01-16 18:48:00+00:00,0.32,617.2,101018
2026-01-16 18:49:00+00:00,1.06,700.7,282121
2026-01-16 18:50:00+00:00,1.48,709.1,412278
2026-01-16 18:51:00+00:00,1.78,731.4,458312
2026-01-16 18:52:00+00:00,1.88,754.0,339149
2026-01-16 18:53:00+00:00,2.39,763.6,325455
2026-01-16 18:55:00+00:00,2.42,789.4,400591
2026-01-16 18:56:00+00:00,1.62,800.9,431966
2026-01-16 18:57:00+00:00,1.66,760.4,392195
2026-01-16 18:58:00+00:00,2.79,723.0,305171
2026-01-16 18:59:00+00:00,3.01,721.1,318621
2026-01-16 19:00:00+00:00,3.50,694.9,205230
2026-01-16 19:01:00+00:00,2.93,740.5,228575
2026-01-16 19:02:00+00:00,3.33,735.9,295788
2026-01-16 19:03:00+00:00,0.32,612.6,62961
2026-01-16 19:04:00+00:00,3.48,734.0,339251
2026-01-16 19:06:00+00:00,2.67,672.1,307503
2026-01-16 19:07:00+00:00,2.87,701.1,434385
2026-01-16 19:08:00+00:00,2.58,716.9,563157
2026-01-16 19:09:00+00:00,2.67,698.7,508076
2026-01-16 19:10:00+00:00,3.13,686.3,427371
2026-01-16 19:11:00+00:00,3.06,684.4,426513
2026-01-16 19:12:00+00:00,2.88,681.1,402330
2026-01-16 19:13:00+00:00,3.12,704.8,410726
2026-01-16 19:14:00+00:00,3.81,780.1,438667
2026-01-16 19:15:00+00:00,3.26,780.8,405450
2026-01-16 19:16:00+00:00,0.47,644.6,80537
2026-01-16 19:17:00+00:00,7.89,783.9,449181
2026-01-16 19:18:00+00:00,3.98,735.1,394195
2026-01-16 19:19:00+00:00,3.96,753.1,445527
2026-01-16 19:20:00+00:00,3.57,702.9,301621
2026-01-16 19:21:00+00:00,3.68,708.0,338382
2026-01-16 19:22:00+00:00,3.28,679.8,386626
2026-01-16 19:23:00+00:00,3.92,707.0,582609
2026-01-16 19:24:00+00:00,2.13,666.2,313841
2026-01-16 19:25:00+00:00,1.61,649.1,195220
2026-01-16 19:26:00+00:00,2.96,694.4,461672
2026-01-16 19:27:00+00:00,3.03,708.3,496663
2026-01-16 19:28:00+00:00,2.65,694.7,360981
2026-01-16 19:29:00+00:00,2.95,686.4,465127
2026-01-16 19:30:00+00:00,3.13,657.1,411871
2026-01-16 19:31:00+00:00,4.30,720.8,693755
2026-01-16 19:32:00+00:00,3.21,720.6,539218
2026-01-16 19:33:00+00:00,3.24,690.7,531540
2026-01-16 19:34:00+00:00,2.41,692.2,387702
2026-01-16 19:35:00+00:00,2.52,713.9,463486
2026-01-16 19:36:00+00:00,3.46,724.3,662141
2026-01-16 19:37:00+00:00,3.32,701.3,617398
2026-01-16 19:38:00+00:00,3.42,692.1,464520
2026-01-16 19:39:00+00:00,3.55,695.1,471545
2026-01-16 19:40:00+00:00,3.52,689.8,472059
2026-01-16 19:41:00+00:00,3.14,661.7,394473
2026-01-16 19:42:00+00:00,2.93,671.4,407115
2026-01-16 19:43:00+00:00,3.24,709.6,491318
2026-01-16 19:44:00+00:00,3.55,710.0,500188
2026-01-16 19:47:00+00:00,3.06,706.6,502804
2026-01-16 19:48:00+00:00,3.09,691.5,387394
2026-01-16 19:49:00+00:00,2.62,687.0,459996
2026-01-16 19:50:00+00:00,3.15,689.5,427010
2026-01-16 19:51:00+00:00,3.20,697.9,452236
2026-01-16 19:52:00+00:00,2.92,701.0,476638
2026-01-16 19:53:00+00:00,4.40,650.5,401195
2026-01-16 19:54:00+00:00,3.12,662.1,378827
2026-01-16 19:55:00+00:00,2.94,695.0,493054
2026-01-16 19:56:00+00:00,3.43,695.2,447774
2026-01-16 19:57:00+00:00,3.46,668.5,342352
2026-01-16 19:58:00+00:00,3.40,665.2,332977
2026-01-16 19:59:00+00:00,3.60,691.0,408475
2026-01-16 20:00:00+00:00,3.70,700.4,484060
2026-01-16 20:01:00+00:00,3.35,684.5,413840
2026-01-16 20:02:00+00:00,3.14,675.7,283143
2026-01-16 20:03:00+00:00,3.29,692.9,344308
2026-01-16 20:04:00+00:00,3.64,713.0,460764
2026-01-16 20:05:00+00:00,3.43,668.2,267900
2026-01-16 20:06:00+00:00,4.17,737.2,474738
2026-01-16 20:07:00+00:00,3.19,721.5,398267
2026-01-16 20:08:00+00:00,3.57,718.7,390194
2026-01-16 20:09:00+00:00,3.02,671.7,278073
2026-01-16 20:10:00+00:00,3.39,707.4,397604
2026-01-16 20:11:00+00:00,3.18,743.4,473493
2026-01-16 20:12:00+00:00,2.84,751.4,599400
2026-01-16 20:13:00+00:00,2.99,701.9,453757
2026-01-16 20:14:00+00:00,4.83,680.2,371157
2026-01-16 20:15:00+00:00,5.43,711.5,508358
2026-01-16 20:16:00+00:00,3.17,701.6,427057
2026-01-16 20:17:00+00:00,3.14,673.4,334890
2026-01-16 20:18:00+00:00,7.39,676.1,380389
2026-01-16 20:19:00+00:00,6.94,680.3,394780
2026-01-16 20:20:00+00:00,3.49,708.5,490758
2026-01-16 20:21:00+00:00,2.13,642.3,244006
2026-01-16 20:22:00+00:00,2.52,701.7,353816
2026-01-16 20:23:00+00:00,2.74,733.2,500411
2026-01-16 20:24:00+00:00,3.28,707.2,361310
2026-01-16 20:25:00+00:00,2.98,659.2,242968
2026-01-16 20:26:00+00:00,2.88,681.2,323929
2026-01-16 20:27:00+00:00,3.01,705.9,427468
2026-01-16 20:28:00+00:00,3.66,698.8,445682
2026-01-16 20:29:00+00:00,3.39,670.4,362748
2026-01-16 20:30:00+00:00,3.24,677.2,403154
2026-01-16 20:31:00+00:00,3.71,700.6,492803
2026-01-16 20:32:00+00:00,3.28,674.8,388316
2026-01-16 20:33:00+00:00,2.78,641.6,309969
2026-01-16 20:34:00+00:00,3.39,701.4,487880
2026-01-16 20:35:00+00:00,3.41,701.5,489555
2026-01-16 20:36:00+00:00,3.48,699.9,492653
2026-01-16 20:37:00+00:00,2.90,653.3,310560
2026-01-16 20:38:00+00:00,2.90,,
2026-01-16 20:39:00+00:00,2.82,700.0,444709
2026-01-16 20:40:00+00:00,2.96,703.8,411449
2026-01-16 20:41:00+00:00,2.55,655.2,296136
2026-01-16 20:42:00+00:00,2.26,685.8,473109
2026-01-16 20:43:00+00:00,2.01,694.4,455300
2026-01-16 20:44:00+00:00,2.13,686.8,431027
2026-01-16 20:45:00+00:00,1.93,678.9,403700
2026-01-16 20:46:00+00:00,2.24,683.7,456660
2026-01-16 20:47:00+00:00,2.52,691.6,491363
2026-01-16 20:48:00+00:00,1.67,702.6,391042
2026-01-16 20:49:00+00:00,2.12,739.3,473839
2026-01-16 20:50:00+00:00,3.78,730.2,483235
2026-01-16 20:51:00+00:00,3.78,719.8,465695
2026-01-16 20:52:00+00:00,3.75,716.0,453796
2026-01-16 20:53:00+00:00,3.12,643.0,227714
2026-01-16 20:54:00+00:00,2.60,688.1,312113
2026-01-16 20:55:00+00:00,2.77,706.9,401372
2026-01-16 20:56:00+00:00,2.93,688.0,394828
2026-01-16 20:57:00+00:00,2.01,632.5,328535
2026-01-16 20:58:00+00:00,2.43,652.0,375059
2026-01-16 20:59:00+00:00,2.62,663.3,397691
2026-01-16 21:00:00+00:00,2.30,662.0,370181
2026-01-16 21:01:00+00:00,2.25,688.8,480694
2026-01-16 21:02:00+00:00,2.50,702.5,587869
2026-01-16 21:03:00+00:00,2.60,695.7,626015
2026-01-16 21:04:00+00:00,2.31,688.4,647861
2026-01-16 21:05:00+00:00,1.90,659.3,544762
2026-01-16 21:06:00+00:00,2.21,691.8,668311
2026-01-16 21:07:00+00:00,2.32,692.6,680650
2026-01-16 21:08:00+00:00,2.49,685.8,637218
2026-01-16 21:09:00+00:00,1.89,647.5,471171
2026-01-16 21:10:00+00:00,2.09,691.0,648900
2026-01-16 21:11:00+00:00,2.32,701.4,731220
2026-01-16 21:12:00+00:00,1.98,679.2,560523
2026-01-16 21:13:00+00:00,2.35,686.8,575462
2026-01-16 21:14:00+00:00,2.44,685.0,569901
2026-01-16 21:15:00+00:00,2.47,685.6,568420
2026-01-16 21:16:00+00:00,2.27,649.3,470934
2026-01-16 21:17:00+00:00,2.43,670.2,529228
2026-01-16 21:18:00+00:00,2.69,710.9,673516
2026-01-16 21:19:00+00:00,2.78,704.9,674431
2026-01-16 21:20:00+00:00,2.74,680.1,561042
2026-01-16 21:21:00+00:00,2.17,647.3,462255
2026-01-16 21:22:00+00:00,2.41,701.1,662724
2026-01-16 21:23:00+00:00,2.65,714.5,841196
2026-01-16 21:24:00+00:00,2.51,,
2026-01-16 21:25:00+00:00,2.51,679.1,602838
2026-01-16 21:26:00+00:00,2.88,681.4,623785
2026-01-16 21:27:00+00:00,3.15,692.2,672383
2026-01-16 21:28:00+00:00,2.18,644.3,475536
2026-01-16 21:29:00+00:00,2.52,694.0,668718
2026-01-16 21:30:00+00:00,2.94,688.8,627418
2026-01-16 21:31:00+00:00,3.01,675.4,561038
2026-01-16 21:32:00+00:00,4.03,650.1,549547
2026-01-16 21:33:00+00:00,2.41,601.8,289370
2026-01-16 21:34:00+00:00,1.39,612.3,269833
2026-01-16 21:35:00+00:00,2.82,674.6,594381
2026-01-16 21:36:00+00:00,2.62,685.2,649797
2026-01-16 21:37:00+00:00,2.47,672.9,621790
2026-01-16 21:38:00+00:00,2.63,694.0,632487
2026-01-16 21:39:00+00:00,2.27,670.4,374205
2026-01-16 21:40:00+00:00,2.50,651.0,436543
2026-01-16 21:41:00+00:00,3.58,672.9,223042
2026-01-16 21:42:00+00:00,3.00,686.0,563609
2026-01-16 21:43:00+00:00,5.11,659.2,499740
2026-01-16 21:44:00+00:00,2.68,646.9,502400
2026-01-16 21:45:00+00:00,0.51,562.8,138176
2026-01-16 21:46:00+00:00,2.03,644.9,425539
2026-01-16 21:47:00+00:00,2.51,675.8,366709
2026-01-16 21:48:00+00:00,2.22,657.1,370547
2026-01-16 21:49:00+00:00,2.35,684.4,525097
2026-01-16 21:50:00+00:00,2.28,715.1,623004
2026-01-16 21:51:00+00:00,2.11,692.4,594492
2026-01-16 21:52:00+00:00,1.66,637.3,347064
2026-01-16 21:53:00+00:00,0.57,610.6,198391
2026-01-16 21:54:00+00:00,1.96,695.2,616011
2026-01-16 21:55:00+00:00,2.81,684.0,483999
2026-01-16 21:56:00+00:00,2.20,669.2,486760
2026-01-16 21:58:00+00:00,2.51,698.9,402140
2026-01-16 21:59:00+00:00,2.83,711.1,571932
2026-01-16 22:00:00+00:00,2.78,694.5,468162
2026-01-16 22:01:00+00:00,3.02,706.2,526017
2026-01-16 22:02:00+00:00,2.77,707.1,471719
2026-01-16 22:03:00+00:00,2.40,701.2,472243
2026-01-16 22:04:00+00:00,2.35,688.0,466237
2026-01-16 22:05:00+00:00,2.68,694.1,496515
2026-01-16 22:06:00+00:00,2.72,689.8,473953
2026-01-16 22:07:00+00:00,2.49,675.2,427208
2026-01-16 22:08:00+00:00,2.71,691.8,466693
2026-01-16 22:09:00+00:00,3.77,700.7,449111
2026-01-16 22:10:00+00:00,5.21,693.7,494515
2026-01-16 22:11:00+00:00,2.73,730.8,517848
2026-01-16 22:12:00+00:00,2.50,674.3,295051
2026-01-16 22:13:00+00:00,3.16,711.9,467699
2026-01-16 22:14:00+00:00,3.31,733.6,582714
2026-01-16 22:15:00+00:00,3.07,698.7,408205
2026-01-16 22:16:00+00:00,2.71,677.2,369497
2026-01-16 22:17:00+00:00,2.61,700.7,449026
2026-01-16 22:18:00+00:00,2.67,725.4,547041
2026-01-16 22:19:00+00:00,2.32,687.3,456923
2026-01-16 22:20:00+00:00,2.60,692.8,476992
2026-01-16 22:21:00+00:00,2.93,709.4,498738
2026-01-16 22:22:00+00:00,2.69,708.2,454825
2026-01-16 22:23:00+00:00,2.54,686.6,405004
2026-01-16 22:24:00+00:00,2.85,669.4,392968
2026-01-16 22:25:00+00:00,3.16,721.9,511774
2026-01-16 22:26:00+00:00,3.11,726.6,528696
2026-01-16 22:27:00+00:00,2.88,723.7,526931
2026-01-16 22:28:00+00:00,3.12,686.8,424248
2026-01-16 22:29:00+00:00,2.22,682.4,385833
2026-01-16 22:30:00+00:00,2.22,,
2026-01-16 22:31:00+00:00,1.91,642.9,273668
2026-01-16 22:32:00+00:00,2.47,690.3,473833
2026-01-16 22:33:00+00:00,2.70,683.2,404574
2026-01-16 22:34:00+00:00,2.60,665.2,313753
2026-01-16 22:35:00+00:00,2.36,659.6,355851
2026-01-16 22:36:00+00:00,2.76,686.3,464401
2026-01-16 22:37:00+00:00,2.85,706.1,543042
2026-01-16 22:38:00+00:00,2.70,697.9,525846
2026-01-16 22:39:00+00:00,2.64,681.3,441106
2026-01-16 22:40:00+00:00,2.51,686.1,435779
2026-01-16 22:41:00+00:00,2.83,714.2,539710
2026-01-16 22:42:00+00:00,2.81,700.4,517104
2026-01-16 22:43:00+00:00,2.17,677.8,403348
2026-01-16 22:44:00+00:00,1.47,661.1,362189
2026-01-16 22:45:00+00:00,4.05,742.5,1023252
2026-01-16 22:46:00+00:00,2.93,702.7,562207
2026-01-16 22:47:00+00:00,2.72,695.4,481195
2026-01-16 22:48:00+00:00,2.64,683.0,525859
2026-01-16 22:49:00+00:00,2.89,678.6,508009
2026-01-16 22:50:00+00:00,2.87,677.7,526176
2026-01-16 22:51:00+00:00,2.68,677.8,511964
2026-01-16 22:52:00+00:00,2.76,678.6,486752
2026-01-16 22:53:00+00:00,2.64,677.1,452984
2026-01-16 22:54:00+00:00,2.77,677.9,445998
2026-01-16 22:55:00+00:00,2.99,682.3,468689
2026-01-16 22:56:00+00:00,2.84,681.0,484371
2026-01-16 22:57:00+00:00,3.24,673.1,496322
2026-01-16 22:58:00+00:00,3.14,670.5,436084
2026-01-16 22:59:00+00:00,2.49,669.1,354861
2026-01-16 23:00:00+00:00,3.00,673.9,441250
2026-01-16 23:01:00+00:00,3.08,675.0,500996
2026-01-16 23:02:00+00:00,2.76,671.9,462826
2026-01-16 23:03:00+00:00,2.75,671.8,462179
2026-01-16 23:04:00+00:00,2.51,675.7,479078
2026-01-16 23:05:00+00:00,2.90,677.2,496148
2026-01-16 23:06:00+00:00,2.42,671.4,478809
2026-01-16 23:07:00+00:00,2.23,671.4,463317
2026-01-16 23:08:00+00:00,2.19,674.7,451506
2026-01-16 23:09:00+00:00,2.06,676.5,453561
2026-01-16 23:10:00+00:00,2.17,679.7,431186
2026-01-16 23:11:00+00:00,2.27,683.5,413346
2026-01-16 23:12:00+00:00,2.08,682.4,466657
2026-01-16 23:13:00+00:00,2.05,677.2,503318
2026-01-16 23:14:00+00:00,1.98,670.2,454161
2026-01-16 23:15:00+00:00,2.02,671.1,419024
2026-01-16 23:16:00+00:00,2.52,665.0,389571
2026-01-16 23:17:00+00:00,2.41,665.7,427254
2026-01-16 23:18:00+00:00,2.55,680.1,395670
2026-01-16 23:19:00+00:00,2.82,671.1,398340
2026-01-16 23:20:00+00:00,2.67,678.1,425238
2026-01-16 23:21:00+00:00,2.74,673.9,402313
2026-01-16 23:22:00+00:00,2.77,673.1,402947
2026-01-16 23:23:00+00:00,3.00,673.5,412744
2026-01-16 23:24:00+00:00,3.11,670.3,373750
2026-01-16 23:25:00+00:00,3.03,674.2,410544
2026-01-16 23:26:00+00:00,3.16,678.7,481452
2026-01-16 23:27:00+00:00,3.50,678.0,490121
2026-01-16 23:28:00+00:00,3.69,678.2,482954
2026-01-16 23:29:00+00:00,3.64,675.9,476448
2026-01-16 23:30:00+00:00,3.31,676.1,484564
2026-01-16 23:31:00+00:00,3.79,676.2,456713
2026-01-16 23:32:00+00:00,3.92,673.4,453061
2026-01-16 23:33:00+00:00,3.78,675.3,457369
2026-01-16 23:34:00+00:00,3.79,675.8,456172
2026-01-16 23:35:00+00:00,3.65,675.8,454099
2026-01-16 23:36:00+00:00,3.63,675.8,453912
2026-01-16 23:37:00+00:00,3.82,675.8,434843
2026-01-16 23:38:00+00:00,3.93,678.4,436606
2026-01-16 23:39:00+00:00,3.79,675.8,438802
2026-01-16 23:40:00+00:00,3.58,676.1,465343
2026-01-16 23:41:00+00:00,3.61,676.7,467157
2026-01-16 23:42:00+00:00,3.74,676.5,456267
2026-01-16 23:43:00+00:00,3.78,676.7,461513
2026-01-16 23:44:00+00:00,3.86,675.9,462868
2026-01-16 23:45:00+00:00,3.92,676.7,463132
2026-01-16 23:46:00+00:00,3.85,678.4,447866
2026-01-16 23:47:00+00:00,4.04,683.7,440140
2026-01-16 23:48:00+00:00,2.73,684.5,489154
2026-01-16 23:49:00+00:00,3.25,682.6,443289
2026-01-16 23:50:00+00:00,3.62,679.5,455458
2026-01-16 23:51:00+00:00,3.94,678.6,439943
2026-01-16 23:52:00+00:00,4.12,682.6,425666
2026-01-16 23:53:00+00:00,4.79,699.0,455179
2026-01-16 23:54:00+00:00,4.57,691.8,438094
